# Run number  3 on Wed 2026-05-27T10:05:23 BST
# Time (s)      T1w (C)       T2w (C)       T1a (C)       T2a (C)       T1r (C)       T2r (C)       T3r (C)       T4r (C)       P1 (bar)      P2 (bar)      Ic (amp)      Qc (l/min)    
 3.0630E-01    5.1599E+01    5.9368E+01    2.5407E+01    1.9662E+01    1.7219E+01    7.7436E+01    5.6202E+01    1.8678E+01    4.9808E+00    1.8912E+01    7.3571E+00    1.2074E+01   
 8.5494E-01    5.1585E+01    5.9363E+01    2.5407E+01    1.9737E+01    1.7154E+01    7.7473E+01    5.6216E+01    1.8630E+01    4.9604E+00    1.8953E+01    7.5209E+00    1.2039E+01   
 1.3754E+00    5.1600E+01    5.9368E+01    2.5580E+01    1.9679E+01    1.7154E+01    7.7495E+01    5.6131E+01    1.8551E+01    4.9604E+00    1.8932E+01    7.3518E+00    1.2056E+01   
 1.8756E+00    5.1586E+01    5.9397E+01    2.5512E+01    1.9671E+01    1.7118E+01    7.7565E+01    5.6079E+01    1.8502E+01    4.9604E+00    1.8953E+01    7.3677E+00    1.2039E+01   
 2.3758E+00    5.1586E+01    5.9397E+01    2.5434E+01    1.9671E+01    1.7069E+01    7.7599E+01    5.6016E+01    1.8502E+01    4.9604E+00    1.8953E+01    7.3782E+00    1.2074E+01   
 2.8761E+00    5.1603E+01    5.9399E+01    2.5361E+01    1.9623E+01    1.7025E+01    7.7599E+01    5.5949E+01    1.8439E+01    4.9400E+00    1.9116E+01    7.5051E+00    1.2056E+01   
 3.3764E+00    5.1603E+01    5.9389E+01    2.5361E+01    1.9580E+01    1.6970E+01    7.7629E+01    5.5949E+01    1.8398E+01    4.9604E+00    1.9034E+01    7.6161E+00    1.2056E+01   
 3.8767E+00    5.1613E+01    5.9413E+01    2.5237E+01    1.9638E+01    1.6985E+01    7.7666E+01    5.5883E+01    1.8338E+01    4.9604E+00    1.8891E+01    7.3624E+00    1.2056E+01   
 4.3769E+00    5.1598E+01    5.9413E+01    2.5241E+01    1.9614E+01    1.6945E+01    7.7695E+01    5.5796E+01    1.8237E+01    4.9196E+00    1.8993E+01    7.5949E+00    1.2056E+01   
 4.8772E+00    5.1596E+01    5.9407E+01    2.5188E+01    1.9614E+01    1.6913E+01    7.7714E+01    5.5741E+01    1.8237E+01    4.9196E+00    1.8912E+01    7.6108E+00    1.2074E+01   
 5.3777E+00    5.1605E+01    5.9417E+01    2.5212E+01    1.9531E+01    1.6871E+01    7.7714E+01    5.5673E+01    1.8188E+01    4.9196E+00    1.9116E+01    7.5051E+00    1.2109E+01   
 5.8780E+00    5.1605E+01    5.9416E+01    2.5212E+01    1.9502E+01    1.6845E+01    7.7742E+01    5.5673E+01    1.8132E+01    4.9196E+00    1.8973E+01    7.3730E+00    1.2091E+01   
 6.3783E+00    5.1615E+01    5.9418E+01    2.5275E+01    1.9414E+01    1.6845E+01    7.7790E+01    5.5610E+01    1.8080E+01    4.9196E+00    1.8912E+01    7.3360E+00    1.2056E+01   
 6.8786E+00    5.1635E+01    5.9433E+01    2.5296E+01    1.9412E+01    1.6842E+01    7.7829E+01    5.5569E+01    1.8027E+01    4.8993E+00    1.8953E+01    7.6002E+00    1.2056E+01   
 7.3789E+00    5.1620E+01    5.9417E+01    2.5226E+01    1.9412E+01    1.6844E+01    7.7852E+01    5.5503E+01    1.8027E+01    4.8993E+00    1.9116E+01    7.3360E+00    1.2091E+01   
 7.8792E+00    5.1620E+01    5.9405E+01    2.5268E+01    1.9336E+01    1.6858E+01    7.7852E+01    5.5441E+01    1.7966E+01    4.8585E+00    1.8912E+01    7.3782E+00    1.2109E+01   
 8.3795E+00    5.1620E+01    5.9400E+01    2.5268E+01    1.9299E+01    1.6876E+01    7.7899E+01    5.5441E+01    1.7905E+01    4.8789E+00    1.9095E+01    7.3835E+00    1.2039E+01   
 8.9626E+00    5.1602E+01    5.9389E+01    2.5277E+01    1.9293E+01    1.6931E+01    7.7903E+01    5.5393E+01    1.7850E+01    4.8585E+00    1.8932E+01    7.3571E+00    1.2074E+01   
 9.4629E+00    5.1607E+01    5.9400E+01    2.5288E+01    1.9206E+01    1.6931E+01    7.7922E+01    5.5322E+01    1.7818E+01    4.8178E+00    1.9055E+01    7.5474E+00    1.2074E+01   
 9.9634E+00    5.1598E+01    5.9400E+01    2.5287E+01    1.9206E+01    1.6987E+01    7.7942E+01    5.5275E+01    1.7818E+01    4.8382E+00    1.8993E+01    7.3782E+00    1.2091E+01   
 1.0464E+01    5.1606E+01    5.9387E+01    2.5221E+01    1.9135E+01    1.7040E+01    7.7942E+01    5.5221E+01    1.7773E+01    4.8382E+00    1.9055E+01    7.3201E+00    1.2091E+01   
 1.1074E+01    5.1611E+01    5.9380E+01    2.5210E+01    1.9172E+01    1.7102E+01    7.7927E+01    5.5166E+01    1.7700E+01    4.8178E+00    1.9075E+01    7.5421E+00    1.2056E+01   
 1.1574E+01    5.1611E+01    5.9364E+01    2.5210E+01    1.9060E+01    1.7174E+01    7.7930E+01    5.5166E+01    1.7633E+01    4.8382E+00    1.8871E+01    7.5579E+00    1.2091E+01   
 1.2074E+01    5.1623E+01    5.9378E+01    2.5264E+01    1.9060E+01    1.7174E+01    7.7937E+01    5.5127E+01    1.7607E+01    4.8382E+00    1.8830E+01    7.4364E+00    1.2074E+01   
 1.2575E+01    5.1621E+01    5.9373E+01    2.5296E+01    1.9048E+01    1.7249E+01    7.7976E+01    5.5104E+01    1.7575E+01    4.8178E+00    1.9014E+01    7.3095E+00    1.2109E+01   
 1.3194E+01    5.1610E+01    5.9373E+01    2.5262E+01    1.9072E+01    1.7334E+01    7.7981E+01    5.5071E+01    1.7583E+01    4.8178E+00    1.8891E+01    7.5474E+00    1.2074E+01   
 1.3694E+01    5.1626E+01    5.9360E+01    2.5250E+01    1.9072E+01    1.7413E+01    7.7996E+01    5.5069E+01    1.7583E+01    4.7770E+00    1.8790E+01    7.4417E+00    1.2109E+01   
 1.4195E+01    5.1600E+01    5.9334E+01    2.5185E+01    1.9068E+01    1.7484E+01    7.7996E+01    5.5067E+01    1.7576E+01    4.7770E+00    1.8790E+01    7.2672E+00    1.2074E+01   
 1.4695E+01    5.1600E+01    5.9298E+01    2.5185E+01    1.8975E+01    1.7592E+01    7.8023E+01    5.5067E+01    1.7558E+01    4.7770E+00    1.8932E+01    7.4945E+00    1.2004E+01   
 1.5290E+01    5.1581E+01    5.9277E+01    2.5197E+01    1.8938E+01    1.7678E+01    7.8073E+01    5.5066E+01    1.7568E+01    4.7770E+00    1.8728E+01    7.2514E+00    1.2074E+01   
# Time (s)      T1w (C)       T2w (C)       T1a (C)       T2a (C)       T1r (C)       T2r (C)       T3r (C)       T4r (C)       P1 (bar)      P2 (bar)      Ic (amp)      Qc (l/min)    
 1.5790E+01    5.1583E+01    5.9251E+01    2.5205E+01    1.9031E+01    1.7678E+01    7.8096E+01    5.5076E+01    1.7548E+01    4.7770E+00    1.8891E+01    7.2461E+00    1.2056E+01   
 1.6291E+01    5.1613E+01    5.9251E+01    2.5172E+01    1.9031E+01    1.7778E+01    7.8143E+01    5.5076E+01    1.7548E+01    4.7974E+00    1.8891E+01    7.2461E+00    1.2039E+01   
 1.6791E+01    5.1578E+01    5.9224E+01    2.5152E+01    1.8965E+01    1.7866E+01    7.8161E+01    5.5080E+01    1.7538E+01    4.7567E+00    1.8647E+01    7.4945E+00    1.2039E+01   
 1.7394E+01    5.1612E+01    5.9218E+01    2.5095E+01    1.8886E+01    1.7955E+01    7.8161E+01    5.5114E+01    1.7510E+01    4.7974E+00    1.8647E+01    7.2408E+00    1.2091E+01   
 1.7895E+01    5.1612E+01    5.9199E+01    2.5078E+01    1.8928E+01    1.8052E+01    7.8192E+01    5.5130E+01    1.7516E+01    4.7974E+00    1.8708E+01    7.3624E+00    1.2091E+01   
 1.8395E+01    5.1603E+01    5.9190E+01    2.5078E+01    1.8965E+01    1.8162E+01    7.8224E+01    5.5130E+01    1.7540E+01    4.7770E+00    1.8851E+01    7.2303E+00    1.2143E+01   
 1.8896E+01    5.1597E+01    5.9159E+01    2.5128E+01    1.9012E+01    1.8162E+01    7.8263E+01    5.5180E+01    1.7574E+01    4.7770E+00    1.8667E+01    7.4364E+00    1.2109E+01   
 1.9482E+01    5.1620E+01    5.9159E+01    2.5170E+01    1.8932E+01    1.8250E+01    7.8294E+01    5.5227E+01    1.7601E+01    4.7974E+00    1.8790E+01    7.4892E+00    1.2109E+01   
 1.9983E+01    5.1596E+01    5.9135E+01    2.5175E+01    1.8917E+01    1.8361E+01    7.8310E+01    5.5281E+01    1.7617E+01    4.7974E+00    1.8790E+01    7.4681E+00    1.2109E+01   
 2.0483E+01    5.1612E+01    5.9118E+01    2.5192E+01    1.9053E+01    1.8444E+01    7.8310E+01    5.5346E+01    1.7671E+01    4.7974E+00    1.8626E+01    7.4311E+00    1.2109E+01   
 2.0983E+01    5.1597E+01    5.9077E+01    2.5176E+01    1.8974E+01    1.8566E+01    7.8332E+01    5.5346E+01    1.7678E+01    4.7770E+00    1.8565E+01    7.3254E+00    1.2074E+01   
 2.1587E+01    5.1593E+01    5.9068E+01    2.5264E+01    1.8960E+01    1.8643E+01    7.8345E+01    5.5418E+01    1.7730E+01    4.7974E+00    1.8749E+01    7.2990E+00    1.2039E+01   
 2.2087E+01    5.1602E+01    5.9044E+01    2.5252E+01    1.8918E+01    1.8643E+01    7.8349E+01    5.5457E+01    1.7769E+01    4.7770E+00    1.8626E+01    7.3994E+00    1.2091E+01   
 2.2587E+01    5.1595E+01    5.9044E+01    2.5232E+01    1.8918E+01    1.8737E+01    7.8346E+01    5.5526E+01    1.7806E+01    4.8178E+00    1.8606E+01    7.3465E+00    1.2056E+01   
 2.3088E+01    5.1604E+01    5.9030E+01    2.5193E+01    1.8854E+01    1.8835E+01    7.8357E+01    5.5594E+01    1.7806E+01    4.7974E+00    1.8565E+01    7.3307E+00    1.2039E+01   
 2.3667E+01    5.1605E+01    5.9023E+01    2.5107E+01    1.8889E+01    1.8918E+01    7.8357E+01    5.5668E+01    1.7836E+01    4.7770E+00    1.8708E+01    7.2355E+00    1.2091E+01   
 2.4168E+01    5.1605E+01    5.9034E+01    2.5107E+01    1.8983E+01    1.8984E+01    7.8357E+01    5.5707E+01    1.7845E+01    4.7770E+00    1.8545E+01    7.4047E+00    1.2074E+01   
 2.4668E+01    5.1589E+01    5.9016E+01    2.5182E+01    1.8951E+01    1.8984E+01    7.8318E+01    5.5707E+01    1.7899E+01    4.7770E+00    1.8708E+01    7.2831E+00    1.2091E+01   
 2.5169E+01    5.1594E+01    5.9010E+01    2.5105E+01    1.8992E+01    1.9070E+01    7.8302E+01    5.5770E+01    1.7920E+01    4.7974E+00    1.8586E+01    7.4258E+00    1.2039E+01   
 2.5763E+01    5.1602E+01    5.9010E+01    2.4882E+01    1.9054E+01    1.9148E+01    7.8293E+01    5.5822E+01    1.7954E+01    4.8178E+00    1.8728E+01    7.2303E+00    1.2056E+01   
 2.6264E+01    5.1603E+01    5.9007E+01    2.4834E+01    1.9054E+01    1.9239E+01    7.8297E+01    5.5910E+01    1.7954E+01    4.8382E+00    1.8769E+01    7.4892E+00    1.2056E+01   
 2.6764E+01    5.1578E+01    5.8998E+01    2.4816E+01    1.9043E+01    1.9310E+01    7.8297E+01    5.5971E+01    1.7975E+01    4.8178E+00    1.8790E+01    7.3994E+00    1.2109E+01   
 2.7264E+01    5.1578E+01    5.8993E+01    2.4816E+01    1.9018E+01    1.9380E+01    7.8278E+01    5.5956E+01    1.7994E+01    4.7974E+00    1.8606E+01    7.4945E+00    1.2091E+01   
 2.7851E+01    5.1591E+01    5.8991E+01    2.4864E+01    1.8965E+01    1.9463E+01    7.8267E+01    5.6010E+01    1.8008E+01    4.7974E+00    1.8626E+01    7.4998E+00    1.2074E+01   
 2.8352E+01    5.1601E+01    5.8991E+01    2.4831E+01    1.8976E+01    1.9447E+01    7.8215E+01    5.6076E+01    1.8007E+01    4.7974E+00    1.8565E+01    7.3412E+00    1.2109E+01   
 2.8852E+01    5.1608E+01    5.8991E+01    2.4897E+01    1.8976E+01    1.9516E+01    7.8176E+01    5.6154E+01    1.8007E+01    4.7770E+00    1.8606E+01    7.2990E+00    1.2091E+01   
 2.9352E+01    5.1608E+01    5.8993E+01    2.5028E+01    1.9017E+01    1.9583E+01    7.8176E+01    5.6214E+01    1.8028E+01    4.7974E+00    1.8606E+01    7.2567E+00    1.2109E+01   
 2.9948E+01    5.1603E+01    5.8993E+01    2.5110E+01    1.9054E+01    1.9666E+01    7.8130E+01    5.6268E+01    1.8017E+01    4.8382E+00    1.8769E+01    7.4628E+00    1.2074E+01   
 3.0448E+01    5.1603E+01    5.8991E+01    2.5110E+01    1.9052E+01    1.9714E+01    7.8066E+01    5.6318E+01    1.7965E+01    4.8178E+00    1.8565E+01    7.2408E+00    1.2091E+01   
 3.0949E+01    5.1617E+01    5.8996E+01    2.5064E+01    1.9079E+01    1.9714E+01    7.8013E+01    5.6318E+01    1.7953E+01    4.8382E+00    1.8565E+01    7.2514E+00    1.2074E+01   
# Time (s)      T1w (C)       T2w (C)       T1a (C)       T2a (C)       T1r (C)       T2r (C)       T3r (C)       T4r (C)       P1 (bar)      P2 (bar)      Ic (amp)      Qc (l/min)    
 3.1449E+01    5.1621E+01    5.8984E+01    2.5114E+01    1.9110E+01    1.9796E+01    7.7996E+01    5.6364E+01    1.7935E+01    4.8178E+00    1.8688E+01    7.4152E+00    1.2091E+01   
 3.2052E+01    5.1611E+01    5.8984E+01    2.5156E+01    1.9110E+01    1.9859E+01    7.7961E+01    5.6410E+01    1.7962E+01    4.8178E+00    1.8647E+01    7.3835E+00    1.2126E+01   
 3.2553E+01    5.1605E+01    5.8985E+01    2.5156E+01    1.9042E+01    1.9930E+01    7.7950E+01    5.6469E+01    1.7962E+01    4.8178E+00    1.8647E+01    7.2514E+00    1.2126E+01   
 3.3053E+01    5.1616E+01    5.8995E+01    2.5089E+01    1.9050E+01    1.9982E+01    7.7935E+01    5.6549E+01    1.7919E+01    4.8382E+00    1.8524E+01    7.2831E+00    1.2091E+01   
 3.3554E+01    5.1616E+01    5.8985E+01    2.5089E+01    1.9067E+01    2.0048E+01    7.7926E+01    5.6549E+01    1.7911E+01    4.8382E+00    1.8586E+01    7.3307E+00    1.2091E+01   
 3.4157E+01    5.1628E+01    5.8981E+01    2.4972E+01    1.9122E+01    2.0131E+01    7.7892E+01    5.6623E+01    1.7935E+01    4.8993E+00    1.8586E+01    7.2461E+00    1.2056E+01   
 3.4657E+01    5.1627E+01    5.8989E+01    2.4830E+01    1.9125E+01    2.0131E+01    7.7890E+01    5.6669E+01    1.7940E+01    4.8789E+00    1.8667E+01    7.2514E+00    1.2074E+01   
 3.5157E+01    5.1626E+01    5.9003E+01    2.4799E+01    1.9141E+01    2.0187E+01    7.7868E+01    5.6752E+01    1.7960E+01    4.8585E+00    1.8565E+01    7.3624E+00    1.2091E+01   
 3.5658E+01    5.1640E+01    5.8995E+01    2.4887E+01    1.9275E+01    2.0239E+01    7.7868E+01    5.6806E+01    1.7960E+01    4.8993E+00    1.8586E+01    7.4470E+00    1.2039E+01   
 3.6253E+01    5.1642E+01    5.8996E+01    2.4969E+01    1.9261E+01    2.0308E+01    7.7888E+01    5.6858E+01    1.8000E+01    4.8789E+00    1.8688E+01    7.2620E+00    1.2056E+01   
 3.6754E+01    5.1642E+01    5.9012E+01    2.4969E+01    1.9387E+01    2.0370E+01    7.7895E+01    5.6916E+01    1.8017E+01    4.8789E+00    1.8688E+01    7.3095E+00    1.2056E+01   
 3.7257E+01    5.1648E+01    5.9011E+01    2.5030E+01    1.9378E+01    2.0422E+01    7.7909E+01    5.6916E+01    1.8044E+01    4.8789E+00    1.8749E+01    7.2725E+00    1.2074E+01   
 3.7757E+01    5.1655E+01    5.8999E+01    2.5001E+01    1.9392E+01    2.0422E+01    7.7881E+01    5.6948E+01    1.8080E+01    4.8993E+00    1.8749E+01    7.2725E+00    1.2056E+01   
 3.8341E+01    5.1647E+01    5.8999E+01    2.4970E+01    1.9392E+01    2.0466E+01    7.7841E+01    5.6975E+01    1.8088E+01    4.8993E+00    1.8606E+01    7.3571E+00    1.2039E+01   
 3.8842E+01    5.1642E+01    5.9023E+01    2.4950E+01    1.9444E+01    2.0514E+01    7.7820E+01    5.7002E+01    1.8088E+01    4.8993E+00    1.8728E+01    7.5368E+00    1.2039E+01   
 3.9342E+01    5.1637E+01    5.8992E+01    2.4939E+01    1.9476E+01    2.0566E+01    7.7806E+01    5.7025E+01    1.8087E+01    4.9196E+00    1.8708E+01    7.4628E+00    1.2056E+01   
 3.9842E+01    5.1637E+01    5.9004E+01    2.4939E+01    1.9406E+01    2.0613E+01    7.7782E+01    5.7025E+01    1.8133E+01    4.9196E+00    1.8606E+01    7.4787E+00    1.2039E+01   
 4.0438E+01    5.1634E+01    5.9011E+01    2.4843E+01    1.9378E+01    2.0644E+01    7.7728E+01    5.7029E+01    1.8184E+01    4.9400E+00    1.8647E+01    7.2567E+00    1.2004E+01   
 4.0939E+01    5.1642E+01    5.9025E+01    2.4690E+01    1.9466E+01    2.0644E+01    7.7710E+01    5.7063E+01    1.8208E+01    4.9196E+00    1.8606E+01    7.2831E+00    1.2056E+01   
 4.1439E+01    5.1647E+01    5.9025E+01    2.4608E+01    1.9466E+01    2.0674E+01    7.7732E+01    5.7067E+01    1.8208E+01    4.9604E+00    1.8626E+01    7.2831E+00    1.2056E+01   
 4.1939E+01    5.1646E+01    5.9025E+01    2.4550E+01    1.9455E+01    2.0739E+01    7.7732E+01    5.7075E+01    1.8255E+01    4.9400E+00    1.8606E+01    7.2725E+00    1.2091E+01   
 4.2534E+01    5.1646E+01    5.9029E+01    2.4508E+01    1.9460E+01    2.0791E+01    7.7758E+01    5.7098E+01    1.8312E+01    4.9604E+00    1.8851E+01    7.3994E+00    1.2109E+01   
 4.3034E+01    5.1646E+01    5.9045E+01    2.4508E+01    1.9467E+01    2.0844E+01    7.7764E+01    5.7110E+01    1.8335E+01    4.9400E+00    1.8688E+01    7.3148E+00    1.2039E+01   
 4.3534E+01    5.1653E+01    5.9039E+01    2.4478E+01    1.9526E+01    2.0860E+01    7.7793E+01    5.7125E+01    1.8356E+01    4.9400E+00    1.8769E+01    7.2778E+00    1.2056E+01   
 4.4034E+01    5.1661E+01    5.9055E+01    2.4479E+01    1.9463E+01    2.0907E+01    7.7808E+01    5.7169E+01    1.8385E+01    4.9400E+00    1.8565E+01    7.3835E+00    1.2091E+01   
 4.4606E+01    5.1661E+01    5.9055E+01    2.4367E+01    1.9463E+01    2.0954E+01    7.7811E+01    5.7171E+01    1.8426E+01    4.9808E+00    1.8626E+01    7.4681E+00    1.2074E+01   
 4.5106E+01    5.1666E+01    5.9070E+01    2.4320E+01    1.9486E+01    2.0997E+01    7.7803E+01    5.7182E+01    1.8426E+01    4.9808E+00    1.8586E+01    7.2778E+00    1.2074E+01   
 4.5606E+01    5.1669E+01    5.9079E+01    2.4296E+01    1.9552E+01    2.1031E+01    7.7803E+01    5.7173E+01    1.8423E+01    4.9808E+00    1.8851E+01    7.3835E+00    1.2056E+01   
 4.6107E+01    5.1669E+01    5.9096E+01    2.4296E+01    1.9525E+01    2.1062E+01    7.7807E+01    5.7173E+01    1.8463E+01    4.9808E+00    1.8626E+01    7.3201E+00    1.2021E+01   
 4.6710E+01    5.1692E+01    5.9090E+01    2.4364E+01    1.9521E+01    2.1097E+01    7.7818E+01    5.7198E+01    1.8475E+01    5.0011E+00    1.8667E+01    7.2778E+00    1.2074E+01   
# Time (s)      T1w (C)       T2w (C)       T1a (C)       T2a (C)       T1r (C)       T2r (C)       T3r (C)       T4r (C)       P1 (bar)      P2 (bar)      Ic (amp)      Qc (l/min)    
 4.7211E+01    5.1680E+01    5.9111E+01    2.4380E+01    1.9598E+01    2.1097E+01    7.7837E+01    5.7231E+01    1.8511E+01    4.9808E+00    1.8626E+01    7.2831E+00    1.2074E+01   
 4.7711E+01    5.1686E+01    5.9111E+01    2.4362E+01    1.9598E+01    2.1127E+01    7.7853E+01    5.7208E+01    1.8511E+01    4.9808E+00    1.8708E+01    7.2937E+00    1.2074E+01   
 4.8212E+01    5.1688E+01    5.9120E+01    2.4359E+01    1.9563E+01    2.1169E+01    7.7853E+01    5.7213E+01    1.8553E+01    4.9808E+00    1.8810E+01    7.4152E+00    1.2074E+01   
 4.8815E+01    5.1681E+01    5.9120E+01    2.4406E+01    1.9490E+01    2.1202E+01    7.7876E+01    5.7213E+01    1.8593E+01    5.0215E+00    1.8830E+01    7.2884E+00    1.2056E+01   
 4.9315E+01    5.1681E+01    5.9131E+01    2.4406E+01    1.9496E+01    2.1221E+01    7.7863E+01    5.7215E+01    1.8605E+01    4.9808E+00    1.8667E+01    7.3677E+00    1.2126E+01   
 4.9815E+01    5.1690E+01    5.9119E+01    2.4392E+01    1.9577E+01    2.1221E+01    7.7829E+01    5.7215E+01    1.8624E+01    5.0215E+00    1.8708E+01    7.3307E+00    1.2039E+01   
 5.0316E+01    5.1688E+01    5.9131E+01    2.4455E+01    1.9628E+01    2.1249E+01    7.7823E+01    5.7197E+01    1.8651E+01    4.9808E+00    1.8830E+01    7.3835E+00    1.2056E+01   
 5.0911E+01    5.1694E+01    5.9131E+01    2.4624E+01    1.9628E+01    2.1279E+01    7.7819E+01    5.7199E+01    1.8679E+01    5.0011E+00    1.8871E+01    7.5157E+00    1.2056E+01   
 5.1411E+01    5.1674E+01    5.9147E+01    2.4821E+01    1.9658E+01    2.1323E+01    7.7840E+01    5.7256E+01    1.8695E+01    5.0215E+00    1.8667E+01    7.3994E+00    1.2074E+01   
 5.1911E+01    5.1694E+01    5.9145E+01    2.4937E+01    1.9671E+01    2.1364E+01    7.7840E+01    5.7276E+01    1.8733E+01    5.0011E+00    1.8667E+01    7.3042E+00    1.2109E+01   
 5.2412E+01    5.1708E+01    5.9168E+01    2.4952E+01    1.9791E+01    2.1383E+01    7.7831E+01    5.7276E+01    1.8751E+01    5.0011E+00    1.8830E+01    7.4998E+00    1.2109E+01   
 5.3031E+01    5.1695E+01    5.9171E+01    2.4885E+01    1.9843E+01    2.1410E+01    7.7824E+01    5.7248E+01    1.8788E+01    5.0419E+00    1.8688E+01    7.5632E+00    1.2039E+01   
 5.3531E+01    5.1687E+01    5.9165E+01    2.4755E+01    1.9788E+01    2.1410E+01    7.7802E+01    5.7275E+01    1.8827E+01    5.0215E+00    1.8871E+01    7.5315E+00    1.2074E+01   
 5.4032E+01    5.1675E+01    5.9165E+01    2.4752E+01    1.9788E+01    2.1425E+01    7.7782E+01    5.7280E+01    1.8869E+01    5.0215E+00    1.8830E+01    7.3042E+00    1.2109E+01   
 5.4532E+01    5.1676E+01    5.9166E+01    2.4802E+01    1.9749E+01    2.1462E+01    7.7796E+01    5.7289E+01    1.8885E+01    5.0215E+00    1.8851E+01    7.4311E+00    1.2074E+01   
 5.5144E+01    5.1679E+01    5.9161E+01    2.4896E+01    1.9740E+01    2.1475E+01    7.7766E+01    5.7280E+01    1.8902E+01    5.0215E+00    1.8871E+01    7.4100E+00    1.2091E+01   
 5.5644E+01    5.1679E+01    5.9167E+01    2.4896E+01    1.9736E+01    2.1495E+01    7.7749E+01    5.7270E+01    1.8921E+01    5.0419E+00    1.8688E+01    7.5791E+00    1.2074E+01   
 5.6144E+01    5.1674E+01    5.9164E+01    2.4948E+01    1.9793E+01    2.1511E+01    7.7694E+01    5.7270E+01    1.8951E+01    5.0623E+00    1.8728E+01    7.5051E+00    1.2021E+01   
 5.6645E+01    5.1680E+01    5.9182E+01    2.4941E+01    1.9746E+01    2.1527E+01    7.7692E+01    5.7284E+01    1.9005E+01    5.0623E+00    1.8667E+01    7.3412E+00    1.2074E+01   
 5.7216E+01    5.1660E+01    5.9182E+01    2.4889E+01    1.9746E+01    2.1542E+01    7.7680E+01    5.7305E+01    1.9035E+01    5.0623E+00    1.8647E+01    7.3360E+00    1.2056E+01   
 5.7716E+01    5.1673E+01    5.9176E+01    2.4826E+01    1.9835E+01    2.1588E+01    7.7685E+01    5.7298E+01    1.9035E+01    5.0623E+00    1.8912E+01    7.3835E+00    1.2091E+01   
 5.8216E+01    5.1661E+01    5.9193E+01    2.4851E+01    1.9853E+01    2.1600E+01    7.7685E+01    5.7300E+01    1.9072E+01    5.0623E+00    1.8769E+01    7.3095E+00    1.2109E+01   
 5.8717E+01    5.1675E+01    5.9197E+01    2.4867E+01    1.9890E+01    2.1637E+01    7.7720E+01    5.7300E+01    1.9102E+01    5.0623E+00    1.8830E+01    7.5844E+00    1.2109E+01   
 5.9345E+01    5.1675E+01    5.9205E+01    2.4892E+01    1.9935E+01    2.1639E+01    7.7733E+01    5.7335E+01    1.9124E+01    5.0623E+00    1.8891E+01    7.4311E+00    1.2109E+01   
 5.9845E+01    5.1695E+01    5.9205E+01    2.4828E+01    1.9871E+01    2.1639E+01    7.7757E+01    5.7333E+01    1.9130E+01    5.0826E+00    1.8891E+01    7.3148E+00    1.2109E+01   
 6.0345E+01    5.1701E+01    5.9205E+01    2.4717E+01    1.9871E+01    2.1680E+01    7.7808E+01    5.7366E+01    1.9151E+01    5.0826E+00    1.8769E+01    7.5315E+00    1.2091E+01   
 6.0846E+01    5.1687E+01    5.9222E+01    2.4655E+01    1.9922E+01    2.1686E+01    7.7808E+01    5.7376E+01    1.9151E+01    5.0826E+00    1.8749E+01    7.3201E+00    1.2109E+01   
 6.1416E+01    5.1678E+01    5.9214E+01    2.4655E+01    1.9926E+01    2.1683E+01    7.7838E+01    5.7402E+01    1.9150E+01    5.0826E+00    1.8688E+01    7.5632E+00    1.2091E+01   
 6.1916E+01    5.1678E+01    5.9208E+01    2.4655E+01    1.9942E+01    2.1690E+01    7.7872E+01    5.7402E+01    1.9169E+01    5.1030E+00    1.8667E+01    7.4681E+00    1.2109E+01   
 6.2417E+01    5.1674E+01    5.9220E+01    2.4592E+01    1.9957E+01    2.1675E+01    7.7857E+01    5.7388E+01    1.9169E+01    5.0826E+00    1.8688E+01    7.4205E+00    1.2039E+01   
# Time (s)      T1w (C)       T2w (C)       T1a (C)       T2a (C)       T1r (C)       T2r (C)       T3r (C)       T4r (C)       P1 (bar)      P2 (bar)      Ic (amp)      Qc (l/min)    
 6.2917E+01    5.1686E+01    5.9221E+01    2.4524E+01    1.9994E+01    2.1676E+01    7.7869E+01    5.7387E+01    1.9189E+01    5.1030E+00    1.8912E+01    7.3730E+00    1.2021E+01   
 6.3537E+01    5.1692E+01    5.9227E+01    2.4513E+01    1.9945E+01    2.1675E+01    7.7892E+01    5.7396E+01    1.9232E+01    5.0826E+00    1.8749E+01    7.3254E+00    1.2074E+01   
 6.4037E+01    5.1696E+01    5.9227E+01    2.4604E+01    1.9945E+01    2.1653E+01    7.7897E+01    5.7387E+01    1.9232E+01    5.0623E+00    1.8790E+01    7.3254E+00    1.2021E+01   
 6.4537E+01    5.1706E+01    5.9230E+01    2.4623E+01    1.9958E+01    2.1617E+01    7.7883E+01    5.7407E+01    1.9239E+01    5.0419E+00    1.8769E+01    7.5897E+00    1.2039E+01   
 6.5038E+01    5.1706E+01    5.9229E+01    2.4623E+01    2.0017E+01    2.1582E+01    7.7892E+01    5.7454E+01    1.9253E+01    5.0419E+00    1.8830E+01    7.5949E+00    1.2091E+01   
 6.5609E+01    5.1695E+01    5.9240E+01    2.4597E+01    1.9971E+01    2.1538E+01    7.7887E+01    5.7468E+01    1.9291E+01    5.0623E+00    1.8688E+01    7.5791E+00    1.2056E+01   
 6.6109E+01    5.1706E+01    5.9238E+01    2.4606E+01    1.9935E+01    2.1538E+01    7.7890E+01    5.7454E+01    1.9320E+01    5.0623E+00    1.8932E+01    7.3360E+00    1.2039E+01   
 6.6609E+01    5.1695E+01    5.9238E+01    2.4613E+01    1.9935E+01    2.1500E+01    7.7886E+01    5.7492E+01    1.9355E+01    5.0623E+00    1.8891E+01    7.3571E+00    1.2056E+01   
 6.7110E+01    5.1692E+01    5.9247E+01    2.4658E+01    1.9976E+01    2.1405E+01    7.7886E+01    5.7490E+01    1.9355E+01    5.0623E+00    1.8728E+01    7.3835E+00    1.2091E+01   
 6.7722E+01    5.1703E+01    5.9255E+01    2.4642E+01    2.0010E+01    2.1268E+01    7.7849E+01    5.7476E+01    1.9362E+01    5.0826E+00    1.8667E+01    7.3201E+00    1.2109E+01   
 6.8223E+01    5.1703E+01    5.9242E+01    2.4642E+01    1.9963E+01    2.1010E+01    7.7848E+01    5.7498E+01    1.9396E+01    5.1030E+00    1.8891E+01    7.3307E+00    1.2091E+01   
 6.8723E+01    5.1705E+01    5.9251E+01    2.4630E+01    2.0034E+01    2.1026E+01    7.7856E+01    5.7513E+01    1.9459E+01    5.1030E+00    1.8728E+01    7.4734E+00    1.2109E+01   
 6.9223E+01    5.1695E+01    5.9241E+01    2.4622E+01    2.0042E+01    2.0650E+01    7.7823E+01    5.7528E+01    1.9478E+01    5.1234E+00    1.8912E+01    7.3624E+00    1.2109E+01   
 6.9819E+01    5.1694E+01    5.9233E+01    2.4599E+01    2.0039E+01    2.0293E+01    7.7808E+01    5.7535E+01    1.9494E+01    5.1030E+00    1.8667E+01    7.3307E+00    1.2091E+01   
 7.0319E+01    5.1696E+01    5.9233E+01    2.4616E+01    2.0039E+01    2.0020E+01    7.7787E+01    5.7519E+01    1.9494E+01    5.0826E+00    1.8688E+01    7.3201E+00    1.2074E+01   
 7.0819E+01    5.1689E+01    5.9221E+01    2.4639E+01    2.0093E+01    1.9781E+01    7.7787E+01    5.7543E+01    1.9530E+01    5.1234E+00    1.8688E+01    7.3254E+00    1.2074E+01   
 7.1320E+01    5.1689E+01    5.9246E+01    2.4639E+01    2.0086E+01    1.9572E+01    7.7758E+01    5.7557E+01    1.9530E+01    5.1030E+00    1.8871E+01    7.6161E+00    1.2091E+01   
 7.1898E+01    5.1698E+01    5.9252E+01    2.4655E+01    2.0104E+01    1.9375E+01    7.7759E+01    5.7557E+01    1.9532E+01    5.1030E+00    1.8953E+01    7.6161E+00    1.2074E+01   
 7.2398E+01    5.1695E+01    5.9255E+01    2.4615E+01    2.0054E+01    1.9375E+01    7.7773E+01    5.7544E+01    1.9518E+01    5.1030E+00    1.8891E+01    7.3571E+00    1.2074E+01   
 7.2898E+01    5.1706E+01    5.9255E+01    2.4623E+01    2.0054E+01    1.9196E+01    7.7773E+01    5.7503E+01    1.9517E+01    5.1234E+00    1.9034E+01    7.4522E+00    1.2021E+01   
 7.3398E+01    5.1702E+01    5.9268E+01    2.4700E+01    2.0048E+01    1.9020E+01    7.7773E+01    5.7486E+01    1.9517E+01    5.0826E+00    1.8790E+01    7.3465E+00    1.2039E+01   
 7.3978E+01    5.1714E+01    5.9291E+01    2.4716E+01    2.0023E+01    1.8862E+01    7.7752E+01    5.7463E+01    1.9503E+01    5.0826E+00    1.8973E+01    7.3941E+00    1.2091E+01   
 7.4478E+01    5.1714E+01    5.9292E+01    2.4716E+01    2.0097E+01    1.8706E+01    7.7757E+01    5.7420E+01    1.9475E+01    5.0826E+00    1.8993E+01    7.5897E+00    1.2039E+01   
 7.4979E+01    5.1705E+01    5.9312E+01    2.4739E+01    2.0022E+01    1.8706E+01    7.7773E+01    5.7420E+01    1.9428E+01    5.1030E+00    1.8871E+01    7.5527E+00    1.2056E+01   
 7.5479E+01    5.1712E+01    5.9338E+01    2.4751E+01    2.0027E+01    1.8547E+01    7.7782E+01    5.7316E+01    1.9389E+01    5.0623E+00    1.8851E+01    7.6319E+00    1.2109E+01   
 7.6066E+01    5.1709E+01    5.9338E+01    2.4798E+01    2.0027E+01    1.8434E+01    7.7809E+01    5.7290E+01    1.9328E+01    5.0623E+00    1.8912E+01    7.6372E+00    1.2126E+01   
 7.6567E+01    5.1709E+01    5.9353E+01    2.4810E+01    1.9990E+01    1.8277E+01    7.7795E+01    5.7210E+01    1.9312E+01    5.0826E+00    1.8932E+01    7.3624E+00    1.2039E+01   
 7.7067E+01    5.1728E+01    5.9375E+01    2.4810E+01    1.9957E+01    1.8165E+01    7.7773E+01    5.7149E+01    1.9295E+01    5.0826E+00    1.8953E+01    7.4311E+00    1.2109E+01   
 7.7567E+01    5.1728E+01    5.9375E+01    2.4771E+01    2.0086E+01    1.8042E+01    7.7748E+01    5.7134E+01    1.9211E+01    5.0623E+00    1.8993E+01    7.3888E+00    1.2091E+01   
 7.8139E+01    5.1715E+01    5.9393E+01    2.4801E+01    2.0013E+01    1.8042E+01    7.7738E+01    5.7085E+01    1.9168E+01    5.0623E+00    1.8973E+01    7.5949E+00    1.2091E+01   
# Time (s)      T1w (C)       T2w (C)       T1a (C)       T2a (C)       T1r (C)       T2r (C)       T3r (C)       T4r (C)       P1 (bar)      P2 (bar)      Ic (amp)      Qc (l/min)    
 7.8639E+01    5.1723E+01    5.9421E+01    2.4841E+01    2.0002E+01    1.7933E+01    7.7747E+01    5.6985E+01    1.9118E+01    5.0623E+00    1.8871E+01    7.4575E+00    1.2091E+01   
 7.9139E+01    5.1734E+01    5.9421E+01    2.4643E+01    2.0002E+01    1.7830E+01    7.7756E+01    5.6897E+01    1.9118E+01    5.0623E+00    1.9034E+01    7.5315E+00    1.2109E+01   
 7.9639E+01    5.1747E+01    5.9436E+01    2.4451E+01    1.9953E+01    1.7734E+01    7.7756E+01    5.6849E+01    1.9048E+01    5.0623E+00    1.9014E+01    7.4681E+00    1.2109E+01   
 8.0267E+01    5.1752E+01    5.9453E+01    2.4356E+01    1.9903E+01    1.7649E+01    7.7802E+01    5.6754E+01    1.8983E+01    5.0215E+00    1.9075E+01    7.3835E+00    1.2126E+01   
 8.0767E+01    5.1752E+01    5.9455E+01    2.4356E+01    1.9816E+01    1.7574E+01    7.7830E+01    5.6709E+01    1.8894E+01    5.0623E+00    1.8891E+01    7.3782E+00    1.2109E+01   
 8.1268E+01    5.1734E+01    5.9480E+01    2.4265E+01    1.9756E+01    1.7574E+01    7.7872E+01    5.6709E+01    1.8855E+01    5.0215E+00    1.9014E+01    7.3888E+00    1.2109E+01   
 8.1768E+01    5.1747E+01    5.9496E+01    2.4258E+01    1.9756E+01    1.7473E+01    7.7894E+01    5.6615E+01    1.8781E+01    5.0011E+00    1.9095E+01    7.4892E+00    1.2109E+01   
 8.2347E+01    5.1741E+01    5.9496E+01    2.4308E+01    1.9739E+01    1.7382E+01    7.7928E+01    5.6535E+01    1.8720E+01    4.9808E+00    1.9157E+01    7.4628E+00    1.2056E+01   
 8.2847E+01    5.1746E+01    5.9505E+01    2.4329E+01    1.9788E+01    1.7311E+01    7.7928E+01    5.6463E+01    1.8720E+01    4.9808E+00    1.9218E+01    7.5262E+00    1.2091E+01   
 8.3348E+01    5.1758E+01    5.9513E+01    2.4329E+01    1.9794E+01    1.7238E+01    7.7928E+01    5.6382E+01    1.8654E+01    5.0011E+00    1.9034E+01    7.5421E+00    1.2126E+01   
 8.3848E+01    5.1743E+01    5.9510E+01    2.4325E+01    1.9834E+01    1.7181E+01    7.7948E+01    5.6368E+01    1.8568E+01    4.9604E+00    1.9014E+01    7.4100E+00    1.2091E+01   
 8.4435E+01    5.1748E+01    5.9527E+01    2.4348E+01    1.9757E+01    1.7181E+01    7.7951E+01    5.6298E+01    1.8500E+01    4.9808E+00    1.9034E+01    7.4522E+00    1.2109E+01   
 8.4936E+01    5.1722E+01    5.9521E+01    2.4386E+01    1.9747E+01    1.7113E+01    7.7986E+01    5.6195E+01    1.8475E+01    5.0011E+00    1.9055E+01    7.3730E+00    1.2021E+01   
 8.5436E+01    5.1746E+01    5.9521E+01    2.4344E+01    1.9747E+01    1.7056E+01    7.8011E+01    5.6125E+01    1.8459E+01    4.9604E+00    1.9014E+01    7.3730E+00    1.2091E+01   
 8.5937E+01    5.1723E+01    5.9510E+01    2.4314E+01    1.9723E+01    1.6999E+01    7.8011E+01    5.6035E+01    1.8407E+01    4.9604E+00    1.8973E+01    7.3677E+00    1.2074E+01   
 8.6516E+01    5.1716E+01    5.9506E+01    2.4298E+01    1.9600E+01    1.6949E+01    7.8032E+01    5.5970E+01    1.8345E+01    4.9808E+00    1.9136E+01    7.4522E+00    1.2091E+01   
 8.7016E+01    5.1716E+01    5.9503E+01    2.4246E+01    1.9496E+01    1.6910E+01    7.8068E+01    5.5970E+01    1.8274E+01    4.9400E+00    1.9055E+01    7.5262E+00    1.2074E+01   
 8.7516E+01    5.1733E+01    5.9506E+01    2.4327E+01    1.9529E+01    1.6926E+01    7.8098E+01    5.5906E+01    1.8238E+01    4.9400E+00    1.8993E+01    7.5157E+00    1.2091E+01   
 8.8017E+01    5.1728E+01    5.9517E+01    2.4562E+01    1.9529E+01    1.6891E+01    7.8119E+01    5.5829E+01    1.8177E+01    4.9604E+00    1.8953E+01    7.4364E+00    1.2074E+01   
 8.8604E+01    5.1742E+01    5.9517E+01    2.4779E+01    1.9471E+01    1.6866E+01    7.8140E+01    5.5778E+01    1.8113E+01    4.9196E+00    1.8973E+01    7.4734E+00    1.2091E+01   
 8.9104E+01    5.1720E+01    5.9515E+01    2.4887E+01    1.9489E+01    1.6843E+01    7.8140E+01    5.5745E+01    1.8113E+01    4.9196E+00    1.8973E+01    7.3518E+00    1.2091E+01   
 8.9605E+01    5.1726E+01    5.9517E+01    2.4887E+01    1.9441E+01    1.6813E+01    7.8172E+01    5.5700E+01    1.8074E+01    4.8993E+00    1.9136E+01    7.3888E+00    1.2074E+01   
 9.0105E+01    5.1726E+01    5.9514E+01    2.4951E+01    1.9319E+01    1.6803E+01    7.8196E+01    5.5700E+01    1.8034E+01    4.8789E+00    1.9157E+01    7.3571E+00    1.2091E+01   
 9.0692E+01    5.1733E+01    5.9542E+01    2.4994E+01    1.9408E+01    1.6803E+01    7.8212E+01    5.5631E+01    1.7978E+01    4.8993E+00    1.8993E+01    7.3518E+00    1.2056E+01   
 9.1193E+01    5.1752E+01    5.9529E+01    2.4962E+01    1.9408E+01    1.6802E+01    7.8218E+01    5.5556E+01    1.7948E+01    4.8585E+00    1.9014E+01    7.4681E+00    1.2091E+01   
 9.1693E+01    5.1727E+01    5.9529E+01    2.5025E+01    1.9349E+01    1.6806E+01    7.8188E+01    5.5498E+01    1.7948E+01    4.8585E+00    1.9177E+01    7.4839E+00    1.2143E+01   
 9.2193E+01    5.1732E+01    5.9531E+01    2.4977E+01    1.9306E+01    1.6839E+01    7.8188E+01    5.5427E+01    1.7902E+01    4.8789E+00    1.9034E+01    7.6055E+00    1.2091E+01   
 9.2781E+01    5.1760E+01    5.9534E+01    2.4993E+01    1.9229E+01    1.6857E+01    7.8159E+01    5.5348E+01    1.7840E+01    4.8585E+00    1.9116E+01    7.6002E+00    1.2074E+01   
 9.3281E+01    5.1760E+01    5.9533E+01    2.5070E+01    1.9242E+01    1.6901E+01    7.8179E+01    5.5348E+01    1.7793E+01    4.8382E+00    1.9095E+01    7.3941E+00    1.2091E+01   
 9.3781E+01    5.1771E+01    5.9530E+01    2.4996E+01    1.9287E+01    1.6901E+01    7.8173E+01    5.5314E+01    1.7717E+01    4.8382E+00    1.8953E+01    7.5579E+00    1.2039E+01   
# Time (s)      T1w (C)       T2w (C)       T1a (C)       T2a (C)       T1r (C)       T2r (C)       T3r (C)       T4r (C)       P1 (bar)      P2 (bar)      Ic (amp)      Qc (l/min)    
 9.4282E+01    5.1753E+01    5.9530E+01    2.4854E+01    1.9287E+01    1.6958E+01    7.8205E+01    5.5255E+01    1.7682E+01    4.8178E+00    1.8912E+01    7.3360E+00    1.2056E+01   
 9.4861E+01    5.1757E+01    5.9529E+01    2.4756E+01    1.9188E+01    1.7027E+01    7.8204E+01    5.5218E+01    1.7682E+01    4.8382E+00    1.9157E+01    7.3254E+00    1.2074E+01   
 9.5361E+01    5.1753E+01    5.9503E+01    2.4641E+01    1.9133E+01    1.7098E+01    7.8204E+01    5.5182E+01    1.7640E+01    4.8178E+00    1.9014E+01    7.5685E+00    1.2091E+01   
 9.5862E+01    5.1753E+01    5.9497E+01    2.4641E+01    1.9177E+01    1.7174E+01    7.8216E+01    5.5163E+01    1.7596E+01    4.8178E+00    1.8932E+01    7.3148E+00    1.2109E+01   
 9.6362E+01    5.1756E+01    5.9498E+01    2.4540E+01    1.9231E+01    1.7174E+01    7.8216E+01    5.5163E+01    1.7589E+01    4.8178E+00    1.8830E+01    7.3095E+00    1.2056E+01   
 9.6949E+01    5.1757E+01    5.9477E+01    2.4509E+01    1.9161E+01    1.7287E+01    7.8237E+01    5.5166E+01    1.7578E+01    4.7770E+00    1.8932E+01    7.5738E+00    1.2039E+01   
 9.7449E+01    5.1753E+01    5.9477E+01    2.4469E+01    1.9161E+01    1.7360E+01    7.8241E+01    5.5140E+01    1.7553E+01    4.7770E+00    1.8932E+01    7.3782E+00    1.2126E+01   
 9.7950E+01    5.1773E+01    5.9464E+01    2.4426E+01    1.9228E+01    1.7452E+01    7.8241E+01    5.5157E+01    1.7553E+01    4.7770E+00    1.8830E+01    7.5209E+00    1.2091E+01   
 9.8450E+01    5.1774E+01    5.9448E+01    2.4426E+01    1.9100E+01    1.7558E+01    7.8260E+01    5.5139E+01    1.7548E+01    4.7770E+00    1.8871E+01    7.2937E+00    1.2056E+01   
 9.9029E+01    5.1774E+01    5.9413E+01    2.4521E+01    1.9061E+01    1.7663E+01    7.8284E+01    5.5126E+01    1.7531E+01    4.7770E+00    1.8830E+01    7.2778E+00    1.2056E+01   
 9.9530E+01    5.1782E+01    5.9406E+01    2.4680E+01    1.9020E+01    1.7663E+01    7.8303E+01    5.5126E+01    1.7509E+01    4.7974E+00    1.8830E+01    7.5104E+00    1.2091E+01   
 1.0003E+02    5.1763E+01    5.9386E+01    2.4717E+01    1.9020E+01    1.7765E+01    7.8346E+01    5.5157E+01    1.7493E+01    4.7974E+00    1.8953E+01    7.4417E+00    1.2126E+01   
 1.0053E+02    5.1785E+01    5.9386E+01    2.4700E+01    1.8950E+01    1.7845E+01    7.8374E+01    5.5184E+01    1.7460E+01    4.7770E+00    1.8749E+01    7.3888E+00    1.2143E+01   
 1.0118E+02    5.1782E+01    5.9361E+01    2.4688E+01    1.8949E+01    1.7952E+01    7.8424E+01    5.5214E+01    1.7459E+01    4.7770E+00    1.8749E+01    7.5157E+00    1.2039E+01   
 1.0168E+02    5.1796E+01    5.9350E+01    2.4852E+01    1.8925E+01    1.8056E+01    7.8424E+01    5.5238E+01    1.7459E+01    4.7770E+00    1.8810E+01    7.4205E+00    1.2126E+01   
 1.0218E+02    5.1797E+01    5.9328E+01    2.4852E+01    1.8969E+01    1.8152E+01    7.8457E+01    5.5274E+01    1.7453E+01    4.7567E+00    1.8688E+01    7.2937E+00    1.2091E+01   
 1.0268E+02    5.1797E+01    5.9310E+01    2.4953E+01    1.9010E+01    1.8152E+01    7.8475E+01    5.5274E+01    1.7473E+01    4.7974E+00    1.8810E+01    7.2778E+00    1.2074E+01   
 1.0330E+02    5.1794E+01    5.9294E+01    2.5006E+01    1.9023E+01    1.8257E+01    7.8471E+01    5.5344E+01    1.7489E+01    4.7974E+00    1.8912E+01    7.4734E+00    1.2056E+01   
 1.0380E+02    5.1794E+01    5.9271E+01    2.4947E+01    1.9023E+01    1.8375E+01    7.8519E+01    5.5378E+01    1.7536E+01    4.8178E+00    1.8708E+01    7.4892E+00    1.2074E+01   
 1.0430E+02    5.1798E+01    5.9271E+01    2.4873E+01    1.9040E+01    1.8462E+01    7.8535E+01    5.5457E+01    1.7592E+01    4.7770E+00    1.8790E+01    7.2620E+00    1.2091E+01   
 1.0480E+02    5.1788E+01    5.9264E+01    2.4860E+01    1.9097E+01    1.8586E+01    7.8549E+01    5.5527E+01    1.7607E+01    4.7567E+00    1.8688E+01    7.3571E+00    1.2109E+01   
 1.0546E+02    5.1800E+01    5.9244E+01    2.5026E+01    1.9071E+01    1.8681E+01    7.8552E+01    5.5608E+01    1.7621E+01    4.8178E+00    1.8790E+01    7.5157E+00    1.2056E+01   
 1.0596E+02    5.1799E+01    5.9241E+01    2.5026E+01    1.9132E+01    1.8795E+01    7.8567E+01    5.5673E+01    1.7672E+01    4.8178E+00    1.8749E+01    7.3360E+00    1.2056E+01   
 1.0647E+02    5.1799E+01    5.9230E+01    2.5037E+01    1.9199E+01    1.8795E+01    7.8571E+01    5.5673E+01    1.7685E+01    4.8178E+00    1.8851E+01    7.3042E+00    1.2056E+01   
 1.0697E+02    5.1830E+01    5.9230E+01    2.5057E+01    1.9215E+01    1.8877E+01    7.8545E+01    5.5718E+01    1.7747E+01    4.8178E+00    1.8810E+01    7.3201E+00    1.2091E+01   
 1.0758E+02    5.1822E+01    5.9225E+01    2.5224E+01    1.9196E+01    1.8968E+01    7.8529E+01    5.5780E+01    1.7760E+01    4.8178E+00    1.8708E+01    7.4787E+00    1.2143E+01   
 1.0808E+02    5.1836E+01    5.9239E+01    2.5077E+01    1.9182E+01    1.9061E+01    7.8517E+01    5.5853E+01    1.7785E+01    4.7974E+00    1.8626E+01    7.4998E+00    1.2126E+01   
 1.0858E+02    5.1834E+01    5.9234E+01    2.4782E+01    1.9161E+01    1.9141E+01    7.8517E+01    5.5906E+01    1.7785E+01    4.8178E+00    1.8626E+01    7.5051E+00    1.2056E+01   
 1.0908E+02    5.1849E+01    5.9240E+01    2.4797E+01    1.9202E+01    1.9204E+01    7.8480E+01    5.5977E+01    1.7788E+01    4.7974E+00    1.8688E+01    7.2620E+00    1.2074E+01   
 1.0970E+02    5.1852E+01    5.9236E+01    2.4821E+01    1.9180E+01    1.9292E+01    7.8457E+01    5.6042E+01    1.7845E+01    4.8178E+00    1.8708E+01    7.4364E+00    1.2091E+01   
# Time (s)      T1w (C)       T2w (C)       T1a (C)       T2a (C)       T1r (C)       T2r (C)       T3r (C)       T4r (C)       P1 (bar)      P2 (bar)      Ic (amp)      Qc (l/min)    
 1.1020E+02    5.1846E+01    5.9246E+01    2.5074E+01    1.9137E+01    1.9292E+01    7.8428E+01    5.6042E+01    1.7887E+01    4.8382E+00    1.8871E+01    7.2778E+00    1.2074E+01   
 1.1070E+02    5.1861E+01    5.9232E+01    2.5144E+01    1.9137E+01    1.9389E+01    7.8427E+01    5.6130E+01    1.7934E+01    4.7974E+00    1.8708E+01    7.5262E+00    1.2091E+01   
 1.1120E+02    5.1850E+01    5.9232E+01    2.5197E+01    1.9158E+01    1.9455E+01    7.8398E+01    5.6199E+01    1.7934E+01    4.7974E+00    1.8688E+01    7.2884E+00    1.2091E+01   
 1.1185E+02    5.1856E+01    5.9232E+01    2.5041E+01    1.9230E+01    1.9549E+01    7.8364E+01    5.6249E+01    1.7973E+01    4.8382E+00    1.8871E+01    7.5157E+00    1.2091E+01   
 1.1235E+02    5.1856E+01    5.9238E+01    2.4798E+01    1.9165E+01    1.9632E+01    7.8364E+01    5.6314E+01    1.7973E+01    4.8178E+00    1.8790E+01    7.4734E+00    1.2074E+01   
 1.1285E+02    5.1856E+01    5.9234E+01    2.4798E+01    1.9197E+01    1.9712E+01    7.8349E+01    5.6401E+01    1.8005E+01    4.7974E+00    1.8667E+01    7.2884E+00    1.2039E+01   
 1.1335E+02    5.1863E+01    5.9223E+01    2.4603E+01    1.9121E+01    1.9712E+01    7.8311E+01    5.6401E+01    1.7969E+01    4.8178E+00    1.8749E+01    7.5157E+00    1.2039E+01   
 1.1398E+02    5.1854E+01    5.9226E+01    2.4695E+01    1.9179E+01    1.9795E+01    7.8288E+01    5.6472E+01    1.7953E+01    4.8178E+00    1.8728E+01    7.2672E+00    1.2091E+01   
 1.1448E+02    5.1845E+01    5.9219E+01    2.4808E+01    1.9179E+01    1.9860E+01    7.8248E+01    5.6532E+01    1.7944E+01    4.8382E+00    1.8647E+01    7.5051E+00    1.2056E+01   
 1.1498E+02    5.1872E+01    5.9219E+01    2.4764E+01    1.9155E+01    1.9936E+01    7.8221E+01    5.6612E+01    1.7944E+01    4.8585E+00    1.8626E+01    7.2567E+00    1.2126E+01   
 1.1548E+02    5.1873E+01    5.9230E+01    2.4894E+01    1.9218E+01    1.9998E+01    7.8221E+01    5.6668E+01    1.7932E+01    4.8382E+00    1.8667E+01    7.5051E+00    1.2056E+01   
 1.1610E+02    5.1880E+01    5.9228E+01    2.4894E+01    1.9249E+01    2.0089E+01    7.8262E+01    5.6760E+01    1.7970E+01    4.8382E+00    1.8728E+01    7.5315E+00    1.2074E+01   
 1.1660E+02    5.1880E+01    5.9212E+01    2.5005E+01    1.9286E+01    2.0152E+01    7.8261E+01    5.6818E+01    1.8012E+01    4.8585E+00    1.8790E+01    7.4681E+00    1.2109E+01   
 1.1710E+02    5.1863E+01    5.9211E+01    2.5079E+01    1.9272E+01    2.0167E+01    7.8271E+01    5.6833E+01    1.8050E+01    4.8789E+00    1.8769E+01    7.4945E+00    1.2126E+01   
 1.1760E+02    5.1872E+01    5.9215E+01    2.4876E+01    1.9272E+01    2.0235E+01    7.8257E+01    5.6905E+01    1.8070E+01    4.8789E+00    1.8769E+01    7.4575E+00    1.2056E+01   
 1.1819E+02    5.1853E+01    5.9215E+01    2.4829E+01    1.9168E+01    2.0316E+01    7.8256E+01    5.6960E+01    1.8109E+01    4.8789E+00    1.8667E+01    7.4892E+00    1.2074E+01   
 1.1869E+02    5.1868E+01    5.9207E+01    2.5041E+01    1.9219E+01    2.0382E+01    7.8256E+01    5.7032E+01    1.8125E+01    4.8789E+00    1.8688E+01    7.4470E+00    1.2074E+01   
 1.1919E+02    5.1868E+01    5.9209E+01    2.5041E+01    1.9199E+01    2.0459E+01    7.8244E+01    5.7064E+01    1.8153E+01    4.8993E+00    1.8830E+01    7.2884E+00    1.2126E+01   
 1.1969E+02    5.1868E+01    5.9210E+01    2.5221E+01    1.9241E+01    2.0459E+01    7.8237E+01    5.7064E+01    1.8162E+01    4.8993E+00    1.8606E+01    7.5474E+00    1.2091E+01   
 1.2030E+02    5.1877E+01    5.9216E+01    2.4977E+01    1.9209E+01    2.0514E+01    7.8240E+01    5.7126E+01    1.8224E+01    4.8993E+00    1.8647E+01    7.2831E+00    1.2091E+01   
 1.2080E+02    5.1874E+01    5.9228E+01    2.4750E+01    1.9361E+01    2.0578E+01    7.8250E+01    5.7160E+01    1.8245E+01    4.9400E+00    1.8891E+01    7.5527E+00    1.2091E+01   
 1.2130E+02    5.1872E+01    5.9228E+01    2.4585E+01    1.9361E+01    2.0644E+01    7.8230E+01    5.7189E+01    1.8277E+01    4.8993E+00    1.8688E+01    7.5421E+00    1.2056E+01   
 1.2180E+02    5.1872E+01    5.9215E+01    2.4568E+01    1.9384E+01    2.0684E+01    7.8230E+01    5.7228E+01    1.8277E+01    4.9196E+00    1.8790E+01    7.2884E+00    1.2056E+01   
 1.2241E+02    5.1872E+01    5.9230E+01    2.4759E+01    1.9435E+01    2.0736E+01    7.8215E+01    5.7263E+01    1.8317E+01    4.9196E+00    1.8790E+01    7.3254E+00    1.2056E+01   
 1.2291E+02    5.1872E+01    5.9226E+01    2.4759E+01    1.9436E+01    2.0800E+01    7.8215E+01    5.7268E+01    1.8339E+01    4.9604E+00    1.8851E+01    7.5262E+00    1.2056E+01   
 1.2341E+02    5.1885E+01    5.9233E+01    2.4948E+01    1.9442E+01    2.0800E+01    7.8187E+01    5.7268E+01    1.8361E+01    4.9604E+00    1.8871E+01    7.3730E+00    1.2039E+01   
 1.2392E+02    5.1905E+01    5.9259E+01    2.5044E+01    1.9458E+01    2.0850E+01    7.8147E+01    5.7312E+01    1.8402E+01    4.9604E+00    1.8932E+01    7.3042E+00    1.2074E+01   
 1.2454E+02    5.1903E+01    5.9268E+01    2.5148E+01    1.9488E+01    2.0898E+01    7.8116E+01    5.7338E+01    1.8450E+01    4.9604E+00    1.8728E+01    7.2990E+00    1.2004E+01   
 1.2504E+02    5.1905E+01    5.9268E+01    2.5214E+01    1.9583E+01    2.0948E+01    7.8107E+01    5.7346E+01    1.8450E+01    4.9400E+00    1.8688E+01    7.4205E+00    1.2091E+01   
 1.2554E+02    5.1905E+01    5.9276E+01    2.5263E+01    1.9577E+01    2.0986E+01    7.8107E+01    5.7345E+01    1.8462E+01    4.9808E+00    1.8891E+01    7.2937E+00    1.2074E+01   
# Time (s)      T1w (C)       T2w (C)       T1a (C)       T2a (C)       T1r (C)       T2r (C)       T3r (C)       T4r (C)       P1 (bar)      P2 (bar)      Ic (amp)      Qc (l/min)    
 1.2604E+02    5.1905E+01    5.9275E+01    2.5263E+01    1.9624E+01    2.1043E+01    7.8089E+01    5.7369E+01    1.8485E+01    4.9604E+00    1.8790E+01    7.2937E+00    1.2074E+01   
 1.2663E+02    5.1904E+01    5.9292E+01    2.5272E+01    1.9685E+01    2.1075E+01    7.8077E+01    5.7369E+01    1.8537E+01    4.9604E+00    1.8708E+01    7.3042E+00    1.2091E+01   
 1.2713E+02    5.1927E+01    5.9321E+01    2.5329E+01    1.9694E+01    2.1075E+01    7.8074E+01    5.7392E+01    1.8573E+01    5.0011E+00    1.8830E+01    7.3571E+00    1.2074E+01   
 1.2763E+02    5.1914E+01    5.9308E+01    2.5307E+01    1.9694E+01    2.1115E+01    7.8075E+01    5.7396E+01    1.8564E+01    4.9808E+00    1.8912E+01    7.3042E+00    1.2109E+01   
 1.2813E+02    5.1916E+01    5.9308E+01    2.5027E+01    1.9607E+01    2.1161E+01    7.8075E+01    5.7423E+01    1.8564E+01    4.9808E+00    1.8749E+01    7.2990E+00    1.2126E+01   
 1.2871E+02    5.1926E+01    5.9332E+01    2.4815E+01    1.9617E+01    2.1200E+01    7.8076E+01    5.7441E+01    1.8596E+01    4.9808E+00    1.8708E+01    7.5527E+00    1.2109E+01   
 1.2921E+02    5.1937E+01    5.9346E+01    2.4830E+01    1.9661E+01    2.1238E+01    7.8104E+01    5.7471E+01    1.8632E+01    4.9808E+00    1.8912E+01    7.4839E+00    1.2056E+01   
 1.2971E+02    5.1937E+01    5.9346E+01    2.4684E+01    1.9630E+01    2.1238E+01    7.8138E+01    5.7471E+01    1.8630E+01    5.0011E+00    1.8810E+01    7.4575E+00    1.2039E+01   
 1.3021E+02    5.1953E+01    5.9369E+01    2.4634E+01    1.9646E+01    2.1271E+01    7.8138E+01    5.7472E+01    1.8675E+01    5.0011E+00    1.8728E+01    7.3888E+00    1.2074E+01   
 1.3086E+02    5.1938E+01    5.9366E+01    2.4610E+01    1.9608E+01    2.1305E+01    7.8157E+01    5.7471E+01    1.8701E+01    5.0011E+00    1.8749E+01    7.5051E+00    1.2091E+01   
 1.3136E+02    5.1925E+01    5.9366E+01    2.4542E+01    1.9608E+01    2.1335E+01    7.8147E+01    5.7467E+01    1.8727E+01    5.0419E+00    1.8851E+01    7.3624E+00    1.2091E+01   
 1.3186E+02    5.1925E+01    5.9358E+01    2.4515E+01    1.9629E+01    2.1363E+01    7.8133E+01    5.7455E+01    1.8712E+01    5.0011E+00    1.8728E+01    7.3095E+00    1.2056E+01   
 1.3236E+02    5.1938E+01    5.9375E+01    2.4515E+01    1.9694E+01    2.1394E+01    7.8106E+01    5.7435E+01    1.8725E+01    5.0419E+00    1.8749E+01    7.5949E+00    1.2091E+01   
 1.3299E+02    5.1931E+01    5.9375E+01    2.4468E+01    1.9666E+01    2.1420E+01    7.8108E+01    5.7460E+01    1.8766E+01    5.0215E+00    1.8749E+01    7.4205E+00    1.2056E+01   
 1.3349E+02    5.1931E+01    5.9387E+01    2.4429E+01    1.9662E+01    2.1420E+01    7.8106E+01    5.7460E+01    1.8751E+01    5.0011E+00    1.8932E+01    7.4575E+00    1.2074E+01   
 1.3399E+02    5.1918E+01    5.9375E+01    2.4516E+01    1.9646E+01    2.1452E+01    7.8101E+01    5.7457E+01    1.8815E+01    5.0011E+00    1.8912E+01    7.4311E+00    1.2074E+01   
 1.3449E+02    5.1908E+01    5.9375E+01    2.4668E+01    1.9656E+01    2.1484E+01    7.8100E+01    5.7484E+01    1.8837E+01    5.0215E+00    1.8769E+01    7.3307E+00    1.2074E+01   
 1.3512E+02    5.1937E+01    5.9397E+01    2.4812E+01    1.9638E+01    2.1499E+01    7.8104E+01    5.7471E+01    1.8871E+01    5.0623E+00    1.8912E+01    7.3254E+00    1.2074E+01   
 1.3562E+02    5.1929E+01    5.9405E+01    2.4847E+01    1.9628E+01    2.1535E+01    7.8104E+01    5.7474E+01    1.8871E+01    5.0419E+00    1.8830E+01    7.3888E+00    1.2056E+01   
 1.3612E+02    5.1917E+01    5.9393E+01    2.4831E+01    1.9604E+01    2.1551E+01    7.8097E+01    5.7500E+01    1.8917E+01    5.0419E+00    1.8830E+01    7.5844E+00    1.2091E+01   
 1.3662E+02    5.1917E+01    5.9408E+01    2.4821E+01    1.9689E+01    2.1551E+01    7.8069E+01    5.7500E+01    1.8939E+01    5.0419E+00    1.8769E+01    7.3360E+00    1.2091E+01   
 1.3728E+02    5.1894E+01    5.9390E+01    2.4850E+01    1.9706E+01    2.1565E+01    7.8049E+01    5.7492E+01    1.8958E+01    5.0215E+00    1.8749E+01    7.4839E+00    1.2074E+01   
 1.3778E+02    5.1904E+01    5.9407E+01    2.4920E+01    1.9706E+01    2.1590E+01    7.8028E+01    5.7496E+01    1.8976E+01    5.0419E+00    1.8953E+01    7.6002E+00    1.2039E+01   
 1.3828E+02    5.1917E+01    5.9422E+01    2.4972E+01    1.9723E+01    2.1593E+01    7.7987E+01    5.7480E+01    1.8971E+01    5.0623E+00    1.8871E+01    7.3518E+00    1.2074E+01   
 1.3878E+02    5.1920E+01    5.9412E+01    2.4992E+01    1.9749E+01    2.1622E+01    7.7987E+01    5.7488E+01    1.8971E+01    5.0623E+00    1.8871E+01    7.5527E+00    1.2109E+01   
 1.3941E+02    5.1921E+01    5.9415E+01    2.5020E+01    1.9830E+01    2.1618E+01    7.7974E+01    5.7486E+01    1.8988E+01    5.0826E+00    1.8749E+01    7.3624E+00    1.2109E+01   
 1.3991E+02    5.1907E+01    5.9407E+01    2.5020E+01    1.9810E+01    2.1618E+01    7.7965E+01    5.7480E+01    1.9000E+01    5.0419E+00    1.8953E+01    7.3360E+00    1.2109E+01   
 1.4041E+02    5.1907E+01    5.9404E+01    2.5057E+01    1.9920E+01    2.1618E+01    7.7979E+01    5.7480E+01    1.9026E+01    5.1030E+00    1.8769E+01    7.5949E+00    1.2091E+01   
 1.4091E+02    5.1907E+01    5.9404E+01    2.5072E+01    1.9920E+01    2.1620E+01    7.7996E+01    5.7474E+01    1.9034E+01    5.0826E+00    1.8912E+01    7.4839E+00    1.2074E+01   
 1.4154E+02    5.1907E+01    5.9421E+01    2.5110E+01    1.9899E+01    2.1636E+01    7.8038E+01    5.7471E+01    1.9072E+01    5.0623E+00    1.8912E+01    7.5209E+00    1.2126E+01   
# Time (s)      T1w (C)       T2w (C)       T1a (C)       T2a (C)       T1r (C)       T2r (C)       T3r (C)       T4r (C)       P1 (bar)      P2 (bar)      Ic (amp)      Qc (l/min)    
 1.4204E+02    5.1919E+01    5.9421E+01    2.5155E+01    1.9860E+01    2.1670E+01    7.8052E+01    5.7508E+01    1.9110E+01    5.1030E+00    1.8871E+01    7.3465E+00    1.2021E+01   
 1.4254E+02    5.1904E+01    5.9399E+01    2.5223E+01    1.9875E+01    2.1692E+01    7.8052E+01    5.7511E+01    1.9110E+01    5.1030E+00    1.8932E+01    7.3518E+00    1.2056E+01   
 1.4304E+02    5.1916E+01    5.9420E+01    2.5223E+01    1.9834E+01    2.1702E+01    7.8076E+01    5.7523E+01    1.9138E+01    5.0826E+00    1.8851E+01    7.3412E+00    1.2074E+01   
 1.4364E+02    5.1916E+01    5.9415E+01    2.5241E+01    1.9891E+01    2.1703E+01    7.8061E+01    5.7530E+01    1.9184E+01    5.0826E+00    1.8769E+01    7.3941E+00    1.2056E+01   
 1.4414E+02    5.1909E+01    5.9416E+01    2.5207E+01    1.9923E+01    2.1719E+01    7.8054E+01    5.7545E+01    1.9219E+01    5.0623E+00    1.8830E+01    7.4205E+00    1.2074E+01   
 1.4465E+02    5.1913E+01    5.9415E+01    2.5172E+01    1.9923E+01    2.1740E+01    7.8036E+01    5.7552E+01    1.9232E+01    5.1030E+00    1.9014E+01    7.4628E+00    1.2126E+01   
 1.4515E+02    5.1911E+01    5.9415E+01    2.5192E+01    1.9844E+01    2.1752E+01    7.8050E+01    5.7591E+01    1.9248E+01    5.1234E+00    1.8932E+01    7.6161E+00    1.2074E+01   
 1.4576E+02    5.1901E+01    5.9426E+01    2.5217E+01    1.9934E+01    2.1778E+01    7.8041E+01    5.7592E+01    1.9265E+01    5.1030E+00    1.8769E+01    7.3571E+00    1.2109E+01   
 1.4626E+02    5.1895E+01    5.9415E+01    2.5201E+01    1.9878E+01    2.1763E+01    7.8013E+01    5.7585E+01    1.9286E+01    5.1030E+00    1.8790E+01    7.3730E+00    1.2091E+01   
 1.4677E+02    5.1895E+01    5.9427E+01    2.5242E+01    1.9912E+01    2.1763E+01    7.8049E+01    5.7596E+01    1.9290E+01    5.1030E+00    1.8851E+01    7.4152E+00    1.2074E+01   
 1.4727E+02    5.1894E+01    5.9425E+01    2.5265E+01    1.9914E+01    2.1748E+01    7.8069E+01    5.7596E+01    1.9303E+01    5.1030E+00    1.9014E+01    7.3624E+00    1.2074E+01   
 1.4789E+02    5.1877E+01    5.9431E+01    2.5263E+01    1.9966E+01    2.1742E+01    7.8081E+01    5.7597E+01    1.9305E+01    5.1234E+00    1.8851E+01    7.5897E+00    1.2074E+01   
 1.4839E+02    5.1884E+01    5.9432E+01    2.5338E+01    1.9966E+01    2.1732E+01    7.8073E+01    5.7599E+01    1.9320E+01    5.1030E+00    1.8810E+01    7.6055E+00    1.2056E+01   
 1.4890E+02    5.1885E+01    5.9432E+01    2.5321E+01    1.9912E+01    2.1724E+01    7.8073E+01    5.7616E+01    1.9320E+01    5.1030E+00    1.8932E+01    7.4734E+00    1.2109E+01   
 1.4940E+02    5.1882E+01    5.9444E+01    2.5321E+01    1.9943E+01    2.1684E+01    7.8057E+01    5.7609E+01    1.9332E+01    5.0826E+00    1.8891E+01    7.4892E+00    1.2109E+01   
 1.5002E+02    5.1883E+01    5.9439E+01    2.5227E+01    1.9984E+01    2.1673E+01    7.8073E+01    5.7622E+01    1.9333E+01    5.0623E+00    1.8871E+01    7.3571E+00    1.2091E+01   
 1.5052E+02    5.1883E+01    5.9448E+01    2.5096E+01    1.9985E+01    2.1673E+01    7.8092E+01    5.7608E+01    1.9361E+01    5.0826E+00    1.8851E+01    7.5157E+00    1.2056E+01   
 1.5102E+02    5.1878E+01    5.9438E+01    2.4957E+01    2.0040E+01    2.1624E+01    7.8082E+01    5.7593E+01    1.9362E+01    5.0623E+00    1.8810E+01    7.5632E+00    1.2109E+01   
 1.5152E+02    5.1877E+01    5.9447E+01    2.4947E+01    2.0040E+01    2.1559E+01    7.8083E+01    5.7614E+01    1.9372E+01    5.1030E+00    1.8973E+01    7.5579E+00    1.2091E+01   
 1.5213E+02    5.1879E+01    5.9462E+01    2.5093E+01    1.9995E+01    2.1470E+01    7.8087E+01    5.7623E+01    1.9393E+01    5.0826E+00    1.8830E+01    7.3412E+00    1.2109E+01   
 1.5263E+02    5.1890E+01    5.9461E+01    2.5075E+01    2.0021E+01    2.1372E+01    7.8087E+01    5.7655E+01    1.9393E+01    5.0826E+00    1.8810E+01    7.5474E+00    1.2056E+01   
 1.5313E+02    5.1908E+01    5.9463E+01    2.5091E+01    2.0002E+01    2.1191E+01    7.8124E+01    5.7645E+01    1.9396E+01    5.1234E+00    1.8993E+01    7.6161E+00    1.2091E+01   
 1.5363E+02    5.1908E+01    5.9461E+01    2.5061E+01    2.0057E+01    2.1191E+01    7.8157E+01    5.7645E+01    1.9452E+01    5.1030E+00    1.8851E+01    7.4892E+00    1.2074E+01   
 1.5427E+02    5.1911E+01    5.9469E+01    2.5060E+01    2.0067E+01    2.0886E+01    7.8176E+01    5.7657E+01    1.9470E+01    5.1234E+00    1.8932E+01    7.5262E+00    1.2074E+01   
 1.5477E+02    5.1902E+01    5.9457E+01    2.5006E+01    2.0018E+01    2.0476E+01    7.8183E+01    5.7666E+01    1.9512E+01    5.1234E+00    1.8953E+01    7.3730E+00    1.2039E+01   
 1.5527E+02    5.1901E+01    5.9457E+01    2.4931E+01    2.0018E+01    2.0149E+01    7.8149E+01    5.7702E+01    1.9532E+01    5.0826E+00    1.8810E+01    7.4470E+00    1.2126E+01   
 1.5577E+02    5.1897E+01    5.9457E+01    2.4896E+01    2.0108E+01    1.9887E+01    7.8149E+01    5.7690E+01    1.9532E+01    5.1030E+00    1.8830E+01    7.6055E+00    1.2074E+01   
 1.5640E+02    5.1887E+01    5.9446E+01    2.4875E+01    2.0145E+01    1.9649E+01    7.8146E+01    5.7703E+01    1.9561E+01    5.1437E+00    1.9055E+01    7.3888E+00    1.2074E+01   
 1.5690E+02    5.1900E+01    5.9467E+01    2.4875E+01    2.0138E+01    1.9461E+01    7.8120E+01    5.7691E+01    1.9548E+01    5.1234E+00    1.9014E+01    7.6161E+00    1.2039E+01   
 1.5740E+02    5.1885E+01    5.9437E+01    2.4862E+01    2.0128E+01    1.9445E+01    7.8114E+01    5.7677E+01    1.9531E+01    5.1234E+00    1.9014E+01    7.4047E+00    1.2056E+01   
# Time (s)      T1w (C)       T2w (C)       T1a (C)       T2a (C)       T1r (C)       T2r (C)       T3r (C)       T4r (C)       P1 (bar)      P2 (bar)      Ic (amp)      Qc (l/min)    
 1.5790E+02    5.1890E+01    5.9464E+01    2.4861E+01    2.0141E+01    1.9255E+01    7.8096E+01    5.7640E+01    1.9505E+01    5.1030E+00    1.8932E+01    7.6425E+00    1.2074E+01   
 1.5852E+02    5.1907E+01    5.9495E+01    2.4960E+01    2.0157E+01    1.9083E+01    7.8105E+01    5.7601E+01    1.9500E+01    5.1234E+00    1.9055E+01    7.3994E+00    1.2056E+01   
 1.5902E+02    5.1892E+01    5.9495E+01    2.5016E+01    2.0147E+01    1.8935E+01    7.8105E+01    5.7567E+01    1.9463E+01    5.1030E+00    1.8993E+01    7.6478E+00    1.2091E+01   
 1.5952E+02    5.1898E+01    5.9504E+01    2.4990E+01    2.0160E+01    1.8760E+01    7.8095E+01    5.7547E+01    1.9463E+01    5.1030E+00    1.8953E+01    7.3888E+00    1.2091E+01   
 1.6002E+02    5.1888E+01    5.9544E+01    2.4990E+01    2.0131E+01    1.8631E+01    7.8106E+01    5.7500E+01    1.9444E+01    5.1234E+00    1.9055E+01    7.3835E+00    1.2074E+01   
 1.6062E+02    5.1888E+01    5.9541E+01    2.5039E+01    2.0099E+01    1.8507E+01    7.8124E+01    5.7444E+01    1.9409E+01    5.1234E+00    1.9034E+01    7.6742E+00    1.2109E+01   
 1.6113E+02    5.1921E+01    5.9558E+01    2.5076E+01    2.0108E+01    1.8507E+01    7.8136E+01    5.7444E+01    1.9358E+01    5.0826E+00    1.9116E+01    7.5209E+00    1.2056E+01   
 1.6163E+02    5.1908E+01    5.9603E+01    2.5107E+01    2.0108E+01    1.8366E+01    7.8135E+01    5.7381E+01    1.9317E+01    5.1030E+00    1.9075E+01    7.6584E+00    1.2091E+01   
 1.6213E+02    5.1900E+01    5.9603E+01    2.5160E+01    2.0115E+01    1.8256E+01    7.8149E+01    5.7330E+01    1.9333E+01    5.0826E+00    1.9116E+01    7.3994E+00    1.2126E+01   
 1.6273E+02    5.1903E+01    5.9631E+01    2.5061E+01    2.0055E+01    1.8151E+01    7.8108E+01    5.7258E+01    1.9268E+01    5.0826E+00    1.9197E+01    7.6531E+00    1.2074E+01   
 1.6323E+02    5.1905E+01    5.9635E+01    2.5061E+01    2.0058E+01    1.8037E+01    7.8085E+01    5.7193E+01    1.9229E+01    5.0623E+00    1.9157E+01    7.3994E+00    1.2074E+01   
 1.6373E+02    5.1905E+01    5.9640E+01    2.5058E+01    2.0078E+01    1.8037E+01    7.8067E+01    5.7146E+01    1.9191E+01    5.0623E+00    1.9014E+01    7.4787E+00    1.2091E+01   
 1.6423E+02    5.1889E+01    5.9647E+01    2.4987E+01    1.9968E+01    1.7951E+01    7.8080E+01    5.7161E+01    1.9129E+01    5.0623E+00    1.8973E+01    7.6795E+00    1.2056E+01   
 1.6483E+02    5.1898E+01    5.9672E+01    2.4928E+01    1.9968E+01    1.7853E+01    7.8106E+01    5.7081E+01    1.9101E+01    5.0623E+00    1.9177E+01    7.3994E+00    1.2056E+01   
 1.6533E+02    5.1897E+01    5.9672E+01    2.4864E+01    1.9982E+01    1.7782E+01    7.8125E+01    5.7023E+01    1.9056E+01    5.1030E+00    1.9238E+01    7.5791E+00    1.2056E+01   
 1.6583E+02    5.1888E+01    5.9671E+01    2.4869E+01    1.9940E+01    1.7713E+01    7.8125E+01    5.6928E+01    1.9056E+01    5.0419E+00    1.9055E+01    7.4205E+00    1.2091E+01   
 1.6633E+02    5.1890E+01    5.9694E+01    2.4869E+01    1.9939E+01    1.7634E+01    7.8128E+01    5.6848E+01    1.8992E+01    5.0419E+00    1.9055E+01    7.4417E+00    1.2109E+01   
 1.6694E+02    5.1897E+01    5.9702E+01    2.4858E+01    1.9927E+01    1.7538E+01    7.8167E+01    5.6787E+01    1.8954E+01    5.0623E+00    1.9034E+01    7.4047E+00    1.2056E+01   
 1.6744E+02    5.1912E+01    5.9720E+01    2.4963E+01    1.9912E+01    1.7538E+01    7.8201E+01    5.6787E+01    1.8872E+01    5.0215E+00    1.9259E+01    7.6742E+00    1.2074E+01   
 1.6794E+02    5.1909E+01    5.9727E+01    2.4981E+01    1.9912E+01    1.7459E+01    7.8202E+01    5.6701E+01    1.8805E+01    5.0419E+00    1.9055E+01    7.4522E+00    1.2021E+01   
 1.6844E+02    5.1913E+01    5.9727E+01    2.5013E+01    1.9937E+01    1.7399E+01    7.8202E+01    5.6630E+01    1.8769E+01    5.0419E+00    1.9095E+01    7.4100E+00    1.2056E+01   
 1.6907E+02    5.1913E+01    5.9737E+01    2.5140E+01    1.9896E+01    1.7339E+01    7.8222E+01    5.6547E+01    1.8737E+01    5.0215E+00    1.9218E+01    7.4417E+00    1.2091E+01   
 1.6957E+02    5.1909E+01    5.9739E+01    2.5108E+01    1.9803E+01    1.7286E+01    7.8267E+01    5.6474E+01    1.8737E+01    5.0215E+00    1.9279E+01    7.6108E+00    1.2056E+01   
 1.7007E+02    5.1911E+01    5.9755E+01    2.5108E+01    1.9807E+01    1.7217E+01    7.8292E+01    5.6394E+01    1.8676E+01    5.0011E+00    1.9157E+01    7.5791E+00    1.2091E+01   
 1.7057E+02    5.1911E+01    5.9759E+01    2.5077E+01    1.9809E+01    1.7217E+01    7.8320E+01    5.6394E+01    1.8633E+01    5.0011E+00    1.9299E+01    7.4100E+00    1.2091E+01   
 1.7122E+02    5.1898E+01    5.9772E+01    2.5087E+01    1.9725E+01    1.7156E+01    7.8336E+01    5.6301E+01    1.8579E+01    4.9808E+00    1.9259E+01    7.5632E+00    1.2126E+01   
 1.7172E+02    5.1917E+01    5.9771E+01    2.4917E+01    1.9725E+01    1.7102E+01    7.8366E+01    5.6228E+01    1.8494E+01    4.9808E+00    1.9320E+01    7.6795E+00    1.2109E+01   
 1.7222E+02    5.1908E+01    5.9771E+01    2.4813E+01    1.9653E+01    1.7065E+01    7.8366E+01    5.6153E+01    1.8426E+01    4.9604E+00    1.9157E+01    7.5897E+00    1.2091E+01   
 1.7272E+02    5.1894E+01    5.9765E+01    2.4778E+01    1.9668E+01    1.7042E+01    7.8397E+01    5.6070E+01    1.8426E+01    4.9604E+00    1.9136E+01    7.6319E+00    1.2091E+01   
 1.7331E+02    5.1911E+01    5.9772E+01    2.4778E+01    1.9643E+01    1.7015E+01    7.8433E+01    5.6003E+01    1.8388E+01    4.9400E+00    1.9320E+01    7.4258E+00    1.2074E+01   
# Time (s)      T1w (C)       T2w (C)       T1a (C)       T2a (C)       T1r (C)       T2r (C)       T3r (C)       T4r (C)       P1 (bar)      P2 (bar)      Ic (amp)      Qc (l/min)    
 1.7381E+02    5.1911E+01    5.9773E+01    2.4757E+01    1.9576E+01    1.7015E+01    7.8459E+01    5.5933E+01    1.8326E+01    4.9604E+00    1.9259E+01    7.3941E+00    1.2109E+01   
 1.7431E+02    5.1917E+01    5.9773E+01    2.4759E+01    1.9537E+01    1.6980E+01    7.8491E+01    5.5948E+01    1.8310E+01    4.9196E+00    1.9034E+01    7.4152E+00    1.2091E+01   
 1.7481E+02    5.1920E+01    5.9774E+01    2.4777E+01    1.9537E+01    1.6962E+01    7.8516E+01    5.5857E+01    1.8262E+01    4.9196E+00    1.9218E+01    7.4998E+00    1.2109E+01   
 1.7545E+02    5.1919E+01    5.9774E+01    2.4792E+01    1.9508E+01    1.6953E+01    7.8506E+01    5.5796E+01    1.8209E+01    4.9196E+00    1.9218E+01    7.4628E+00    1.2126E+01   
 1.7595E+02    5.1921E+01    5.9774E+01    2.4781E+01    1.9513E+01    1.6947E+01    7.8506E+01    5.5716E+01    1.8209E+01    4.8789E+00    1.9075E+01    7.4892E+00    1.2056E+01   
 1.7645E+02    5.1913E+01    5.9773E+01    2.4781E+01    1.9440E+01    1.6988E+01    7.8562E+01    5.5663E+01    1.8136E+01    4.8789E+00    1.9157E+01    7.3835E+00    1.2074E+01   
 1.7695E+02    5.1913E+01    5.9768E+01    2.4773E+01    1.9343E+01    1.6988E+01    7.8585E+01    5.5595E+01    1.8112E+01    4.8789E+00    1.9136E+01    7.6425E+00    1.2056E+01   
 1.7758E+02    5.1901E+01    5.9766E+01    2.4777E+01    1.9303E+01    1.7006E+01    7.8561E+01    5.5537E+01    1.8055E+01    4.8585E+00    1.9136E+01    7.5104E+00    1.2056E+01   
 1.7808E+02    5.1932E+01    5.9746E+01    2.4725E+01    1.9271E+01    1.7039E+01    7.8562E+01    5.5537E+01    1.8009E+01    4.8585E+00    1.9034E+01    7.6319E+00    1.2109E+01   
 1.7858E+02    5.1907E+01    5.9732E+01    2.4691E+01    1.9255E+01    1.7098E+01    7.8568E+01    5.5498E+01    1.7919E+01    4.8178E+00    1.9218E+01    7.6108E+00    1.2109E+01   
 1.7908E+02    5.1910E+01    5.9732E+01    2.4674E+01    1.9285E+01    1.7158E+01    7.8568E+01    5.5424E+01    1.7919E+01    4.8382E+00    1.9034E+01    7.5844E+00    1.2091E+01   
 1.7971E+02    5.1908E+01    5.9716E+01    2.4647E+01    1.9198E+01    1.7245E+01    7.8568E+01    5.5419E+01    1.7886E+01    4.8178E+00    1.9055E+01    7.3360E+00    1.2056E+01   
 1.8021E+02    5.1907E+01    5.9700E+01    2.4647E+01    1.9153E+01    1.7323E+01    7.8557E+01    5.5405E+01    1.7855E+01    4.8382E+00    1.9177E+01    7.5897E+00    1.2091E+01   
 1.8071E+02    5.1907E+01    5.9696E+01    2.4641E+01    1.9174E+01    1.7323E+01    7.8536E+01    5.5376E+01    1.7826E+01    4.8178E+00    1.9197E+01    7.3360E+00    1.2091E+01   
 1.8121E+02    5.1895E+01    5.9692E+01    2.4618E+01    1.9130E+01    1.7398E+01    7.8535E+01    5.5391E+01    1.7800E+01    4.8178E+00    1.8932E+01    7.4522E+00    1.2143E+01   
 1.8182E+02    5.1911E+01    5.9685E+01    2.4653E+01    1.9130E+01    1.7502E+01    7.8568E+01    5.5369E+01    1.7774E+01    4.8178E+00    1.9116E+01    7.5368E+00    1.2126E+01   
 1.8232E+02    5.1927E+01    5.9663E+01    2.4706E+01    1.9107E+01    1.7601E+01    7.8611E+01    5.5390E+01    1.7768E+01    4.8178E+00    1.9055E+01    7.6002E+00    1.2109E+01   
 1.8282E+02    5.1927E+01    5.9663E+01    2.4757E+01    1.9157E+01    1.7699E+01    7.8611E+01    5.5391E+01    1.7768E+01    4.7974E+00    1.8953E+01    7.4522E+00    1.2109E+01   
 1.8332E+02    5.1940E+01    5.9646E+01    2.4757E+01    1.9100E+01    1.7790E+01    7.8638E+01    5.5390E+01    1.7776E+01    4.8178E+00    1.8830E+01    7.5685E+00    1.2091E+01   
 1.8391E+02    5.1943E+01    5.9634E+01    2.4732E+01    1.9003E+01    1.7887E+01    7.8662E+01    5.5394E+01    1.7765E+01    4.8178E+00    1.8851E+01    7.3148E+00    1.2091E+01   
 1.8441E+02    5.1958E+01    5.9646E+01    2.4721E+01    1.9071E+01    1.7887E+01    7.8699E+01    5.5394E+01    1.7751E+01    4.8178E+00    1.8912E+01    7.5632E+00    1.2074E+01   
 1.8491E+02    5.1967E+01    5.9611E+01    2.4727E+01    1.9071E+01    1.7974E+01    7.8694E+01    5.5419E+01    1.7708E+01    4.7770E+00    1.8932E+01    7.2990E+00    1.2074E+01   
 1.8541E+02    5.1955E+01    5.9611E+01    2.4604E+01    1.9062E+01    1.8059E+01    7.8680E+01    5.5445E+01    1.7658E+01    4.7770E+00    1.8810E+01    7.5262E+00    1.2074E+01   
 1.8600E+02    5.1972E+01    5.9586E+01    2.4651E+01    1.9011E+01    1.8169E+01    7.8704E+01    5.5510E+01    1.7658E+01    4.7770E+00    1.9034E+01    7.3042E+00    1.2091E+01   
 1.8650E+02    5.1962E+01    5.9552E+01    2.4635E+01    1.9064E+01    1.8224E+01    7.8706E+01    5.5521E+01    1.7670E+01    4.7974E+00    1.9014E+01    7.4839E+00    1.2109E+01   
 1.8700E+02    5.1962E+01    5.9534E+01    2.4637E+01    1.9101E+01    1.8224E+01    7.8728E+01    5.5573E+01    1.7657E+01    4.7974E+00    1.8790E+01    7.4945E+00    1.2074E+01   
 1.8750E+02    5.1968E+01    5.9539E+01    2.4709E+01    1.9078E+01    1.8321E+01    7.8750E+01    5.5558E+01    1.7670E+01    4.8178E+00    1.8769E+01    7.2831E+00    1.2091E+01   
 1.8811E+02    5.1967E+01    5.9527E+01    2.4762E+01    1.9078E+01    1.8418E+01    7.8811E+01    5.5626E+01    1.7712E+01    4.7974E+00    1.8953E+01    7.5262E+00    1.2126E+01   
 1.8861E+02    5.1965E+01    5.9484E+01    2.4758E+01    1.8988E+01    1.8519E+01    7.8822E+01    5.5677E+01    1.7750E+01    4.7974E+00    1.8810E+01    7.2778E+00    1.2021E+01   
 1.8911E+02    5.1959E+01    5.9484E+01    2.4727E+01    1.9012E+01    1.8618E+01    7.8822E+01    5.5702E+01    1.7750E+01    4.8178E+00    1.8993E+01    7.4047E+00    1.2039E+01   
# Time (s)      T1w (C)       T2w (C)       T1a (C)       T2a (C)       T1r (C)       T2r (C)       T3r (C)       T4r (C)       P1 (bar)      P2 (bar)      Ic (amp)      Qc (l/min)    
 1.8961E+02    5.1945E+01    5.9465E+01    2.4712E+01    1.9055E+01    1.8692E+01    7.8824E+01    5.5752E+01    1.7762E+01    4.7974E+00    1.8790E+01    7.2937E+00    1.2091E+01   
 1.9023E+02    5.1958E+01    5.9433E+01    2.4742E+01    1.9166E+01    1.8775E+01    7.8847E+01    5.5812E+01    1.7778E+01    4.7974E+00    1.8912E+01    7.3941E+00    1.2091E+01   
 1.9074E+02    5.1973E+01    5.9446E+01    2.4809E+01    1.9121E+01    1.8775E+01    7.8841E+01    5.5880E+01    1.7800E+01    4.8178E+00    1.8749E+01    7.4945E+00    1.2074E+01   
 1.9124E+02    5.1974E+01    5.9432E+01    2.4813E+01    1.9121E+01    1.8875E+01    7.8847E+01    5.5880E+01    1.7846E+01    4.7974E+00    1.8790E+01    7.3042E+00    1.2109E+01   
 1.9174E+02    5.1959E+01    5.9432E+01    2.4850E+01    1.9071E+01    1.8978E+01    7.8847E+01    5.5956E+01    1.7885E+01    4.8178E+00    1.8912E+01    7.5474E+00    1.2091E+01   
 1.9236E+02    5.1986E+01    5.9437E+01    2.4900E+01    1.9051E+01    1.9042E+01    7.8814E+01    5.6009E+01    1.7899E+01    4.8178E+00    1.8851E+01    7.3730E+00    1.2091E+01   
 1.9286E+02    5.2005E+01    5.9434E+01    2.4871E+01    1.9103E+01    1.9128E+01    7.8808E+01    5.6095E+01    1.7899E+01    4.8178E+00    1.8708E+01    7.3994E+00    1.2074E+01   
 1.9336E+02    5.2031E+01    5.9450E+01    2.4887E+01    1.9080E+01    1.9226E+01    7.8784E+01    5.6180E+01    1.7928E+01    4.8382E+00    1.8728E+01    7.2990E+00    1.2109E+01   
 1.9386E+02    5.2031E+01    5.9447E+01    2.4834E+01    1.9043E+01    1.9226E+01    7.8767E+01    5.6180E+01    1.7986E+01    4.8178E+00    1.8790E+01    7.5262E+00    1.2091E+01   
 1.9446E+02    5.2029E+01    5.9425E+01    2.4826E+01    1.9059E+01    1.9296E+01    7.8724E+01    5.6217E+01    1.8010E+01    4.8178E+00    1.8749E+01    7.3042E+00    1.2091E+01   
 1.9496E+02    5.2022E+01    5.9433E+01    2.4852E+01    1.9059E+01    1.9375E+01    7.8714E+01    5.6283E+01    1.8032E+01    4.8178E+00    1.8749E+01    7.4998E+00    1.2074E+01   
 1.9546E+02    5.2032E+01    5.9433E+01    2.4864E+01    1.8980E+01    1.9455E+01    7.8714E+01    5.6348E+01    1.8057E+01    4.7974E+00    1.8790E+01    7.2884E+00    1.2056E+01   
 1.9596E+02    5.2030E+01    5.9439E+01    2.4864E+01    1.9093E+01    1.9529E+01    7.8700E+01    5.6435E+01    1.8057E+01    4.8178E+00    1.8912E+01    7.5421E+00    1.2109E+01   
 1.9656E+02    5.2027E+01    5.9432E+01    2.4830E+01    1.9087E+01    1.9606E+01    7.8665E+01    5.6520E+01    1.8053E+01    4.8382E+00    1.8912E+01    7.3518E+00    1.2074E+01   
 1.9706E+02    5.2027E+01    5.9437E+01    2.4830E+01    1.9086E+01    1.9606E+01    7.8642E+01    5.6581E+01    1.8020E+01    4.8178E+00    1.8708E+01    7.5368E+00    1.2021E+01   
 1.9756E+02    5.2048E+01    5.9431E+01    2.4780E+01    1.9088E+01    1.9692E+01    7.8624E+01    5.6581E+01    1.8012E+01    4.8178E+00    1.8728E+01    7.4100E+00    1.2074E+01   
 1.9806E+02    5.2044E+01    5.9429E+01    2.4760E+01    1.9088E+01    1.9758E+01    7.8587E+01    5.6638E+01    1.8005E+01    4.8178E+00    1.8912E+01    7.5262E+00    1.2109E+01   
 1.9865E+02    5.2025E+01    5.9414E+01    2.4682E+01    1.9172E+01    1.9820E+01    7.8573E+01    5.6713E+01    1.7970E+01    4.8382E+00    1.8851E+01    7.5474E+00    1.2109E+01   
 1.9915E+02    5.2038E+01    5.9407E+01    2.4623E+01    1.9150E+01    1.9893E+01    7.8566E+01    5.6785E+01    1.7970E+01    4.8585E+00    1.8790E+01    7.5262E+00    1.2056E+01   
 1.9965E+02    5.2037E+01    5.9400E+01    2.4608E+01    1.9143E+01    1.9960E+01    7.8549E+01    5.6849E+01    1.7990E+01    4.8382E+00    1.8810E+01    7.5051E+00    1.2074E+01   
 2.0015E+02    5.2037E+01    5.9397E+01    2.4602E+01    1.9176E+01    1.9960E+01    7.8531E+01    5.6849E+01    1.7987E+01    4.8585E+00    1.8749E+01    7.2884E+00    1.2109E+01   
 2.0076E+02    5.2021E+01    5.9385E+01    2.4570E+01    1.9233E+01    2.0028E+01    7.8505E+01    5.6925E+01    1.7997E+01    4.8585E+00    1.8912E+01    7.5157E+00    1.2091E+01   
 2.0126E+02    5.2023E+01    5.9376E+01    2.4551E+01    1.9233E+01    2.0107E+01    7.8490E+01    5.6998E+01    1.8000E+01    4.8789E+00    1.8891E+01    7.2990E+00    1.2039E+01   
 2.0176E+02    5.2012E+01    5.9376E+01    2.4510E+01    1.9291E+01    2.0161E+01    7.8490E+01    5.7069E+01    1.8027E+01    4.8789E+00    1.8790E+01    7.5527E+00    1.2109E+01   
 2.0226E+02    5.2012E+01    5.9375E+01    2.4510E+01    1.9299E+01    2.0226E+01    7.8456E+01    5.7095E+01    1.8027E+01    4.8789E+00    1.8769E+01    7.2884E+00    1.2109E+01   
 2.0284E+02    5.2020E+01    5.9377E+01    2.4484E+01    1.9329E+01    2.0289E+01    7.8409E+01    5.7157E+01    1.8043E+01    4.9196E+00    1.8891E+01    7.2990E+00    1.2109E+01   
 2.0334E+02    5.2020E+01    5.9379E+01    2.4478E+01    1.9324E+01    2.0289E+01    7.8392E+01    5.7204E+01    1.8065E+01    4.9196E+00    1.8790E+01    7.3201E+00    1.2074E+01   
 2.0384E+02    5.2029E+01    5.9369E+01    2.4437E+01    1.9324E+01    2.0353E+01    7.8364E+01    5.7204E+01    1.8090E+01    4.8993E+00    1.8749E+01    7.3412E+00    1.2074E+01   
 2.0434E+02    5.2013E+01    5.9392E+01    2.4424E+01    1.9432E+01    2.0422E+01    7.8345E+01    5.7255E+01    1.8120E+01    4.8993E+00    1.8790E+01    7.5474E+00    1.2109E+01   
 2.0493E+02    5.2015E+01    5.9392E+01    2.4410E+01    1.9385E+01    2.0450E+01    7.8331E+01    5.7292E+01    1.8125E+01    4.9400E+00    1.8728E+01    7.3360E+00    1.2074E+01   
# Time (s)      T1w (C)       T2w (C)       T1a (C)       T2a (C)       T1r (C)       T2r (C)       T3r (C)       T4r (C)       P1 (bar)      P2 (bar)      Ic (amp)      Qc (l/min)    
 2.0543E+02    5.2049E+01    5.9401E+01    2.4391E+01    1.9403E+01    2.0491E+01    7.8324E+01    5.7316E+01    1.8109E+01    4.9400E+00    1.8790E+01    7.4998E+00    1.2126E+01   
 2.0593E+02    5.2016E+01    5.9390E+01    2.4391E+01    1.9393E+01    2.0536E+01    7.8316E+01    5.7371E+01    1.8153E+01    5.0419E+00    1.8586E+01    2.2514E+00    1.2091E+01   
 2.0643E+02    5.2016E+01    5.9423E+01    2.4374E+01    1.9413E+01    2.0551E+01    7.8305E+01    5.7386E+01    1.8191E+01    5.4086E+00    1.8014E+01    1.9010E-01    1.2126E+01   
 2.0700E+02    5.2041E+01    5.9418E+01    2.4329E+01    1.9501E+01    2.0608E+01    7.8252E+01    5.7410E+01    1.8190E+01    5.4697E+00    1.7607E+01    5.7964E-02    1.2109E+01   
 2.0750E+02    5.2068E+01    5.9343E+01    2.4310E+01    1.9516E+01    2.0666E+01    7.8168E+01    5.7378E+01    1.8180E+01    5.5308E+00    1.7280E+01    4.7393E-02    1.2109E+01   
 2.0800E+02    5.2069E+01    5.9343E+01    2.4275E+01    1.9438E+01    2.0697E+01    7.8168E+01    5.7302E+01    1.8180E+01    5.5716E+00    1.6995E+01    4.2108E-02    1.2126E+01   
 2.0851E+02    5.2095E+01    5.9115E+01    2.4290E+01    1.9484E+01    2.0745E+01    7.8110E+01    5.7203E+01    1.8173E+01    5.5919E+00    1.6791E+01    4.2108E-02    1.2109E+01   
 2.0911E+02    5.2092E+01    5.8749E+01    2.4290E+01    1.9573E+01    2.0759E+01    7.8027E+01    5.7061E+01    1.8148E+01    5.6327E+00    1.6628E+01    4.2108E-02    1.2109E+01   
 2.0961E+02    5.2077E+01    5.8336E+01    2.4275E+01    1.9532E+01    2.0759E+01    7.7927E+01    5.6930E+01    1.8155E+01    5.6327E+00    1.6954E+01    4.2108E-02    1.2109E+01   
 2.1011E+02    5.2070E+01    5.7931E+01    2.4386E+01    1.9532E+01    2.0755E+01    7.7837E+01    5.6930E+01    1.8174E+01    5.6734E+00    1.7158E+01    4.2108E-02    1.2109E+01   
 2.1061E+02    5.2077E+01    5.7511E+01    2.4482E+01    1.9621E+01    2.0782E+01    7.7837E+01    5.6804E+01    1.8185E+01    5.6938E+00    1.7137E+01    4.2108E-02    1.2091E+01   
 2.1120E+02    5.2072E+01    5.7511E+01    2.4512E+01    1.9756E+01    2.0769E+01    7.7763E+01    5.6676E+01    1.8226E+01    5.7142E+00    1.7035E+01    4.2108E-02    1.2109E+01   
 2.1170E+02    5.2073E+01    5.7217E+01    2.4512E+01    1.9804E+01    2.0790E+01    7.7678E+01    5.6589E+01    1.8226E+01    5.7345E+00    1.6893E+01    4.2108E-02    1.2091E+01   
 2.1220E+02    5.2076E+01    5.7031E+01    2.4531E+01    1.9853E+01    2.0790E+01    7.7592E+01    5.6476E+01    1.8233E+01    5.7549E+00    1.6811E+01    4.2108E-02    1.2109E+01   
 2.1270E+02    5.2076E+01    5.6855E+01    2.4548E+01    1.9834E+01    2.0789E+01    7.7495E+01    5.6476E+01    1.8289E+01    5.7345E+00    1.6730E+01    4.2108E-02    1.2126E+01   
 2.1329E+02    5.2095E+01    5.6657E+01    2.4571E+01    1.9834E+01    2.0793E+01    7.7407E+01    5.6365E+01    1.8342E+01    5.7956E+00    1.6607E+01    4.2108E-02    1.2074E+01   
 2.1379E+02    5.2101E+01    5.6553E+01    2.4610E+01    1.9925E+01    2.0806E+01    7.7336E+01    5.6277E+01    1.8380E+01    5.7956E+00    1.6526E+01    4.2108E-02    1.2126E+01   
 2.1429E+02    5.2101E+01    5.6553E+01    2.4616E+01    2.0000E+01    2.0819E+01    7.7336E+01    5.6154E+01    1.8380E+01    5.7753E+00    1.6464E+01    4.2108E-02    1.2126E+01   
 2.1479E+02    5.2113E+01    5.6466E+01    2.4616E+01    2.0027E+01    2.0833E+01    7.7254E+01    5.6075E+01    1.8464E+01    5.7956E+00    1.6383E+01    4.2108E-02    1.2091E+01   
 2.1538E+02    5.2109E+01    5.6328E+01    2.4619E+01    2.0094E+01    2.0835E+01    7.7176E+01    5.5979E+01    1.8526E+01    5.8160E+00    1.6322E+01    4.2108E-02    1.2091E+01   
 2.1588E+02    5.2109E+01    5.6158E+01    2.4631E+01    2.0199E+01    2.0851E+01    7.7094E+01    5.5938E+01    1.8598E+01    5.8364E+00    1.6240E+01    4.2108E-02    1.2091E+01   
 2.1638E+02    5.2106E+01    5.5982E+01    2.4731E+01    2.0199E+01    2.0849E+01    7.6996E+01    5.5938E+01    1.8677E+01    5.8364E+00    1.6199E+01    4.2108E-02    1.2091E+01   
 2.1689E+02    5.2112E+01    5.5982E+01    2.4782E+01    2.0260E+01    2.0866E+01    7.7010E+01    5.5875E+01    1.8744E+01    5.8364E+00    1.6158E+01    4.2108E-02    1.2056E+01   
 2.1748E+02    5.2119E+01    5.5822E+01    2.4791E+01    2.0241E+01    2.0854E+01    7.6918E+01    5.5815E+01    1.8806E+01    5.8364E+00    1.6077E+01    4.2108E-02    1.2074E+01   
 2.1798E+02    5.2115E+01    5.5668E+01    2.4791E+01    2.0078E+01    2.0880E+01    7.6838E+01    5.5767E+01    1.8806E+01    5.8568E+00    1.6057E+01    4.2108E-02    1.2056E+01   
 2.1848E+02    5.2115E+01    5.5521E+01    2.4795E+01    2.0207E+01    2.0880E+01    7.6765E+01    5.5708E+01    1.8888E+01    5.8364E+00    1.5975E+01    4.2108E-02    1.2074E+01   
 2.1898E+02    5.2119E+01    5.5391E+01    2.4803E+01    2.0315E+01    2.0877E+01    7.6669E+01    5.5708E+01    1.8944E+01    5.8568E+00    1.5914E+01    4.2108E-02    1.2074E+01   
 2.1957E+02    5.2136E+01    5.5252E+01    2.4814E+01    2.0315E+01    2.0893E+01    7.6573E+01    5.5658E+01    1.9004E+01    5.8771E+00    1.5853E+01    4.2108E-02    1.2039E+01   
 2.2007E+02    5.2130E+01    5.5126E+01    2.4882E+01    2.0433E+01    2.0908E+01    7.6573E+01    5.5620E+01    1.9056E+01    5.8568E+00    1.5832E+01    4.2108E-02    1.2074E+01   
 2.2057E+02    5.2135E+01    5.5126E+01    2.4927E+01    2.0493E+01    2.0932E+01    7.6494E+01    5.5582E+01    1.9071E+01    5.8771E+00    1.5771E+01    4.2108E-02    1.2109E+01   
# Time (s)      T1w (C)       T2w (C)       T1a (C)       T2a (C)       T1r (C)       T2r (C)       T3r (C)       T4r (C)       P1 (bar)      P2 (bar)      Ic (amp)      Qc (l/min)    
 2.2108E+02    5.2135E+01    5.5009E+01    2.4927E+01    2.0561E+01    2.0943E+01    7.6424E+01    5.5510E+01    1.9124E+01    5.8771E+00    1.5730E+01    4.2108E-02    1.2091E+01   
 2.2168E+02    5.2115E+01    5.4900E+01    2.5001E+01    2.0522E+01    2.0943E+01    7.6329E+01    5.5444E+01    1.9169E+01    5.8771E+00    1.5669E+01    4.2108E-02    1.2091E+01   
 2.2218E+02    5.2115E+01    5.4787E+01    2.5037E+01    2.0391E+01    2.0943E+01    7.6224E+01    5.5397E+01    1.9238E+01    5.8975E+00    1.5649E+01    4.2108E-02    1.2109E+01   
 2.2268E+02    5.2139E+01    5.4676E+01    2.5017E+01    2.0391E+01    2.0973E+01    7.6145E+01    5.5412E+01    1.9283E+01    5.9179E+00    1.5587E+01    4.2108E-02    1.2074E+01   
 2.2319E+02    5.2132E+01    5.4581E+01    2.4949E+01    2.0379E+01    2.0974E+01    7.6145E+01    5.5384E+01    1.9345E+01    5.8975E+00    1.5567E+01    4.2108E-02    1.2109E+01   
 2.2377E+02    5.2118E+01    5.4581E+01    2.4976E+01    2.0546E+01    2.1017E+01    7.6056E+01    5.5356E+01    1.9404E+01    5.8975E+00    1.5485E+01    4.2108E-02    1.2039E+01   
 2.2427E+02    5.2124E+01    5.4486E+01    2.4976E+01    2.0499E+01    2.1018E+01    7.5971E+01    5.5308E+01    1.9404E+01    5.8975E+00    1.5465E+01    4.2108E-02    1.2074E+01   
 2.2477E+02    5.2124E+01    5.4382E+01    2.5017E+01    2.0498E+01    2.1018E+01    7.5880E+01    5.5240E+01    1.9441E+01    5.8975E+00    1.5424E+01    4.2108E-02    1.2039E+01   
 2.2527E+02    5.2114E+01    5.4297E+01    2.5080E+01    2.0620E+01    2.1046E+01    7.5792E+01    5.5240E+01    1.9488E+01    5.8975E+00    1.5424E+01    4.2108E-02    1.2004E+01   
 2.2590E+02    5.2121E+01    5.4203E+01    2.5100E+01    2.0714E+01    2.1052E+01    7.5701E+01    5.5177E+01    1.9529E+01    5.9179E+00    1.5363E+01    4.2108E-02    1.2039E+01   
 2.2640E+02    5.2129E+01    5.4129E+01    2.5112E+01    2.0714E+01    2.1073E+01    7.5631E+01    5.5143E+01    1.9576E+01    5.9179E+00    1.5343E+01    4.2108E-02    1.2091E+01   
 2.2691E+02    5.2145E+01    5.4144E+01    2.5153E+01    2.0769E+01    2.1103E+01    7.5645E+01    5.5118E+01    1.9632E+01    5.9383E+00    1.5322E+01    4.2108E-02    1.2074E+01   
 2.2741E+02    5.2130E+01    5.4057E+01    2.5153E+01    2.0745E+01    2.1129E+01    7.5537E+01    5.5091E+01    1.9632E+01    5.9383E+00    1.5302E+01    4.2108E-02    1.2074E+01   
 2.2802E+02    5.2133E+01    5.3984E+01    2.5171E+01    2.0802E+01    2.1141E+01    7.5458E+01    5.5081E+01    1.9672E+01    5.9383E+00    1.5281E+01    4.2108E-02    1.2039E+01   
 2.2852E+02    5.2133E+01    5.3913E+01    2.5177E+01    2.0837E+01    2.1141E+01    7.5362E+01    5.5019E+01    1.9692E+01    5.9383E+00    1.5261E+01    4.2108E-02    1.2074E+01   
 2.2903E+02    5.2146E+01    5.3853E+01    2.5181E+01    2.0874E+01    2.1151E+01    7.5290E+01    5.5033E+01    1.9750E+01    5.9383E+00    1.5241E+01    4.2108E-02    1.2056E+01   
 2.2953E+02    5.2131E+01    5.3795E+01    2.5135E+01    2.0874E+01    2.1171E+01    7.5194E+01    5.4972E+01    1.9789E+01    5.9586E+00    1.5180E+01    4.2108E-02    1.2039E+01   
 2.3014E+02    5.2134E+01    5.3743E+01    2.5044E+01    2.0783E+01    2.1208E+01    7.5208E+01    5.4958E+01    1.9824E+01    5.9586E+00    1.5180E+01    4.2108E-02    1.2021E+01   
 2.3064E+02    5.2112E+01    5.3728E+01    2.4961E+01    2.0650E+01    2.1215E+01    7.5119E+01    5.4903E+01    1.9849E+01    5.9586E+00    1.5159E+01    4.2108E-02    1.2056E+01   
 2.3114E+02    5.2121E+01    5.3659E+01    2.4961E+01    2.0661E+01    2.1232E+01    7.5032E+01    5.4803E+01    1.9849E+01    5.9383E+00    1.5118E+01    4.2108E-02    1.2056E+01   
 2.3164E+02    5.2121E+01    5.3624E+01    2.4939E+01    2.0731E+01    2.1248E+01    7.4955E+01    5.4810E+01    1.9895E+01    5.9586E+00    1.5118E+01    4.2108E-02    1.2074E+01   
 2.3224E+02    5.2125E+01    5.3574E+01    2.4915E+01    2.0857E+01    2.1247E+01    7.4872E+01    5.4778E+01    1.9922E+01    5.9586E+00    1.5078E+01    4.2108E-02    1.2074E+01   
 2.3274E+02    5.2127E+01    5.3528E+01    2.4916E+01    2.0872E+01    2.1279E+01    7.4791E+01    5.4778E+01    1.9953E+01    5.9586E+00    1.5057E+01    4.2108E-02    1.2056E+01   
 2.3324E+02    5.2120E+01    5.3528E+01    2.4919E+01    2.0834E+01    2.1287E+01    7.4791E+01    5.4733E+01    1.9985E+01    5.9586E+00    1.5037E+01    4.2108E-02    1.2074E+01   
 2.3374E+02    5.2141E+01    5.3498E+01    2.4934E+01    2.0952E+01    2.1301E+01    7.4694E+01    5.4701E+01    1.9985E+01    5.9586E+00    1.5037E+01    4.2108E-02    1.2056E+01   
 2.3434E+02    5.2147E+01    5.3454E+01    2.4953E+01    2.0979E+01    2.1303E+01    7.4599E+01    5.4643E+01    2.0014E+01    5.9790E+00    1.5037E+01    4.2108E-02    1.2056E+01   
 2.3484E+02    5.2145E+01    5.3423E+01    2.4944E+01    2.1026E+01    2.1303E+01    7.4513E+01    5.4616E+01    2.0024E+01    5.9586E+00    1.4996E+01    4.2108E-02    1.2021E+01   
 2.3534E+02    5.2145E+01    5.3388E+01    2.4892E+01    2.1045E+01    2.1318E+01    7.4424E+01    5.4616E+01    2.0042E+01    5.9586E+00    1.4976E+01    4.2108E-02    1.2004E+01   
 2.3584E+02    5.2156E+01    5.3360E+01    2.4858E+01    2.1061E+01    2.1342E+01    7.4340E+01    5.4552E+01    2.0087E+01    5.9790E+00    1.4976E+01    4.2108E-02    1.2039E+01   
 2.3648E+02    5.2167E+01    5.3318E+01    2.4849E+01    2.1109E+01    2.1359E+01    7.4252E+01    5.4517E+01    2.0101E+01    5.9790E+00    1.4955E+01    4.2108E-02    1.2021E+01   
# Time (s)      T1w (C)       T2w (C)       T1a (C)       T2a (C)       T1r (C)       T2r (C)       T3r (C)       T4r (C)       P1 (bar)      P2 (bar)      Ic (amp)      Qc (l/min)    
 2.3698E+02    5.2135E+01    5.3303E+01    2.4796E+01    2.1160E+01    2.1363E+01    7.4252E+01    5.4453E+01    2.0134E+01    5.9790E+00    1.4914E+01    4.2108E-02    1.2021E+01   
 2.3748E+02    5.2142E+01    5.3260E+01    2.4796E+01    2.1210E+01    2.1382E+01    7.4181E+01    5.4371E+01    2.0134E+01    5.9994E+00    1.4935E+01    4.2108E-02    1.2039E+01   
 2.3798E+02    5.2149E+01    5.3227E+01    2.4803E+01    2.1422E+01    2.1397E+01    7.4098E+01    5.4354E+01    2.0169E+01    5.9790E+00    1.4935E+01    4.2108E-02    1.2039E+01   
 2.3860E+02    5.2152E+01    5.3190E+01    2.4853E+01    2.1371E+01    2.1396E+01    7.4010E+01    5.4262E+01    2.0187E+01    5.9790E+00    1.4874E+01    3.6823E-02    1.2074E+01   
 2.3910E+02    5.2152E+01    5.3156E+01    2.4852E+01    2.1345E+01    2.1435E+01    7.3940E+01    5.4277E+01    2.0216E+01    5.9994E+00    1.4894E+01    4.2108E-02    1.2091E+01   
 2.3960E+02    5.2136E+01    5.3116E+01    2.4838E+01    2.1345E+01    2.1434E+01    7.3851E+01    5.4245E+01    2.0258E+01    5.9994E+00    1.4874E+01    4.2108E-02    1.2039E+01   
 2.4010E+02    5.2142E+01    5.3116E+01    2.4831E+01    2.1366E+01    2.1458E+01    7.3851E+01    5.4195E+01    2.0264E+01    5.9994E+00    1.4853E+01    4.2108E-02    1.2021E+01   
 2.4069E+02    5.2133E+01    5.3105E+01    2.4811E+01    2.1420E+01    2.1490E+01    7.3784E+01    5.4162E+01    2.0280E+01    5.9994E+00    1.4853E+01    4.2108E-02    1.2039E+01   
 2.4119E+02    5.2140E+01    5.3074E+01    2.4827E+01    2.1446E+01    2.1498E+01    7.3699E+01    5.4122E+01    2.0300E+01    5.9994E+00    1.4853E+01    4.2108E-02    1.2004E+01   
 2.4169E+02    5.2140E+01    5.3048E+01    2.4842E+01    2.1419E+01    2.1498E+01    7.3607E+01    5.4054E+01    2.0316E+01    5.9790E+00    1.4833E+01    4.2108E-02    1.2021E+01   
 2.4219E+02    5.2130E+01    5.3032E+01    2.4844E+01    2.1419E+01    2.1519E+01    7.3529E+01    5.4054E+01    2.0330E+01    5.9994E+00    1.4812E+01    4.2108E-02    1.1986E+01   
 2.4281E+02    5.2132E+01    5.2998E+01    2.4805E+01    2.1550E+01    2.1508E+01    7.3445E+01    5.4014E+01    2.0320E+01    6.0197E+00    1.4812E+01    4.2108E-02    1.2074E+01   
 2.4331E+02    5.2119E+01    5.2976E+01    2.4800E+01    2.1577E+01    2.1514E+01    7.3445E+01    5.3971E+01    2.0354E+01    5.9790E+00    1.4792E+01    4.2108E-02    1.2074E+01   
 2.4381E+02    5.2111E+01    5.2976E+01    2.4800E+01    2.1556E+01    2.1543E+01    7.3351E+01    5.3903E+01    2.0354E+01    5.9994E+00    1.4792E+01    4.2108E-02    1.2109E+01   
 2.4431E+02    5.2085E+01    5.2954E+01    2.4782E+01    2.1580E+01    2.1543E+01    7.3266E+01    5.3769E+01    2.0364E+01    5.9994E+00    1.4812E+01    4.2108E-02    1.2126E+01   
 2.4491E+02    5.2082E+01    5.2924E+01    2.4764E+01    2.1545E+01    2.1527E+01    7.3167E+01    5.3740E+01    2.0349E+01    5.9790E+00    1.4772E+01    4.2108E-02    1.2074E+01   
 2.4541E+02    5.2082E+01    5.2908E+01    2.4758E+01    2.1571E+01    2.1544E+01    7.3092E+01    5.3727E+01    2.0377E+01    6.0197E+00    1.4792E+01    4.2108E-02    1.2056E+01   
 2.4591E+02    5.2084E+01    5.2892E+01    2.4741E+01    2.1571E+01    2.1533E+01    7.2985E+01    5.3712E+01    2.0380E+01    5.9994E+00    1.4792E+01    4.2108E-02    1.2021E+01   
 2.4641E+02    5.2060E+01    5.2892E+01    2.4721E+01    2.1635E+01    2.1551E+01    7.2985E+01    5.3689E+01    2.0388E+01    6.0197E+00    1.4792E+01    4.2108E-02    1.2056E+01   
 2.4701E+02    5.2059E+01    5.2889E+01    2.4723E+01    2.1628E+01    2.1566E+01    7.2930E+01    5.3623E+01    2.0422E+01    5.9994E+00    1.4792E+01    4.2108E-02    1.1986E+01   
 2.4751E+02    5.2039E+01    5.2867E+01    2.4723E+01    2.1639E+01    2.1585E+01    7.2847E+01    5.3554E+01    2.0422E+01    6.0197E+00    1.4751E+01    4.2108E-02    1.2039E+01   
 2.4801E+02    5.2045E+01    5.2838E+01    2.4705E+01    2.1775E+01    2.1601E+01    7.2781E+01    5.3503E+01    2.0436E+01    6.0197E+00    1.4731E+01    4.2108E-02    1.2004E+01   
 2.4851E+02    5.2045E+01    5.2835E+01    2.4698E+01    2.1775E+01    2.1620E+01    7.2704E+01    5.3503E+01    2.0462E+01    5.9994E+00    1.4731E+01    4.2108E-02    1.2056E+01   
 2.4908E+02    5.2035E+01    5.2827E+01    2.4703E+01    2.1706E+01    2.1629E+01    7.2612E+01    5.3511E+01    2.0482E+01    6.0197E+00    1.4751E+01    4.2108E-02    1.2091E+01   
