# Run number  1 on Mon 2026-05-25T11:05:42 BST
# Time (s)      T1w (C)       T2w (C)       T1a (C)       T2a (C)       T1r (C)       T2r (C)       T3r (C)       T4r (C)       P1 (bar)      P2 (bar)      Ic (amp)      Qc (l/min)    
 2.7121E-01    5.0255E+01    5.8829E+01    2.3478E+01    1.9384E+01    1.7846E+01    7.6048E+01    5.6574E+01    1.8554E+01    4.9604E+00    1.8667E+01    7.3624E+00    1.0463E+01   
 7.8990E-01    5.0256E+01    5.8848E+01    2.3478E+01    1.9271E+01    1.7698E+01    7.6048E+01    5.6515E+01    1.8520E+01    4.9604E+00    1.8647E+01    7.2778E+00    1.0463E+01   
 1.3215E+00    5.0274E+01    5.8863E+01    2.3479E+01    1.9269E+01    1.7567E+01    7.6088E+01    5.6460E+01    1.8501E+01    4.9604E+00    1.8708E+01    7.5368E+00    1.0423E+01   
 1.8217E+00    5.0276E+01    5.8875E+01    2.3532E+01    1.9195E+01    1.7567E+01    7.6086E+01    5.6404E+01    1.8501E+01    4.9604E+00    1.8810E+01    7.3042E+00    1.0423E+01   
 2.3219E+00    5.0291E+01    5.8920E+01    2.3551E+01    1.9211E+01    1.7455E+01    7.6075E+01    5.6350E+01    1.8476E+01    4.9400E+00    1.8749E+01    7.2831E+00    1.0463E+01   
 2.8221E+00    5.0294E+01    5.8929E+01    2.3557E+01    1.9202E+01    1.7343E+01    7.6074E+01    5.6350E+01    1.8452E+01    4.9196E+00    1.8565E+01    7.2778E+00    1.0443E+01   
 3.3224E+00    5.0293E+01    5.8958E+01    2.3557E+01    1.9208E+01    1.7210E+01    7.6074E+01    5.6300E+01    1.8406E+01    4.9400E+00    1.8606E+01    7.2725E+00    1.0463E+01   
 3.8227E+00    5.0284E+01    5.8958E+01    2.3613E+01    1.9227E+01    1.7112E+01    7.6055E+01    5.6249E+01    1.8349E+01    4.9400E+00    1.8606E+01    7.4205E+00    1.0484E+01   
 4.3229E+00    5.0282E+01    5.8969E+01    2.3689E+01    1.9153E+01    1.7128E+01    7.6052E+01    5.6212E+01    1.8364E+01    4.9400E+00    1.8769E+01    7.2831E+00    1.0504E+01   
 4.8232E+00    5.0282E+01    5.8991E+01    2.3906E+01    1.9153E+01    1.7022E+01    7.6018E+01    5.6156E+01    1.8326E+01    4.9196E+00    1.8728E+01    7.3941E+00    1.0423E+01   
 5.3235E+00    5.0283E+01    5.9007E+01    2.3889E+01    1.9188E+01    1.6931E+01    7.6043E+01    5.6156E+01    1.8290E+01    4.9400E+00    1.8851E+01    7.4892E+00    1.0443E+01   
 5.8247E+00    5.0296E+01    5.9028E+01    2.3889E+01    1.9143E+01    1.6837E+01    7.6043E+01    5.6080E+01    1.8232E+01    4.9400E+00    1.8749E+01    7.2884E+00    1.0463E+01   
 6.3254E+00    5.0295E+01    5.9028E+01    2.3752E+01    1.9179E+01    1.6736E+01    7.6037E+01    5.5988E+01    1.8216E+01    4.9196E+00    1.8810E+01    7.2884E+00    1.0443E+01   
 6.8286E+00    5.0293E+01    5.9034E+01    2.3695E+01    1.9197E+01    1.6736E+01    7.6050E+01    5.5931E+01    1.8180E+01    4.8789E+00    1.8790E+01    7.2884E+00    1.0443E+01   
 7.3290E+00    5.0293E+01    5.9052E+01    2.3667E+01    1.9197E+01    1.6644E+01    7.6085E+01    5.5851E+01    1.8135E+01    4.9196E+00    1.8769E+01    7.5579E+00    1.0463E+01   
 7.8293E+00    5.0275E+01    5.9064E+01    2.3606E+01    1.9099E+01    1.6562E+01    7.6148E+01    5.5851E+01    1.8120E+01    4.8993E+00    1.8790E+01    7.4258E+00    1.0463E+01   
 8.3295E+00    5.0276E+01    5.9075E+01    2.3606E+01    1.9137E+01    1.6475E+01    7.6133E+01    5.5750E+01    1.8076E+01    4.8789E+00    1.8626E+01    7.4522E+00    1.0423E+01   
 8.8575E+00    5.0293E+01    5.9075E+01    2.3565E+01    1.9052E+01    1.6401E+01    7.6149E+01    5.5671E+01    1.8076E+01    4.8993E+00    1.8688E+01    7.3994E+00    1.0484E+01   
 9.3578E+00    5.0296E+01    5.9075E+01    2.3589E+01    1.9034E+01    1.6385E+01    7.6176E+01    5.5595E+01    1.7995E+01    4.8789E+00    1.8647E+01    7.3677E+00    1.0504E+01   
 9.8581E+00    5.0296E+01    5.9103E+01    2.3535E+01    1.9034E+01    1.6317E+01    7.6213E+01    5.5510E+01    1.7953E+01    4.8993E+00    1.8667E+01    7.5209E+00    1.0463E+01   
 1.0358E+01    5.0296E+01    5.9099E+01    2.3542E+01    1.8994E+01    1.6244E+01    7.6214E+01    5.5510E+01    1.7926E+01    4.8585E+00    1.8871E+01    7.2990E+00    1.0524E+01   
 1.0954E+01    5.0291E+01    5.9103E+01    2.3523E+01    1.8982E+01    1.6174E+01    7.6214E+01    5.5431E+01    1.7852E+01    4.8585E+00    1.8749E+01    7.4998E+00    1.0463E+01   
 1.1454E+01    5.0291E+01    5.9120E+01    2.3523E+01    1.8924E+01    1.6120E+01    7.6243E+01    5.5349E+01    1.7805E+01    4.8789E+00    1.8749E+01    7.2778E+00    1.0443E+01   
 1.1954E+01    5.0294E+01    5.9120E+01    2.3490E+01    1.8899E+01    1.6049E+01    7.6230E+01    5.5280E+01    1.7805E+01    4.8585E+00    1.8810E+01    7.2778E+00    1.0524E+01   
 1.2455E+01    5.0290E+01    5.9111E+01    2.3501E+01    1.8899E+01    1.6065E+01    7.6249E+01    5.5212E+01    1.7753E+01    4.8382E+00    1.8871E+01    7.4628E+00    1.0423E+01   
 1.3068E+01    5.0280E+01    5.9128E+01    2.3508E+01    1.8869E+01    1.6022E+01    7.6292E+01    5.5125E+01    1.7705E+01    4.8178E+00    1.8891E+01    7.3941E+00    1.0443E+01   
 1.3568E+01    5.0280E+01    5.9123E+01    2.3555E+01    1.8879E+01    1.6003E+01    7.6331E+01    5.5139E+01    1.7656E+01    4.8178E+00    1.8891E+01    7.3148E+00    1.0403E+01   
 1.4069E+01    5.0281E+01    5.9141E+01    2.3556E+01    1.8842E+01    1.5962E+01    7.6331E+01    5.5060E+01    1.7592E+01    4.7974E+00    1.8790E+01    7.4734E+00    1.0504E+01   
 1.4570E+01    5.0290E+01    5.9141E+01    2.3556E+01    1.8762E+01    1.5939E+01    7.6366E+01    5.4995E+01    1.7558E+01    4.8382E+00    1.8708E+01    7.5527E+00    1.0504E+01   
 1.5155E+01    5.0292E+01    5.9130E+01    2.3539E+01    1.8798E+01    1.5889E+01    7.6365E+01    5.4929E+01    1.7508E+01    4.7770E+00    1.8728E+01    7.3465E+00    1.0443E+01   
# Time (s)      T1w (C)       T2w (C)       T1a (C)       T2a (C)       T1r (C)       T2r (C)       T3r (C)       T4r (C)       P1 (bar)      P2 (bar)      Ic (amp)      Qc (l/min)    
 1.5655E+01    5.0302E+01    5.9163E+01    2.3530E+01    1.8722E+01    1.5889E+01    7.6356E+01    5.4858E+01    1.7508E+01    4.7770E+00    1.8708E+01    7.2725E+00    1.0423E+01   
 1.6156E+01    5.0302E+01    5.9141E+01    2.3576E+01    1.8722E+01    1.5867E+01    7.6355E+01    5.4790E+01    1.7426E+01    4.7567E+00    1.8667E+01    7.2725E+00    1.0463E+01   
 1.6657E+01    5.0308E+01    5.9144E+01    2.3584E+01    1.8684E+01    1.5833E+01    7.6362E+01    5.4790E+01    1.7344E+01    4.7770E+00    1.8728E+01    7.3042E+00    1.0484E+01   
 1.7235E+01    5.0308E+01    5.9160E+01    2.3598E+01    1.8642E+01    1.5823E+01    7.6362E+01    5.4710E+01    1.7274E+01    4.7567E+00    1.8667E+01    7.2831E+00    1.0463E+01   
 1.7735E+01    5.0289E+01    5.9139E+01    2.3582E+01    1.8654E+01    1.5826E+01    7.6382E+01    5.4627E+01    1.7215E+01    4.7567E+00    1.8708E+01    7.2884E+00    1.0484E+01   
 1.8235E+01    5.0292E+01    5.9139E+01    2.3580E+01    1.8532E+01    1.5850E+01    7.6406E+01    5.4577E+01    1.7215E+01    4.7363E+00    1.8647E+01    7.4945E+00    1.0504E+01   
 1.8736E+01    5.0294E+01    5.9155E+01    2.3571E+01    1.8532E+01    1.5850E+01    7.6419E+01    5.4526E+01    1.7170E+01    4.7363E+00    1.8769E+01    7.2567E+00    1.0484E+01   
 1.9323E+01    5.0303E+01    5.9134E+01    2.3543E+01    1.8521E+01    1.5879E+01    7.6470E+01    5.4471E+01    1.7119E+01    4.7159E+00    1.8626E+01    7.2567E+00    1.0463E+01   
 1.9823E+01    5.0303E+01    5.9129E+01    2.3503E+01    1.8398E+01    1.5938E+01    7.6510E+01    5.4486E+01    1.7104E+01    4.7363E+00    1.8667E+01    7.2567E+00    1.0463E+01   
 2.0324E+01    5.0283E+01    5.9135E+01    2.3503E+01    1.8458E+01    1.5985E+01    7.6510E+01    5.4409E+01    1.7057E+01    4.6752E+00    1.8871E+01    7.2461E+00    1.0443E+01   
 2.0824E+01    5.0284E+01    5.9121E+01    2.3453E+01    1.8307E+01    1.6051E+01    7.6521E+01    5.4376E+01    1.7036E+01    4.7159E+00    1.8749E+01    7.2778E+00    1.0484E+01   
 2.1403E+01    5.0274E+01    5.9121E+01    2.3455E+01    1.8288E+01    1.6127E+01    7.6532E+01    5.4329E+01    1.7036E+01    4.6752E+00    1.8565E+01    7.4047E+00    1.0524E+01   
 2.1904E+01    5.0296E+01    5.9116E+01    2.3499E+01    1.8304E+01    1.6127E+01    7.6560E+01    5.4303E+01    1.7020E+01    4.6752E+00    1.8688E+01    7.2567E+00    1.0443E+01   
 2.2404E+01    5.0296E+01    5.9104E+01    2.3521E+01    1.8241E+01    1.6194E+01    7.6578E+01    5.4264E+01    1.6975E+01    4.6956E+00    1.8830E+01    7.4734E+00    1.0504E+01   
 2.2904E+01    5.0273E+01    5.9092E+01    2.3542E+01    1.8343E+01    1.6296E+01    7.6578E+01    5.4264E+01    1.6938E+01    4.6752E+00    1.8708E+01    7.2197E+00    1.0504E+01   
 2.3493E+01    5.0263E+01    5.9047E+01    2.3526E+01    1.8145E+01    1.6384E+01    7.6589E+01    5.4264E+01    1.6909E+01    4.6752E+00    1.8728E+01    7.2197E+00    1.0484E+01   
 2.3993E+01    5.0261E+01    5.9047E+01    2.3545E+01    1.8224E+01    1.6493E+01    7.6592E+01    5.4237E+01    1.6842E+01    4.6752E+00    1.8708E+01    7.3148E+00    1.0463E+01   
 2.4494E+01    5.0276E+01    5.9032E+01    2.3523E+01    1.8141E+01    1.6508E+01    7.6615E+01    5.4264E+01    1.6857E+01    4.6548E+00    1.8565E+01    7.2038E+00    1.0463E+01   
 2.4994E+01    5.0249E+01    5.9013E+01    2.3533E+01    1.8141E+01    1.6586E+01    7.6604E+01    5.4300E+01    1.6851E+01    4.6548E+00    1.8626E+01    7.4470E+00    1.0443E+01   
 2.5597E+01    5.0242E+01    5.8975E+01    2.3510E+01    1.8054E+01    1.6691E+01    7.6586E+01    5.4313E+01    1.6830E+01    4.6548E+00    1.8443E+01    7.2725E+00    1.0484E+01   
 2.6097E+01    5.0242E+01    5.8962E+01    2.3543E+01    1.8141E+01    1.6793E+01    7.6567E+01    5.4313E+01    1.6825E+01    4.6752E+00    1.8667E+01    7.4152E+00    1.0484E+01   
 2.6597E+01    5.0257E+01    5.8937E+01    2.3543E+01    1.8087E+01    1.6896E+01    7.6567E+01    5.4293E+01    1.6807E+01    4.6548E+00    1.8484E+01    7.2408E+00    1.0463E+01   
 2.7098E+01    5.0249E+01    5.8937E+01    2.3541E+01    1.8042E+01    1.6994E+01    7.6563E+01    5.4356E+01    1.6807E+01    4.6548E+00    1.8545E+01    7.4417E+00    1.0484E+01   
 2.7684E+01    5.0265E+01    5.8920E+01    2.3548E+01    1.8132E+01    1.7092E+01    7.6610E+01    5.4381E+01    1.6807E+01    4.6548E+00    1.8443E+01    7.2408E+00    1.0463E+01   
 2.8185E+01    5.0258E+01    5.8901E+01    2.3537E+01    1.8132E+01    1.7092E+01    7.6641E+01    5.4412E+01    1.6818E+01    4.6548E+00    1.8606E+01    7.2672E+00    1.0463E+01   
 2.8685E+01    5.0258E+01    5.8887E+01    2.3496E+01    1.8095E+01    1.7181E+01    7.6654E+01    5.4413E+01    1.6832E+01    4.6344E+00    1.8586E+01    7.2990E+00    1.0463E+01   
 2.9185E+01    5.0263E+01    5.8859E+01    2.3520E+01    1.8086E+01    1.7276E+01    7.6654E+01    5.4413E+01    1.6876E+01    4.6548E+00    1.8443E+01    7.1721E+00    1.0504E+01   
 2.9765E+01    5.0278E+01    5.8851E+01    2.3535E+01    1.8160E+01    1.7395E+01    7.6665E+01    5.4470E+01    1.6881E+01    4.6548E+00    1.8382E+01    7.2990E+00    1.0463E+01   
 3.0265E+01    5.0289E+01    5.8851E+01    2.3533E+01    1.8084E+01    1.7475E+01    7.6670E+01    5.4522E+01    1.6900E+01    4.6752E+00    1.8341E+01    7.2408E+00    1.0423E+01   
 3.0766E+01    5.0289E+01    5.8849E+01    2.3487E+01    1.8165E+01    1.7475E+01    7.6692E+01    5.4590E+01    1.6900E+01    4.6548E+00    1.8463E+01    7.1668E+00    1.0443E+01   
# Time (s)      T1w (C)       T2w (C)       T1a (C)       T2a (C)       T1r (C)       T2r (C)       T3r (C)       T4r (C)       P1 (bar)      P2 (bar)      Ic (amp)      Qc (l/min)    
 3.1266E+01    5.0276E+01    5.8832E+01    2.3474E+01    1.8165E+01    1.7573E+01    7.6707E+01    5.4648E+01    1.6915E+01    4.6752E+00    1.8484E+01    7.3465E+00    1.0484E+01   
 3.1853E+01    5.0276E+01    5.8817E+01    2.3486E+01    1.8202E+01    1.7657E+01    7.6726E+01    5.4707E+01    1.6925E+01    4.6548E+00    1.8524E+01    7.2197E+00    1.0463E+01   
 3.2353E+01    5.0274E+01    5.8789E+01    2.3537E+01    1.8138E+01    1.7766E+01    7.6726E+01    5.4707E+01    1.6949E+01    4.6752E+00    1.8422E+01    7.3307E+00    1.0484E+01   
 3.2854E+01    5.0276E+01    5.8777E+01    2.3537E+01    1.8050E+01    1.7854E+01    7.6714E+01    5.4766E+01    1.6969E+01    4.6548E+00    1.8443E+01    7.1563E+00    1.0504E+01   
 3.3354E+01    5.0282E+01    5.8777E+01    2.3666E+01    1.8099E+01    1.7941E+01    7.6732E+01    5.4838E+01    1.6968E+01    4.6548E+00    1.8382E+01    7.4152E+00    1.0443E+01   
 3.3933E+01    5.0275E+01    5.8757E+01    2.3683E+01    1.8033E+01    1.7925E+01    7.6699E+01    5.4894E+01    1.6952E+01    4.6752E+00    1.8545E+01    7.3042E+00    1.0484E+01   
 3.4434E+01    5.0268E+01    5.8739E+01    2.3663E+01    1.8033E+01    1.8017E+01    7.6698E+01    5.4950E+01    1.6973E+01    4.6752E+00    1.8443E+01    7.1985E+00    1.0463E+01   
 3.4934E+01    5.0268E+01    5.8737E+01    2.3622E+01    1.8254E+01    1.8102E+01    7.6694E+01    5.4950E+01    1.6977E+01    4.6752E+00    1.8382E+01    7.2091E+00    1.0463E+01   
 3.5434E+01    5.0264E+01    5.8736E+01    2.3622E+01    1.8176E+01    1.8175E+01    7.6694E+01    5.5019E+01    1.6991E+01    4.6752E+00    1.8463E+01    7.2461E+00    1.0443E+01   
 3.6022E+01    5.0271E+01    5.8718E+01    2.3609E+01    1.8219E+01    1.8245E+01    7.6653E+01    5.5096E+01    1.6986E+01    4.6956E+00    1.8300E+01    7.2197E+00    1.0463E+01   
 3.6522E+01    5.0253E+01    5.8718E+01    2.3553E+01    1.8128E+01    1.8324E+01    7.6628E+01    5.5159E+01    1.6992E+01    4.6752E+00    1.8361E+01    7.1774E+00    1.0443E+01   
 3.7023E+01    5.0267E+01    5.8725E+01    2.3520E+01    1.8128E+01    1.8324E+01    7.6602E+01    5.5212E+01    1.6992E+01    4.6956E+00    1.8504E+01    7.3095E+00    1.0443E+01   
 3.7523E+01    5.0267E+01    5.8700E+01    2.3510E+01    1.8156E+01    1.8410E+01    7.6552E+01    5.5280E+01    1.7025E+01    4.6752E+00    1.8565E+01    7.3360E+00    1.0443E+01   
 3.8102E+01    5.0265E+01    5.8703E+01    2.3538E+01    1.8213E+01    1.8514E+01    7.6560E+01    5.5372E+01    1.7037E+01    4.6752E+00    1.8300E+01    7.3095E+00    1.0443E+01   
 3.8602E+01    5.0275E+01    5.8709E+01    2.3538E+01    1.8239E+01    1.8564E+01    7.6546E+01    5.5357E+01    1.7025E+01    4.6956E+00    1.8402E+01    7.1933E+00    1.0463E+01   
 3.9102E+01    5.0275E+01    5.8707E+01    2.3552E+01    1.8208E+01    1.8635E+01    7.6516E+01    5.5444E+01    1.7038E+01    4.6752E+00    1.8524E+01    7.2038E+00    1.0443E+01   
 3.9603E+01    5.0274E+01    5.8707E+01    2.3563E+01    1.8215E+01    1.8635E+01    7.6493E+01    5.5525E+01    1.7038E+01    4.6752E+00    1.8463E+01    7.2408E+00    1.0443E+01   
 4.0190E+01    5.0270E+01    5.8700E+01    2.3521E+01    1.8227E+01    1.8708E+01    7.6471E+01    5.5588E+01    1.7069E+01    4.6752E+00    1.8504E+01    7.2091E+00    1.0484E+01   
 4.0691E+01    5.0274E+01    5.8688E+01    2.3504E+01    1.8227E+01    1.8793E+01    7.6448E+01    5.5649E+01    1.7104E+01    4.7159E+00    1.8422E+01    7.3465E+00    1.0504E+01   
 4.1191E+01    5.0274E+01    5.8686E+01    2.3502E+01    1.8250E+01    1.8854E+01    7.6419E+01    5.5649E+01    1.7110E+01    4.6956E+00    1.8320E+01    7.2672E+00    1.0484E+01   
 4.1691E+01    5.0280E+01    5.8681E+01    2.3502E+01    1.8282E+01    1.8906E+01    7.6405E+01    5.5717E+01    1.7111E+01    4.6956E+00    1.8422E+01    7.1668E+00    1.0463E+01   
 4.2271E+01    5.0275E+01    5.8671E+01    2.3515E+01    1.8367E+01    1.8981E+01    7.6408E+01    5.5779E+01    1.7131E+01    4.6956E+00    1.8484E+01    7.3201E+00    1.0443E+01   
 4.2771E+01    5.0284E+01    5.8671E+01    2.3457E+01    1.8381E+01    1.9049E+01    7.6400E+01    5.5845E+01    1.7131E+01    4.6956E+00    1.8402E+01    7.4152E+00    1.0403E+01   
 4.3271E+01    5.0279E+01    5.8676E+01    2.3500E+01    1.8381E+01    1.9049E+01    7.6383E+01    5.5897E+01    1.7151E+01    4.7363E+00    1.8524E+01    7.3994E+00    1.0463E+01   
 4.3772E+01    5.0279E+01    5.8663E+01    2.3510E+01    1.8520E+01    1.9119E+01    7.6389E+01    5.5948E+01    1.7204E+01    4.7363E+00    1.8320E+01    7.2091E+00    1.0423E+01   
 4.4384E+01    5.0284E+01    5.8657E+01    2.3510E+01    1.8466E+01    1.9176E+01    7.6401E+01    5.5948E+01    1.7248E+01    4.7363E+00    1.8320E+01    7.4047E+00    1.0443E+01   
 4.4884E+01    5.0278E+01    5.8647E+01    2.3510E+01    1.8511E+01    1.9234E+01    7.6401E+01    5.6009E+01    1.7294E+01    4.7567E+00    1.8402E+01    7.1985E+00    1.0484E+01   
 4.5384E+01    5.0285E+01    5.8647E+01    2.3488E+01    1.8553E+01    1.9310E+01    7.6413E+01    5.6074E+01    1.7321E+01    4.7567E+00    1.8422E+01    7.3571E+00    1.0524E+01   
 4.5885E+01    5.0295E+01    5.8660E+01    2.3486E+01    1.8546E+01    1.9310E+01    7.6431E+01    5.6104E+01    1.7321E+01    4.7770E+00    1.8504E+01    7.4417E+00    1.0443E+01   
 4.6463E+01    5.0290E+01    5.8635E+01    2.3458E+01    1.8546E+01    1.9368E+01    7.6399E+01    5.6165E+01    1.7339E+01    4.7770E+00    1.8341E+01    7.1827E+00    1.0463E+01   
# Time (s)      T1w (C)       T2w (C)       T1a (C)       T2a (C)       T1r (C)       T2r (C)       T3r (C)       T4r (C)       P1 (bar)      P2 (bar)      Ic (amp)      Qc (l/min)    
 4.6964E+01    5.0290E+01    5.8639E+01    2.3433E+01    1.8529E+01    1.9415E+01    7.6389E+01    5.6194E+01    1.7360E+01    4.7770E+00    1.8484E+01    7.4417E+00    1.0484E+01   
 4.7464E+01    5.0297E+01    5.8634E+01    2.3416E+01    1.8558E+01    1.9480E+01    7.6389E+01    5.6194E+01    1.7400E+01    4.7974E+00    1.8484E+01    7.1880E+00    1.0443E+01   
 4.7964E+01    5.0296E+01    5.8656E+01    2.3416E+01    1.8519E+01    1.9542E+01    7.6345E+01    5.6264E+01    1.7420E+01    4.7770E+00    1.8524E+01    7.2514E+00    1.0504E+01   
 4.8552E+01    5.0292E+01    5.8647E+01    2.3415E+01    1.8658E+01    1.9598E+01    7.6303E+01    5.6299E+01    1.7456E+01    4.7974E+00    1.8484E+01    7.4364E+00    1.0504E+01   
 4.9052E+01    5.0302E+01    5.8662E+01    2.3444E+01    1.8646E+01    1.9598E+01    7.6310E+01    5.6332E+01    1.7456E+01    4.7770E+00    1.8422E+01    7.2567E+00    1.0463E+01   
 4.9552E+01    5.0313E+01    5.8653E+01    2.3460E+01    1.8646E+01    1.9636E+01    7.6309E+01    5.6352E+01    1.7474E+01    4.7974E+00    1.8280E+01    7.4205E+00    1.0463E+01   
 5.0052E+01    5.0313E+01    5.8675E+01    2.3458E+01    1.8605E+01    1.9706E+01    7.6326E+01    5.6399E+01    1.7496E+01    4.8178E+00    1.8361E+01    7.2091E+00    1.0423E+01   
 5.0648E+01    5.0288E+01    5.8682E+01    2.3450E+01    1.8624E+01    1.9753E+01    7.6337E+01    5.6399E+01    1.7497E+01    4.7974E+00    1.8565E+01    7.4311E+00    1.0443E+01   
 5.1148E+01    5.0315E+01    5.8677E+01    2.3450E+01    1.8543E+01    1.9802E+01    7.6337E+01    5.6437E+01    1.7494E+01    4.8178E+00    1.8565E+01    7.1985E+00    1.0463E+01   
 5.1648E+01    5.0315E+01    5.8677E+01    2.3512E+01    1.8588E+01    1.9853E+01    7.6344E+01    5.6441E+01    1.7516E+01    4.8178E+00    1.8422E+01    7.3571E+00    1.0443E+01   
 5.2149E+01    5.0306E+01    5.8681E+01    2.3558E+01    1.8596E+01    1.9853E+01    7.6321E+01    5.6456E+01    1.7516E+01    4.8382E+00    1.8361E+01    7.1985E+00    1.0463E+01   
 5.2736E+01    5.0281E+01    5.8668E+01    2.3605E+01    1.8580E+01    1.9890E+01    7.6323E+01    5.6486E+01    1.7541E+01    4.8178E+00    1.8422E+01    7.1985E+00    1.0463E+01   
 5.3237E+01    5.0281E+01    5.8686E+01    2.3585E+01    1.8668E+01    1.9938E+01    7.6358E+01    5.6505E+01    1.7550E+01    4.8585E+00    1.8565E+01    7.4681E+00    1.0484E+01   
 5.3737E+01    5.0295E+01    5.8682E+01    2.3563E+01    1.8676E+01    1.9987E+01    7.6358E+01    5.6505E+01    1.7572E+01    4.8585E+00    1.8422E+01    7.2303E+00    1.0443E+01   
 5.4237E+01    5.0290E+01    5.8675E+01    2.3563E+01    1.8712E+01    2.0027E+01    7.6378E+01    5.6505E+01    1.7602E+01    4.8585E+00    1.8545E+01    7.4258E+00    1.0504E+01   
 5.4832E+01    5.0322E+01    5.8705E+01    2.3550E+01    1.8697E+01    2.0081E+01    7.6406E+01    5.6526E+01    1.7631E+01    4.8382E+00    1.8524E+01    7.2355E+00    1.0423E+01   
 5.5333E+01    5.0297E+01    5.8705E+01    2.3523E+01    1.8736E+01    2.0081E+01    7.6413E+01    5.6511E+01    1.7631E+01    4.8585E+00    1.8545E+01    7.4258E+00    1.0484E+01   
 5.5833E+01    5.0312E+01    5.8729E+01    2.3535E+01    1.8752E+01    2.0133E+01    7.6418E+01    5.6546E+01    1.7640E+01    4.8585E+00    1.8382E+01    7.2778E+00    1.0463E+01   
 5.6333E+01    5.0312E+01    5.8724E+01    2.3489E+01    1.8753E+01    2.0170E+01    7.6421E+01    5.6569E+01    1.7672E+01    4.8585E+00    1.8504E+01    7.4787E+00    1.0443E+01   
 5.6913E+01    5.0322E+01    5.8742E+01    2.3473E+01    1.8748E+01    2.0212E+01    7.6421E+01    5.6569E+01    1.7686E+01    4.8585E+00    1.8504E+01    7.2303E+00    1.0463E+01   
 5.7413E+01    5.0332E+01    5.8758E+01    2.3473E+01    1.8761E+01    2.0243E+01    7.6401E+01    5.6571E+01    1.7720E+01    4.8585E+00    1.8504E+01    7.2250E+00    1.0423E+01   
 5.7913E+01    5.0336E+01    5.8773E+01    2.3407E+01    1.8780E+01    2.0296E+01    7.6381E+01    5.6589E+01    1.7762E+01    4.8993E+00    1.8422E+01    7.2197E+00    1.0484E+01   
 5.8414E+01    5.0343E+01    5.8784E+01    2.3395E+01    1.8719E+01    2.0296E+01    7.6402E+01    5.6605E+01    1.7762E+01    4.8993E+00    1.8443E+01    7.4364E+00    1.0484E+01   
 5.9009E+01    5.0351E+01    5.8779E+01    2.3467E+01    1.8719E+01    2.0342E+01    7.6398E+01    5.6626E+01    1.7825E+01    4.8789E+00    1.8606E+01    7.2303E+00    1.0504E+01   
 5.9509E+01    5.0351E+01    5.8782E+01    2.3495E+01    1.8785E+01    2.0371E+01    7.6365E+01    5.6621E+01    1.7851E+01    4.8993E+00    1.8626E+01    7.4364E+00    1.0484E+01   
 6.0010E+01    5.0342E+01    5.8787E+01    2.3510E+01    1.8750E+01    2.0401E+01    7.6365E+01    5.6621E+01    1.7877E+01    4.8993E+00    1.8484E+01    7.2197E+00    1.0484E+01   
 6.0510E+01    5.0354E+01    5.8789E+01    2.3510E+01    1.8772E+01    2.0431E+01    7.6341E+01    5.6624E+01    1.7901E+01    4.8993E+00    1.8402E+01    7.4839E+00    1.0484E+01   
 6.1105E+01    5.0348E+01    5.8789E+01    2.3482E+01    1.8825E+01    2.0482E+01    7.6334E+01    5.6632E+01    1.7929E+01    4.9196E+00    1.8402E+01    7.2937E+00    1.0443E+01   
 6.1606E+01    5.0349E+01    5.8796E+01    2.3413E+01    1.8818E+01    2.0482E+01    7.6331E+01    5.6638E+01    1.7929E+01    4.9196E+00    1.8565E+01    7.4945E+00    1.0443E+01   
 6.2107E+01    5.0335E+01    5.8794E+01    2.3462E+01    1.8818E+01    2.0509E+01    7.6339E+01    5.6622E+01    1.7956E+01    4.9196E+00    1.8504E+01    7.4892E+00    1.0463E+01   
# Time (s)      T1w (C)       T2w (C)       T1a (C)       T2a (C)       T1r (C)       T2r (C)       T3r (C)       T4r (C)       P1 (bar)      P2 (bar)      Ic (amp)      Qc (l/min)    
 6.2607E+01    5.0335E+01    5.8797E+01    2.3539E+01    1.8764E+01    2.0534E+01    7.6369E+01    5.6637E+01    1.7992E+01    4.9196E+00    1.8463E+01    7.4681E+00    1.0484E+01   
 6.3186E+01    5.0344E+01    5.8807E+01    2.3535E+01    1.8811E+01    2.0542E+01    7.6369E+01    5.6637E+01    1.8021E+01    4.9196E+00    1.8422E+01    7.3360E+00    1.0463E+01   
 6.3686E+01    5.0342E+01    5.8811E+01    2.3535E+01    1.8857E+01    2.0572E+01    7.6385E+01    5.6657E+01    1.8058E+01    4.9196E+00    1.8545E+01    7.4470E+00    1.0463E+01   
 6.4186E+01    5.0350E+01    5.8811E+01    2.3529E+01    1.8903E+01    2.0592E+01    7.6414E+01    5.6651E+01    1.8093E+01    4.8993E+00    1.8586E+01    7.2567E+00    1.0504E+01   
 6.4687E+01    5.0356E+01    5.8807E+01    2.3531E+01    1.8903E+01    2.0592E+01    7.6438E+01    5.6639E+01    1.8093E+01    4.9196E+00    1.8484E+01    7.3465E+00    1.0443E+01   
 6.5274E+01    5.0362E+01    5.8811E+01    2.3498E+01    1.8831E+01    2.0636E+01    7.6455E+01    5.6689E+01    1.8140E+01    4.9196E+00    1.8565E+01    7.3254E+00    1.0463E+01   
 6.5774E+01    5.0362E+01    5.8807E+01    2.3477E+01    1.8876E+01    2.0669E+01    7.6496E+01    5.6696E+01    1.8203E+01    4.8993E+00    1.8504E+01    7.5104E+00    1.0463E+01   
 6.6274E+01    5.0355E+01    5.8823E+01    2.3477E+01    1.8901E+01    2.0691E+01    7.6496E+01    5.6696E+01    1.8250E+01    4.8993E+00    1.8524E+01    7.4998E+00    1.0443E+01   
 6.6775E+01    5.0339E+01    5.8836E+01    2.3489E+01    1.8963E+01    2.0694E+01    7.6477E+01    5.6700E+01    1.8256E+01    4.9196E+00    1.8443E+01    7.4787E+00    1.0443E+01   
 6.7354E+01    5.0343E+01    5.8836E+01    2.3426E+01    1.8975E+01    2.0724E+01    7.6468E+01    5.6689E+01    1.8280E+01    4.9400E+00    1.8626E+01    7.3518E+00    1.0423E+01   
 6.7855E+01    5.0345E+01    5.8829E+01    2.3397E+01    1.8975E+01    2.0739E+01    7.6456E+01    5.6717E+01    1.8296E+01    4.9196E+00    1.8524E+01    7.2884E+00    1.0423E+01   
 6.8355E+01    5.0340E+01    5.8841E+01    2.3377E+01    1.8960E+01    2.0755E+01    7.6418E+01    5.6717E+01    1.8330E+01    4.9400E+00    1.8443E+01    7.2725E+00    1.0443E+01   
 6.8855E+01    5.0340E+01    5.8859E+01    2.3400E+01    1.8868E+01    2.0766E+01    7.6418E+01    5.6717E+01    1.8380E+01    4.9196E+00    1.8545E+01    7.5157E+00    1.0403E+01   
 6.9451E+01    5.0344E+01    5.8847E+01    2.3400E+01    1.8976E+01    2.0764E+01    7.6402E+01    5.6723E+01    1.8391E+01    4.9604E+00    1.8688E+01    7.2514E+00    1.0484E+01   
 6.9951E+01    5.0347E+01    5.8848E+01    2.3346E+01    1.9029E+01    2.0777E+01    7.6385E+01    5.6741E+01    1.8394E+01    4.9196E+00    1.8626E+01    7.3518E+00    1.0504E+01   
 7.0451E+01    5.0341E+01    5.8848E+01    2.3348E+01    1.9058E+01    2.0777E+01    7.6372E+01    5.6762E+01    1.8394E+01    4.9604E+00    1.8504E+01    7.2567E+00    1.0524E+01   
 7.0952E+01    5.0342E+01    5.8868E+01    2.3377E+01    1.9058E+01    2.0811E+01    7.6375E+01    5.6755E+01    1.8427E+01    4.9400E+00    1.8504E+01    7.4364E+00    1.0484E+01   
 7.1547E+01    5.0357E+01    5.8876E+01    2.3425E+01    1.9124E+01    2.0814E+01    7.6367E+01    5.6771E+01    1.8432E+01    4.9604E+00    1.8688E+01    7.2620E+00    1.0443E+01   
 7.2047E+01    5.0357E+01    5.8859E+01    2.3435E+01    1.9137E+01    2.0823E+01    7.6386E+01    5.6758E+01    1.8427E+01    4.9604E+00    1.8626E+01    7.5051E+00    1.0463E+01   
 7.2547E+01    5.0340E+01    5.8881E+01    2.3435E+01    1.9054E+01    2.0832E+01    7.6386E+01    5.6758E+01    1.8445E+01    4.9604E+00    1.8647E+01    7.3148E+00    1.0443E+01   
 7.3048E+01    5.0354E+01    5.8905E+01    2.3429E+01    1.9107E+01    2.0820E+01    7.6357E+01    5.6754E+01    1.8431E+01    5.0011E+00    1.8545E+01    7.4364E+00    1.0504E+01   
 7.3635E+01    5.0345E+01    5.8905E+01    2.3451E+01    1.9075E+01    2.0809E+01    7.6355E+01    5.6767E+01    1.8422E+01    4.9604E+00    1.8626E+01    7.4628E+00    1.0463E+01   
 7.4136E+01    5.0360E+01    5.8898E+01    2.3436E+01    1.9075E+01    2.0809E+01    7.6347E+01    5.6794E+01    1.8422E+01    4.9400E+00    1.8484E+01    7.2620E+00    1.0443E+01   
 7.4636E+01    5.0357E+01    5.8903E+01    2.3445E+01    1.9113E+01    2.0786E+01    7.6375E+01    5.6800E+01    1.8442E+01    4.9400E+00    1.8422E+01    7.2725E+00    1.0484E+01   
 7.5136E+01    5.0357E+01    5.8904E+01    2.3417E+01    1.9128E+01    2.0769E+01    7.6375E+01    5.6800E+01    1.8451E+01    4.9604E+00    1.8586E+01    7.2884E+00    1.0504E+01   
 7.5731E+01    5.0349E+01    5.8924E+01    2.3417E+01    1.9168E+01    2.0728E+01    7.6388E+01    5.6783E+01    1.8456E+01    4.9400E+00    1.8586E+01    7.3677E+00    1.0423E+01   
 7.6232E+01    5.0346E+01    5.8923E+01    2.3443E+01    1.9195E+01    2.0694E+01    7.6372E+01    5.6791E+01    1.8467E+01    4.9400E+00    1.8688E+01    7.2778E+00    1.0423E+01   
 7.6732E+01    5.0358E+01    5.8923E+01    2.3475E+01    1.9171E+01    2.0694E+01    7.6381E+01    5.6824E+01    1.8467E+01    4.9196E+00    1.8688E+01    7.2461E+00    1.0484E+01   
 7.7232E+01    5.0338E+01    5.8903E+01    2.3471E+01    1.9155E+01    2.0632E+01    7.6386E+01    5.6835E+01    1.8492E+01    4.9400E+00    1.8504E+01    7.3254E+00    1.0443E+01   
 7.7812E+01    5.0355E+01    5.8898E+01    2.3460E+01    1.9087E+01    2.0577E+01    7.6378E+01    5.6850E+01    1.8519E+01    4.9400E+00    1.8667E+01    7.4787E+00    1.0423E+01   
# Time (s)      T1w (C)       T2w (C)       T1a (C)       T2a (C)       T1r (C)       T2r (C)       T3r (C)       T4r (C)       P1 (bar)      P2 (bar)      Ic (amp)      Qc (l/min)    
 7.8312E+01    5.0355E+01    5.8897E+01    2.3472E+01    1.9120E+01    2.0468E+01    7.6378E+01    5.6850E+01    1.8530E+01    4.9808E+00    1.8626E+01    7.4417E+00    1.0463E+01   
 7.8812E+01    5.0331E+01    5.8900E+01    2.3472E+01    1.9155E+01    2.0269E+01    7.6348E+01    5.6856E+01    1.8566E+01    4.9400E+00    1.8484E+01    7.5209E+00    1.0504E+01   
 7.9313E+01    5.0331E+01    5.8900E+01    2.3484E+01    1.9230E+01    1.9924E+01    7.6332E+01    5.6878E+01    1.8583E+01    4.9400E+00    1.8504E+01    7.3888E+00    1.0423E+01   
 7.9924E+01    5.0331E+01    5.8893E+01    2.3503E+01    1.9122E+01    1.9518E+01    7.6333E+01    5.6904E+01    1.8622E+01    4.9400E+00    1.8463E+01    7.5157E+00    1.0443E+01   
 8.0425E+01    5.0328E+01    5.8888E+01    2.3490E+01    1.9122E+01    1.9518E+01    7.6320E+01    5.6917E+01    1.8622E+01    4.9808E+00    1.8667E+01    7.4047E+00    1.0463E+01   
 8.0925E+01    5.0324E+01    5.8900E+01    2.3531E+01    1.9188E+01    1.9183E+01    7.6297E+01    5.6905E+01    1.8647E+01    4.9808E+00    1.8586E+01    7.2884E+00    1.0443E+01   
 8.1425E+01    5.0339E+01    5.8921E+01    2.3522E+01    1.9195E+01    1.8928E+01    7.6297E+01    5.6905E+01    1.8656E+01    4.9604E+00    1.8443E+01    7.3095E+00    1.0504E+01   
 8.2020E+01    5.0348E+01    5.8891E+01    2.3522E+01    1.9203E+01    1.8690E+01    7.6281E+01    5.6890E+01    1.8652E+01    4.9808E+00    1.8504E+01    7.2831E+00    1.0443E+01   
 8.2521E+01    5.0343E+01    5.8888E+01    2.3466E+01    1.9257E+01    1.8476E+01    7.6245E+01    5.6870E+01    1.8647E+01    5.0011E+00    1.8647E+01    7.4945E+00    1.0463E+01   
 8.3021E+01    5.0339E+01    5.8888E+01    2.3451E+01    1.9229E+01    1.8492E+01    7.6259E+01    5.6839E+01    1.8662E+01    4.9808E+00    1.8524E+01    7.4998E+00    1.0484E+01   
 8.3521E+01    5.0351E+01    5.8905E+01    2.3380E+01    1.9229E+01    1.8322E+01    7.6261E+01    5.6834E+01    1.8654E+01    4.9604E+00    1.8524E+01    7.4470E+00    1.0443E+01   
 8.4101E+01    5.0355E+01    5.8919E+01    2.3367E+01    1.9190E+01    1.8153E+01    7.6293E+01    5.6799E+01    1.8650E+01    4.9604E+00    1.8688E+01    7.3042E+00    1.0443E+01   
 8.4601E+01    5.0355E+01    5.8923E+01    2.3339E+01    1.9125E+01    1.7977E+01    7.6293E+01    5.6799E+01    1.8606E+01    4.9808E+00    1.8524E+01    7.2937E+00    1.0443E+01   
 8.5102E+01    5.0346E+01    5.8931E+01    2.3339E+01    1.9194E+01    1.7808E+01    7.6367E+01    5.6766E+01    1.8594E+01    4.9604E+00    1.8606E+01    7.2990E+00    1.0463E+01   
 8.5602E+01    5.0349E+01    5.8931E+01    2.3309E+01    1.9187E+01    1.7673E+01    7.6376E+01    5.6704E+01    1.8558E+01    4.9604E+00    1.8667E+01    7.5579E+00    1.0423E+01   
 8.6189E+01    5.0356E+01    5.8968E+01    2.3261E+01    1.9115E+01    1.7689E+01    7.6410E+01    5.6664E+01    1.8573E+01    4.9808E+00    1.8606E+01    7.4047E+00    1.0463E+01   
 8.6689E+01    5.0350E+01    5.8978E+01    2.3162E+01    1.9115E+01    1.7564E+01    7.6421E+01    5.6631E+01    1.8534E+01    4.9400E+00    1.8586E+01    7.5579E+00    1.0504E+01   
 8.7190E+01    5.0356E+01    5.8992E+01    2.3106E+01    1.9199E+01    1.7408E+01    7.6402E+01    5.6561E+01    1.8490E+01    4.9604E+00    1.8810E+01    7.4945E+00    1.0423E+01   
 8.7690E+01    5.0356E+01    5.9004E+01    2.3003E+01    1.9222E+01    1.7296E+01    7.6402E+01    5.6561E+01    1.8463E+01    4.9604E+00    1.8851E+01    7.5157E+00    1.0463E+01   
 8.8269E+01    5.0346E+01    5.9011E+01    2.3003E+01    1.9123E+01    1.7195E+01    7.6377E+01    5.6485E+01    1.8393E+01    4.9196E+00    1.8688E+01    7.3782E+00    1.0463E+01   
 8.8770E+01    5.0351E+01    5.9030E+01    2.2963E+01    1.9099E+01    1.7084E+01    7.6365E+01    5.6419E+01    1.8373E+01    4.9604E+00    1.8667E+01    7.3412E+00    1.0463E+01   
 8.9270E+01    5.0355E+01    5.9030E+01    2.2935E+01    1.9174E+01    1.7084E+01    7.6428E+01    5.6337E+01    1.8373E+01    4.9400E+00    1.8810E+01    7.3254E+00    1.0443E+01   
 8.9770E+01    5.0346E+01    5.9064E+01    2.2943E+01    1.9174E+01    1.6994E+01    7.6455E+01    5.6294E+01    1.8325E+01    4.9604E+00    1.8891E+01    7.3941E+00    1.0463E+01   
 9.0366E+01    5.0348E+01    5.9084E+01    2.3042E+01    1.9127E+01    1.6871E+01    7.6446E+01    5.6195E+01    1.8250E+01    4.9400E+00    1.8749E+01    7.5474E+00    1.0504E+01   
 9.0866E+01    5.0348E+01    5.9081E+01    2.3117E+01    1.9111E+01    1.6790E+01    7.6446E+01    5.6195E+01    1.8190E+01    4.9400E+00    1.8667E+01    7.3148E+00    1.0484E+01   
 9.1367E+01    5.0351E+01    5.9116E+01    2.3133E+01    1.9157E+01    1.6705E+01    7.6450E+01    5.6133E+01    1.8162E+01    4.9196E+00    1.8708E+01    7.3095E+00    1.0504E+01   
 9.1867E+01    5.0366E+01    5.9116E+01    2.3249E+01    1.9075E+01    1.6705E+01    7.6452E+01    5.6037E+01    1.8113E+01    4.8993E+00    1.8769E+01    7.5685E+00    1.0463E+01   
 9.2470E+01    5.0374E+01    5.9128E+01    2.3322E+01    1.9051E+01    1.6619E+01    7.6487E+01    5.5940E+01    1.8113E+01    4.8993E+00    1.8769E+01    7.2990E+00    1.0484E+01   
 9.2970E+01    5.0363E+01    5.9144E+01    2.3370E+01    1.9051E+01    1.6532E+01    7.6512E+01    5.5873E+01    1.8065E+01    4.8993E+00    1.8769E+01    7.4839E+00    1.0484E+01   
 9.3471E+01    5.0363E+01    5.9154E+01    2.3393E+01    1.9026E+01    1.6447E+01    7.6553E+01    5.5804E+01    1.7991E+01    4.8789E+00    1.8749E+01    7.3095E+00    1.0484E+01   
# Time (s)      T1w (C)       T2w (C)       T1a (C)       T2a (C)       T1r (C)       T2r (C)       T3r (C)       T4r (C)       P1 (bar)      P2 (bar)      Ic (amp)      Qc (l/min)    
 9.3971E+01    5.0356E+01    5.9157E+01    2.3393E+01    1.8999E+01    1.6359E+01    7.6553E+01    5.5804E+01    1.7915E+01    4.8789E+00    1.8830E+01    7.5474E+00    1.0463E+01   
 9.4558E+01    5.0323E+01    5.9154E+01    2.3422E+01    1.8910E+01    1.6283E+01    7.6547E+01    5.5723E+01    1.7865E+01    4.8585E+00    1.8708E+01    7.5104E+00    1.0463E+01   
 9.5059E+01    5.0311E+01    5.9126E+01    2.3402E+01    1.8864E+01    1.6198E+01    7.6534E+01    5.5648E+01    1.7772E+01    4.8585E+00    1.8912E+01    7.5421E+00    1.0463E+01   
 9.5559E+01    5.0322E+01    5.9126E+01    2.3381E+01    1.8864E+01    1.6198E+01    7.6552E+01    5.5543E+01    1.7772E+01    4.8993E+00    1.8851E+01    7.4681E+00    1.0463E+01   
 9.6059E+01    5.0346E+01    5.9170E+01    2.3435E+01    1.8827E+01    1.6106E+01    7.6558E+01    5.5466E+01    1.7704E+01    4.8585E+00    1.8871E+01    7.4470E+00    1.0403E+01   
 9.6663E+01    5.0342E+01    5.9183E+01    2.3472E+01    1.8879E+01    1.6077E+01    7.6579E+01    5.5377E+01    1.7640E+01    4.8382E+00    1.8830E+01    7.3941E+00    1.0484E+01   
 9.7163E+01    5.0327E+01    5.9160E+01    2.3440E+01    1.8737E+01    1.6009E+01    7.6565E+01    5.5362E+01    1.7578E+01    4.8382E+00    1.8953E+01    7.4364E+00    1.0484E+01   
 9.7663E+01    5.0322E+01    5.9155E+01    2.3440E+01    1.8785E+01    1.5956E+01    7.6592E+01    5.5282E+01    1.7523E+01    4.8585E+00    1.8851E+01    7.5632E+00    1.0463E+01   
 9.8163E+01    5.0327E+01    5.9155E+01    2.3437E+01    1.8753E+01    1.5927E+01    7.6603E+01    5.5208E+01    1.7452E+01    4.8178E+00    1.8810E+01    7.3360E+00    1.0524E+01   
 9.8743E+01    5.0336E+01    5.9151E+01    2.3392E+01    1.8747E+01    1.5927E+01    7.6569E+01    5.5161E+01    1.7452E+01    4.8382E+00    1.8830E+01    7.2937E+00    1.0443E+01   
 9.9243E+01    5.0323E+01    5.9163E+01    2.3380E+01    1.8747E+01    1.5904E+01    7.6592E+01    5.5090E+01    1.7417E+01    4.8178E+00    1.8912E+01    7.3254E+00    1.0484E+01   
 9.9743E+01    5.0323E+01    5.9181E+01    2.3353E+01    1.8562E+01    1.5862E+01    7.6609E+01    5.5018E+01    1.7364E+01    4.7974E+00    1.8830E+01    7.2990E+00    1.0463E+01   
 1.0024E+02    5.0307E+01    5.9152E+01    2.3337E+01    1.8605E+01    1.5849E+01    7.6623E+01    5.5033E+01    1.7336E+01    4.7770E+00    1.8851E+01    7.3782E+00    1.0463E+01   
 1.0082E+02    5.0322E+01    5.9157E+01    2.3314E+01    1.8551E+01    1.5835E+01    7.6636E+01    5.4962E+01    1.7279E+01    4.7770E+00    1.8891E+01    7.3201E+00    1.0484E+01   
 1.0132E+02    5.0314E+01    5.9181E+01    2.3322E+01    1.8517E+01    1.5861E+01    7.6668E+01    5.4896E+01    1.7275E+01    4.7770E+00    1.8830E+01    7.4575E+00    1.0403E+01   
 1.0182E+02    5.0323E+01    5.9181E+01    2.3366E+01    1.8517E+01    1.5861E+01    7.6670E+01    5.4831E+01    1.7275E+01    4.7770E+00    1.8932E+01    7.5579E+00    1.0484E+01   
 1.0232E+02    5.0339E+01    5.9185E+01    2.3392E+01    1.8455E+01    1.5899E+01    7.6681E+01    5.4785E+01    1.7233E+01    4.7567E+00    1.8790E+01    7.2831E+00    1.0443E+01   
 1.0292E+02    5.0348E+01    5.9173E+01    2.3413E+01    1.8430E+01    1.5937E+01    7.6680E+01    5.4738E+01    1.7179E+01    4.7567E+00    1.8728E+01    7.4152E+00    1.0463E+01   
 1.0342E+02    5.0363E+01    5.9193E+01    2.3428E+01    1.8451E+01    1.5971E+01    7.6665E+01    5.4723E+01    1.7091E+01    4.7363E+00    1.8688E+01    7.2725E+00    1.0443E+01   
 1.0392E+02    5.0371E+01    5.9186E+01    2.3392E+01    1.8433E+01    1.6011E+01    7.6698E+01    5.4670E+01    1.7042E+01    4.7363E+00    1.8728E+01    7.2778E+00    1.0403E+01   
 1.0442E+02    5.0351E+01    5.9200E+01    2.3404E+01    1.8362E+01    1.5995E+01    7.6705E+01    5.4598E+01    1.6963E+01    4.7363E+00    1.8912E+01    7.2725E+00    1.0484E+01   
 1.0500E+02    5.0377E+01    5.9192E+01    2.3365E+01    1.8362E+01    1.6037E+01    7.6722E+01    5.4506E+01    1.6963E+01    4.7363E+00    1.8749E+01    7.2884E+00    1.0423E+01   
 1.0550E+02    5.0364E+01    5.9203E+01    2.3260E+01    1.8397E+01    1.6105E+01    7.6740E+01    5.4451E+01    1.6921E+01    4.6956E+00    1.8667E+01    7.4628E+00    1.0484E+01   
 1.0600E+02    5.0364E+01    5.9200E+01    2.3289E+01    1.8379E+01    1.6181E+01    7.6740E+01    5.4451E+01    1.6857E+01    4.7159E+00    1.8932E+01    7.5157E+00    1.0504E+01   
 1.0650E+02    5.0363E+01    5.9189E+01    2.3289E+01    1.8383E+01    1.6238E+01    7.6790E+01    5.4422E+01    1.6821E+01    4.7159E+00    1.8851E+01    7.3782E+00    1.0463E+01   
 1.0709E+02    5.0360E+01    5.9164E+01    2.3336E+01    1.8326E+01    1.6333E+01    7.6825E+01    5.4389E+01    1.6796E+01    4.6956E+00    1.8851E+01    7.4152E+00    1.0463E+01   
 1.0759E+02    5.0366E+01    5.9164E+01    2.3326E+01    1.8321E+01    1.6348E+01    7.6878E+01    5.4393E+01    1.6765E+01    4.6752E+00    1.8871E+01    7.2355E+00    1.0484E+01   
 1.0809E+02    5.0366E+01    5.9139E+01    2.3375E+01    1.8321E+01    1.6416E+01    7.6892E+01    5.4396E+01    1.6781E+01    4.6752E+00    1.8586E+01    7.4734E+00    1.0423E+01   
 1.0859E+02    5.0354E+01    5.9133E+01    2.3406E+01    1.8255E+01    1.6521E+01    7.6946E+01    5.4403E+01    1.6744E+01    4.6752E+00    1.8626E+01    7.2197E+00    1.0443E+01   
 1.0917E+02    5.0354E+01    5.9116E+01    2.3423E+01    1.8246E+01    1.6623E+01    7.6960E+01    5.4424E+01    1.6765E+01    4.6752E+00    1.8667E+01    7.2355E+00    1.0443E+01   
# Time (s)      T1w (C)       T2w (C)       T1a (C)       T2a (C)       T1r (C)       T2r (C)       T3r (C)       T4r (C)       P1 (bar)      P2 (bar)      Ic (amp)      Qc (l/min)    
 1.0967E+02    5.0360E+01    5.9097E+01    2.3423E+01    1.8247E+01    1.6726E+01    7.6999E+01    5.4424E+01    1.6716E+01    4.6752E+00    1.8728E+01    7.4470E+00    1.0423E+01   
 1.1017E+02    5.0365E+01    5.9059E+01    2.3421E+01    1.8194E+01    1.6811E+01    7.7026E+01    5.4429E+01    1.6709E+01    4.6752E+00    1.8708E+01    7.2725E+00    1.0484E+01   
 1.1067E+02    5.0358E+01    5.9059E+01    2.3383E+01    1.8249E+01    1.6811E+01    7.7037E+01    5.4436E+01    1.6709E+01    4.6752E+00    1.8565E+01    7.3782E+00    1.0423E+01   
 1.1128E+02    5.0367E+01    5.9047E+01    2.3398E+01    1.8249E+01    1.6907E+01    7.7049E+01    5.4459E+01    1.6685E+01    4.6752E+00    1.8504E+01    7.4311E+00    1.0463E+01   
 1.1178E+02    5.0369E+01    5.9009E+01    2.3366E+01    1.8255E+01    1.6992E+01    7.7077E+01    5.4518E+01    1.6698E+01    4.6752E+00    1.8728E+01    7.2038E+00    1.0484E+01   
 1.1228E+02    5.0369E+01    5.9007E+01    2.3371E+01    1.8331E+01    1.7100E+01    7.7077E+01    5.4518E+01    1.6691E+01    4.6752E+00    1.8647E+01    7.2091E+00    1.0484E+01   
 1.1278E+02    5.0375E+01    5.8992E+01    2.3371E+01    1.8374E+01    1.7179E+01    7.7080E+01    5.4524E+01    1.6715E+01    4.6752E+00    1.8463E+01    7.4575E+00    1.0484E+01   
 1.1339E+02    5.0371E+01    5.8961E+01    2.3352E+01    1.8240E+01    1.7278E+01    7.7066E+01    5.4551E+01    1.6739E+01    4.6752E+00    1.8443E+01    7.1933E+00    1.0423E+01   
 1.1389E+02    5.0379E+01    5.8961E+01    2.3346E+01    1.8264E+01    1.7278E+01    7.7073E+01    5.4596E+01    1.6730E+01    4.6752E+00    1.8545E+01    7.3201E+00    1.0463E+01   
 1.1439E+02    5.0386E+01    5.8949E+01    2.3332E+01    1.8264E+01    1.7355E+01    7.7058E+01    5.4681E+01    1.6730E+01    4.6752E+00    1.8667E+01    7.1985E+00    1.0463E+01   
 1.1489E+02    5.0376E+01    5.8924E+01    2.3327E+01    1.8262E+01    1.7464E+01    7.7069E+01    5.4733E+01    1.6764E+01    4.6752E+00    1.8545E+01    7.3941E+00    1.0443E+01   
 1.1547E+02    5.0376E+01    5.8905E+01    2.3334E+01    1.8261E+01    1.7544E+01    7.7069E+01    5.4795E+01    1.6789E+01    4.6752E+00    1.8708E+01    7.3518E+00    1.0443E+01   
 1.1597E+02    5.0380E+01    5.8890E+01    2.3334E+01    1.8273E+01    1.7656E+01    7.7063E+01    5.4795E+01    1.6799E+01    4.6752E+00    1.8586E+01    7.4311E+00    1.0423E+01   
 1.1647E+02    5.0388E+01    5.8884E+01    2.3337E+01    1.8354E+01    1.7753E+01    7.7102E+01    5.4872E+01    1.6828E+01    4.6752E+00    1.8443E+01    7.3835E+00    1.0463E+01   
 1.1697E+02    5.0379E+01    5.8884E+01    2.3340E+01    1.8211E+01    1.7753E+01    7.7094E+01    5.4928E+01    1.6828E+01    4.6752E+00    1.8484E+01    7.3677E+00    1.0463E+01   
 1.1755E+02    5.0382E+01    5.8863E+01    2.3353E+01    1.8211E+01    1.7832E+01    7.7079E+01    5.4987E+01    1.6838E+01    4.6956E+00    1.8708E+01    7.2355E+00    1.0463E+01   
 1.1805E+02    5.0380E+01    5.8878E+01    2.3367E+01    1.8176E+01    1.7933E+01    7.7079E+01    5.5022E+01    1.6865E+01    4.6752E+00    1.8524E+01    7.2620E+00    1.0463E+01   
 1.1855E+02    5.0380E+01    5.8862E+01    2.3382E+01    1.8172E+01    1.8015E+01    7.7079E+01    5.5022E+01    1.6896E+01    4.6752E+00    1.8647E+01    7.1985E+00    1.0443E+01   
 1.1905E+02    5.0384E+01    5.8838E+01    2.3382E+01    1.8225E+01    1.8102E+01    7.7057E+01    5.5106E+01    1.6912E+01    4.6752E+00    1.8463E+01    7.2990E+00    1.0463E+01   
 1.1964E+02    5.0396E+01    5.8837E+01    2.3368E+01    1.8208E+01    1.8201E+01    7.7057E+01    5.5179E+01    1.6953E+01    4.6956E+00    1.8484E+01    7.2567E+00    1.0463E+01   
 1.2014E+02    5.0385E+01    5.8837E+01    2.3366E+01    1.8325E+01    1.8201E+01    7.7016E+01    5.5231E+01    1.6988E+01    4.6956E+00    1.8463E+01    7.4522E+00    1.0463E+01   
 1.2064E+02    5.0373E+01    5.8823E+01    2.3348E+01    1.8325E+01    1.8285E+01    7.6984E+01    5.5306E+01    1.6988E+01    4.7159E+00    1.8545E+01    7.3148E+00    1.0484E+01   
 1.2114E+02    5.0373E+01    5.8834E+01    2.3329E+01    1.8298E+01    1.8364E+01    7.6933E+01    5.5386E+01    1.7007E+01    4.6752E+00    1.8524E+01    7.3518E+00    1.0484E+01   
 1.2175E+02    5.0393E+01    5.8814E+01    2.3323E+01    1.8222E+01    1.8461E+01    7.6947E+01    5.5478E+01    1.7054E+01    4.7159E+00    1.8586E+01    7.1933E+00    1.0443E+01   
 1.2225E+02    5.0388E+01    5.8820E+01    2.3323E+01    1.8221E+01    1.8549E+01    7.6919E+01    5.5493E+01    1.7101E+01    4.6956E+00    1.8606E+01    7.3412E+00    1.0463E+01   
 1.2276E+02    5.0397E+01    5.8802E+01    2.3328E+01    1.8289E+01    1.8614E+01    7.6892E+01    5.5566E+01    1.7124E+01    4.6956E+00    1.8524E+01    7.1985E+00    1.0443E+01   
 1.2326E+02    5.0404E+01    5.8817E+01    2.3386E+01    1.8328E+01    1.8614E+01    7.6855E+01    5.5631E+01    1.7124E+01    4.7159E+00    1.8422E+01    7.4047E+00    1.0443E+01   
 1.2385E+02    5.0418E+01    5.8819E+01    2.3371E+01    1.8328E+01    1.8698E+01    7.6826E+01    5.5682E+01    1.7132E+01    4.6956E+00    1.8463E+01    7.2884E+00    1.0463E+01   
 1.2435E+02    5.0430E+01    5.8833E+01    2.3389E+01    1.8321E+01    1.8771E+01    7.6797E+01    5.5754E+01    1.7127E+01    4.6956E+00    1.8463E+01    7.3835E+00    1.0463E+01   
 1.2485E+02    5.0430E+01    5.8834E+01    2.3389E+01    1.8362E+01    1.8839E+01    7.6797E+01    5.5754E+01    1.7149E+01    4.6956E+00    1.8484E+01    7.4100E+00    1.0443E+01   
# Time (s)      T1w (C)       T2w (C)       T1a (C)       T2a (C)       T1r (C)       T2r (C)       T3r (C)       T4r (C)       P1 (bar)      P2 (bar)      Ic (amp)      Qc (l/min)    
 1.2535E+02    5.0430E+01    5.8825E+01    2.3389E+01    1.8377E+01    1.8908E+01    7.6771E+01    5.5831E+01    1.7162E+01    4.7363E+00    1.8524E+01    7.4311E+00    1.0463E+01   
 1.2593E+02    5.0426E+01    5.8822E+01    2.3393E+01    1.8302E+01    1.8981E+01    7.6739E+01    5.5895E+01    1.7157E+01    4.7363E+00    1.8382E+01    7.4205E+00    1.0423E+01   
 1.2643E+02    5.0443E+01    5.8837E+01    2.3371E+01    1.8360E+01    1.8981E+01    7.6725E+01    5.5959E+01    1.7171E+01    4.6956E+00    1.8524E+01    7.1880E+00    1.0484E+01   
 1.2693E+02    5.0450E+01    5.8836E+01    2.3299E+01    1.8360E+01    1.9048E+01    7.6713E+01    5.6029E+01    1.7171E+01    4.7159E+00    1.8504E+01    7.2038E+00    1.0463E+01   
 1.2743E+02    5.0436E+01    5.8828E+01    2.3182E+01    1.8389E+01    1.9116E+01    7.6704E+01    5.6098E+01    1.7193E+01    4.7159E+00    1.8484E+01    7.1985E+00    1.0463E+01   
 1.2802E+02    5.0422E+01    5.8804E+01    2.3220E+01    1.8416E+01    1.9176E+01    7.6704E+01    5.6098E+01    1.7207E+01    4.7159E+00    1.8545E+01    7.1933E+00    1.0463E+01   
 1.2852E+02    5.0412E+01    5.8801E+01    2.3205E+01    1.8435E+01    1.9251E+01    7.6686E+01    5.6151E+01    1.7246E+01    4.7567E+00    1.8545E+01    7.2672E+00    1.0443E+01   
 1.2902E+02    5.0422E+01    5.8783E+01    2.3220E+01    1.8408E+01    1.9291E+01    7.6666E+01    5.6208E+01    1.7273E+01    4.7567E+00    1.8382E+01    7.1985E+00    1.0423E+01   
 1.2952E+02    5.0420E+01    5.8783E+01    2.3193E+01    1.8408E+01    1.9291E+01    7.6668E+01    5.6269E+01    1.7273E+01    4.7363E+00    1.8361E+01    7.3201E+00    1.0463E+01   
 1.3010E+02    5.0419E+01    5.8783E+01    2.3195E+01    1.8453E+01    1.9377E+01    7.6653E+01    5.6334E+01    1.7313E+01    4.7770E+00    1.8586E+01    7.4522E+00    1.0423E+01   
 1.3060E+02    5.0423E+01    5.8786E+01    2.3247E+01    1.8526E+01    1.9431E+01    7.6651E+01    5.6376E+01    1.7339E+01    4.7567E+00    1.8524E+01    7.2091E+00    1.0463E+01   
 1.3110E+02    5.0423E+01    5.8785E+01    2.3247E+01    1.8550E+01    1.9483E+01    7.6651E+01    5.6376E+01    1.7384E+01    4.7567E+00    1.8463E+01    7.4628E+00    1.0484E+01   
 1.3160E+02    5.0440E+01    5.8793E+01    2.3275E+01    1.8539E+01    1.9547E+01    7.6657E+01    5.6419E+01    1.7465E+01    4.7974E+00    1.8402E+01    7.2091E+00    1.0504E+01   
 1.3220E+02    5.0453E+01    5.8812E+01    2.3284E+01    1.8582E+01    1.9602E+01    7.6649E+01    5.6454E+01    1.7500E+01    4.7770E+00    1.8606E+01    7.2144E+00    1.0423E+01   
 1.3270E+02    5.0456E+01    5.8826E+01    2.3326E+01    1.8620E+01    1.9602E+01    7.6645E+01    5.6507E+01    1.7500E+01    4.7974E+00    1.8606E+01    7.2091E+00    1.0463E+01   
 1.3320E+02    5.0466E+01    5.8813E+01    2.3376E+01    1.8620E+01    1.9665E+01    7.6647E+01    5.6545E+01    1.7509E+01    4.8178E+00    1.8484E+01    7.2567E+00    1.0443E+01   
 1.3370E+02    5.0481E+01    5.8838E+01    2.3436E+01    1.8735E+01    1.9722E+01    7.6647E+01    5.6568E+01    1.7523E+01    4.8178E+00    1.8484E+01    7.2038E+00    1.0484E+01   
 1.3433E+02    5.0487E+01    5.8839E+01    2.3512E+01    1.8639E+01    1.9771E+01    7.6651E+01    5.6617E+01    1.7548E+01    4.8382E+00    1.8422E+01    7.2884E+00    1.0484E+01   
 1.3483E+02    5.0476E+01    5.8837E+01    2.3512E+01    1.8702E+01    1.9814E+01    7.6666E+01    5.6617E+01    1.7549E+01    4.8178E+00    1.8626E+01    7.2303E+00    1.0463E+01   
 1.3533E+02    5.0480E+01    5.8842E+01    2.3549E+01    1.8691E+01    1.9878E+01    7.6688E+01    5.6629E+01    1.7600E+01    4.8382E+00    1.8667E+01    7.2408E+00    1.0423E+01   
 1.3583E+02    5.0472E+01    5.8842E+01    2.3575E+01    1.8691E+01    1.9878E+01    7.6695E+01    5.6662E+01    1.7600E+01    4.8382E+00    1.8504E+01    7.4100E+00    1.0463E+01   
 1.3645E+02    5.0476E+01    5.8845E+01    2.3568E+01    1.8784E+01    1.9912E+01    7.6733E+01    5.6688E+01    1.7597E+01    4.8178E+00    1.8463E+01    7.2514E+00    1.0443E+01   
 1.3695E+02    5.0477E+01    5.8861E+01    2.3543E+01    1.8774E+01    1.9971E+01    7.6745E+01    5.6688E+01    1.7646E+01    4.8178E+00    1.8626E+01    7.4787E+00    1.0484E+01   
 1.3745E+02    5.0477E+01    5.8837E+01    2.3534E+01    1.8795E+01    1.9994E+01    7.6731E+01    5.6673E+01    1.7655E+01    4.8382E+00    1.8565E+01    7.2355E+00    1.0484E+01   
 1.3795E+02    5.0477E+01    5.8845E+01    2.3534E+01    1.8816E+01    2.0046E+01    7.6715E+01    5.6700E+01    1.7675E+01    4.8382E+00    1.8545E+01    7.4998E+00    1.0484E+01   
 1.3857E+02    5.0493E+01    5.8849E+01    2.3519E+01    1.8899E+01    2.0067E+01    7.6701E+01    5.6696E+01    1.7688E+01    4.8585E+00    1.8463E+01    7.3042E+00    1.0423E+01   
 1.3907E+02    5.0475E+01    5.8867E+01    2.3546E+01    1.8893E+01    2.0067E+01    7.6690E+01    5.6715E+01    1.7701E+01    4.8585E+00    1.8606E+01    7.4998E+00    1.0463E+01   
 1.3957E+02    5.0488E+01    5.8867E+01    2.3567E+01    1.8893E+01    2.0100E+01    7.6661E+01    5.6731E+01    1.7685E+01    4.8789E+00    1.8504E+01    7.2355E+00    1.0443E+01   
 1.4007E+02    5.0497E+01    5.8875E+01    2.3585E+01    1.8896E+01    2.0139E+01    7.6666E+01    5.6739E+01    1.7724E+01    4.8585E+00    1.8443E+01    7.4839E+00    1.0463E+01   
 1.4065E+02    5.0499E+01    5.8892E+01    2.3597E+01    1.8835E+01    2.0168E+01    7.6642E+01    5.6739E+01    1.7732E+01    4.8585E+00    1.8484E+01    7.4945E+00    1.0463E+01   
# Time (s)      T1w (C)       T2w (C)       T1a (C)       T2a (C)       T1r (C)       T2r (C)       T3r (C)       T4r (C)       P1 (bar)      P2 (bar)      Ic (amp)      Qc (l/min)    
 1.4115E+02    5.0499E+01    5.8896E+01    2.3597E+01    1.8900E+01    2.0195E+01    7.6642E+01    5.6739E+01    1.7762E+01    4.8585E+00    1.8504E+01    7.3730E+00    1.0504E+01   
 1.4165E+02    5.0504E+01    5.8910E+01    2.3612E+01    1.8963E+01    2.0232E+01    7.6665E+01    5.6743E+01    1.7773E+01    4.8789E+00    1.8565E+01    7.4892E+00    1.0443E+01   
 1.4215E+02    5.0501E+01    5.8910E+01    2.3627E+01    1.8898E+01    2.0232E+01    7.6655E+01    5.6749E+01    1.7809E+01    4.8993E+00    1.8667E+01    7.3095E+00    1.0443E+01   
 1.4279E+02    5.0519E+01    5.8899E+01    2.3612E+01    1.8840E+01    2.0278E+01    7.6689E+01    5.6757E+01    1.7825E+01    4.8789E+00    1.8443E+01    7.3571E+00    1.0443E+01   
 1.4329E+02    5.0504E+01    5.8926E+01    2.3608E+01    1.8840E+01    2.0313E+01    7.6700E+01    5.6753E+01    1.7831E+01    4.8789E+00    1.8402E+01    7.2461E+00    1.0403E+01   
 1.4379E+02    5.0504E+01    5.8922E+01    2.3626E+01    1.8922E+01    2.0347E+01    7.6708E+01    5.6765E+01    1.7862E+01    4.9196E+00    1.8504E+01    7.4839E+00    1.0382E+01   
 1.4429E+02    5.0516E+01    5.8931E+01    2.3626E+01    1.8892E+01    2.0394E+01    7.6708E+01    5.6765E+01    1.7895E+01    4.8993E+00    1.8545E+01    7.2778E+00    1.0382E+01   
 1.4488E+02    5.0514E+01    5.8933E+01    2.3647E+01    1.8914E+01    2.0416E+01    7.6698E+01    5.6772E+01    1.7931E+01    4.8993E+00    1.8545E+01    7.2461E+00    1.0443E+01   
 1.4538E+02    5.0510E+01    5.8942E+01    2.3651E+01    1.8972E+01    2.0445E+01    7.6694E+01    5.6780E+01    1.7961E+01    4.8993E+00    1.8484E+01    7.2514E+00    1.0423E+01   
 1.4588E+02    5.0517E+01    5.8942E+01    2.3669E+01    1.8972E+01    2.0461E+01    7.6678E+01    5.6820E+01    1.7977E+01    4.8993E+00    1.8606E+01    7.2408E+00    1.0463E+01   
 1.4638E+02    5.0509E+01    5.8947E+01    2.3634E+01    1.8971E+01    2.0488E+01    7.6671E+01    5.6817E+01    1.8000E+01    4.9196E+00    1.8484E+01    7.4575E+00    1.0443E+01   
 1.4697E+02    5.0510E+01    5.8960E+01    2.3660E+01    1.8969E+01    2.0505E+01    7.6691E+01    5.6819E+01    1.8008E+01    4.9196E+00    1.8626E+01    7.2514E+00    1.0484E+01   
 1.4747E+02    5.0510E+01    5.8965E+01    2.3689E+01    1.8925E+01    2.0513E+01    7.6691E+01    5.6819E+01    1.8046E+01    4.8993E+00    1.8484E+01    7.2831E+00    1.0463E+01   
 1.4797E+02    5.0536E+01    5.8971E+01    2.3689E+01    1.8931E+01    2.0544E+01    7.6713E+01    5.6818E+01    1.8095E+01    4.9196E+00    1.8443E+01    7.2990E+00    1.0463E+01   
 1.4848E+02    5.0528E+01    5.8971E+01    2.3733E+01    1.8929E+01    2.0544E+01    7.6745E+01    5.6825E+01    1.8124E+01    4.8993E+00    1.8565E+01    7.4575E+00    1.0463E+01   
 1.4906E+02    5.0520E+01    5.8971E+01    2.3730E+01    1.8956E+01    2.0560E+01    7.6757E+01    5.6844E+01    1.8124E+01    4.8993E+00    1.8484E+01    7.4945E+00    1.0403E+01   
 1.4956E+02    5.0516E+01    5.8966E+01    2.3668E+01    1.8956E+01    2.0577E+01    7.6714E+01    5.6834E+01    1.8179E+01    4.9196E+00    1.8728E+01    7.4787E+00    1.0423E+01   
 1.5006E+02    5.0516E+01    5.8984E+01    2.3601E+01    1.8908E+01    2.0601E+01    7.6714E+01    5.6833E+01    1.8166E+01    4.9400E+00    1.8565E+01    7.2567E+00    1.0484E+01   
 1.5056E+02    5.0523E+01    5.8980E+01    2.3601E+01    1.8983E+01    2.0624E+01    7.6700E+01    5.6833E+01    1.8185E+01    4.9196E+00    1.8545E+01    7.5157E+00    1.0423E+01   
 1.5120E+02    5.0534E+01    5.8996E+01    2.3596E+01    1.8995E+01    2.0628E+01    7.6681E+01    5.6843E+01    1.8199E+01    4.9400E+00    1.8667E+01    7.4839E+00    1.0484E+01   
 1.5170E+02    5.0534E+01    5.9001E+01    2.3628E+01    1.8972E+01    2.0657E+01    7.6654E+01    5.6842E+01    1.8215E+01    4.9400E+00    1.8504E+01    7.4470E+00    1.0443E+01   
 1.5220E+02    5.0541E+01    5.9001E+01    2.3693E+01    1.8988E+01    2.0657E+01    7.6650E+01    5.6843E+01    1.8215E+01    4.9400E+00    1.8463E+01    7.5209E+00    1.0484E+01   
 1.5270E+02    5.0523E+01    5.9004E+01    2.3726E+01    1.8988E+01    2.0683E+01    7.6642E+01    5.6849E+01    1.8253E+01    4.9400E+00    1.8586E+01    7.2778E+00    1.0484E+01   
 1.5331E+02    5.0523E+01    5.9019E+01    2.3728E+01    1.8980E+01    2.0689E+01    7.6636E+01    5.6855E+01    1.8260E+01    4.9400E+00    1.8626E+01    7.4417E+00    1.0443E+01   
 1.5381E+02    5.0509E+01    5.9006E+01    2.3770E+01    1.8956E+01    2.0710E+01    7.6636E+01    5.6874E+01    1.8295E+01    4.9604E+00    1.8688E+01    7.3994E+00    1.0463E+01   
 1.5431E+02    5.0521E+01    5.9019E+01    2.3770E+01    1.8998E+01    2.0725E+01    7.6607E+01    5.6874E+01    1.8335E+01    4.9604E+00    1.8667E+01    7.3624E+00    1.0484E+01   
 1.5481E+02    5.0513E+01    5.9001E+01    2.3710E+01    1.8950E+01    2.0734E+01    7.6603E+01    5.6873E+01    1.8343E+01    4.9808E+00    1.8586E+01    7.5104E+00    1.0504E+01   
 1.5542E+02    5.0499E+01    5.9023E+01    2.3656E+01    1.9012E+01    2.0734E+01    7.6617E+01    5.6899E+01    1.8358E+01    4.9604E+00    1.8647E+01    7.2725E+00    1.0463E+01   
 1.5592E+02    5.0496E+01    5.9023E+01    2.3680E+01    1.9012E+01    2.0741E+01    7.6640E+01    5.6899E+01    1.8358E+01    4.9604E+00    1.8586E+01    7.4470E+00    1.0423E+01   
 1.5642E+02    5.0503E+01    5.9013E+01    2.3680E+01    1.9029E+01    2.0752E+01    7.6685E+01    5.6903E+01    1.8373E+01    4.9604E+00    1.8484E+01    7.2778E+00    1.0403E+01   
# Time (s)      T1w (C)       T2w (C)       T1a (C)       T2a (C)       T1r (C)       T2r (C)       T3r (C)       T4r (C)       P1 (bar)      P2 (bar)      Ic (amp)      Qc (l/min)    
 1.5692E+02    5.0489E+01    5.8986E+01    2.3624E+01    1.9052E+01    2.0749E+01    7.6685E+01    5.6903E+01    1.8395E+01    5.0011E+00    1.8626E+01    7.2990E+00    1.0423E+01   
 1.5753E+02    5.0502E+01    5.9007E+01    2.3624E+01    1.9001E+01    2.0723E+01    7.6696E+01    5.6899E+01    1.8409E+01    4.9808E+00    1.8565E+01    7.4575E+00    1.0443E+01   
 1.5803E+02    5.0499E+01    5.9017E+01    2.3653E+01    1.9061E+01    2.0720E+01    7.6742E+01    5.6908E+01    1.8436E+01    4.9604E+00    1.8586E+01    7.3148E+00    1.0484E+01   
 1.5853E+02    5.0502E+01    5.9017E+01    2.3637E+01    1.9051E+01    2.0704E+01    7.6760E+01    5.6893E+01    1.8389E+01    4.9604E+00    1.8790E+01    7.4839E+00    1.0443E+01   
 1.5903E+02    5.0533E+01    5.9055E+01    2.3655E+01    1.9051E+01    2.0679E+01    7.6772E+01    5.6889E+01    1.8389E+01    4.9604E+00    1.8606E+01    7.3518E+00    1.0463E+01   
 1.5964E+02    5.0514E+01    5.9042E+01    2.3637E+01    1.9087E+01    2.0623E+01    7.6770E+01    5.6907E+01    1.8406E+01    4.9400E+00    1.8647E+01    7.4892E+00    1.0443E+01   
 1.6014E+02    5.0514E+01    5.9063E+01    2.3568E+01    1.9088E+01    2.0559E+01    7.6770E+01    5.6893E+01    1.8423E+01    4.9400E+00    1.8728E+01    7.2672E+00    1.0443E+01   
 1.6064E+02    5.0542E+01    5.9070E+01    2.3583E+01    1.9108E+01    2.0500E+01    7.6786E+01    5.6893E+01    1.8443E+01    4.9604E+00    1.8504E+01    7.5157E+00    1.0443E+01   
 1.6114E+02    5.0536E+01    5.9079E+01    2.3541E+01    1.9177E+01    2.0344E+01    7.6839E+01    5.6891E+01    1.8474E+01    4.9604E+00    1.8545E+01    7.5315E+00    1.0484E+01   
 1.6173E+02    5.0548E+01    5.9070E+01    2.3517E+01    1.9218E+01    2.0344E+01    7.6837E+01    5.6909E+01    1.8527E+01    4.9604E+00    1.8606E+01    7.2778E+00    1.0463E+01   
 1.6223E+02    5.0531E+01    5.9070E+01    2.3509E+01    1.9218E+01    2.0005E+01    7.6853E+01    5.6926E+01    1.8527E+01    4.9808E+00    1.8586E+01    7.3835E+00    1.0484E+01   
 1.6273E+02    5.0538E+01    5.9055E+01    2.3468E+01    1.9261E+01    1.9577E+01    7.6850E+01    5.6975E+01    1.8569E+01    4.9808E+00    1.8524E+01    7.2831E+00    1.0443E+01   
 1.6323E+02    5.0538E+01    5.9052E+01    2.3509E+01    1.9266E+01    1.9245E+01    7.6850E+01    5.6952E+01    1.8591E+01    4.9604E+00    1.8586E+01    7.2778E+00    1.0382E+01   
 1.6383E+02    5.0510E+01    5.9030E+01    2.3493E+01    1.9310E+01    1.8994E+01    7.6852E+01    5.6967E+01    1.8638E+01    5.0011E+00    1.8484E+01    7.4364E+00    1.0423E+01   
 1.6433E+02    5.0511E+01    5.9047E+01    2.3456E+01    1.9286E+01    1.8771E+01    7.6819E+01    5.6984E+01    1.8658E+01    5.0011E+00    1.8708E+01    7.2884E+00    1.0463E+01   
 1.6483E+02    5.0496E+01    5.9032E+01    2.3544E+01    1.9303E+01    1.8771E+01    7.6804E+01    5.7000E+01    1.8671E+01    5.0011E+00    1.8565E+01    7.4522E+00    1.0463E+01   
 1.6533E+02    5.0494E+01    5.9034E+01    2.3552E+01    1.9303E+01    1.8574E+01    7.6834E+01    5.6973E+01    1.8671E+01    5.0011E+00    1.8728E+01    7.5051E+00    1.0463E+01   
 1.6592E+02    5.0501E+01    5.9037E+01    2.3566E+01    1.9304E+01    1.8376E+01    7.6866E+01    5.6957E+01    1.8665E+01    4.9808E+00    1.8626E+01    7.4100E+00    1.0484E+01   
 1.6642E+02    5.0501E+01    5.9042E+01    2.3559E+01    1.9272E+01    1.8208E+01    7.6866E+01    5.6934E+01    1.8646E+01    4.9808E+00    1.8647E+01    7.5474E+00    1.0484E+01   
 1.6692E+02    5.0510E+01    5.9073E+01    2.3559E+01    1.9251E+01    1.8049E+01    7.6866E+01    5.6934E+01    1.8657E+01    4.9808E+00    1.8810E+01    7.5421E+00    1.0423E+01   
 1.6743E+02    5.0522E+01    5.9071E+01    2.3539E+01    1.9263E+01    1.7907E+01    7.6868E+01    5.6889E+01    1.8633E+01    4.9604E+00    1.8688E+01    7.5368E+00    1.0484E+01   
 1.6804E+02    5.0524E+01    5.9120E+01    2.3564E+01    1.9294E+01    1.7756E+01    7.6893E+01    5.6837E+01    1.8598E+01    4.9604E+00    1.8728E+01    7.5104E+00    1.0443E+01   
 1.6854E+02    5.0533E+01    5.9120E+01    2.3576E+01    1.9294E+01    1.7756E+01    7.6890E+01    5.6789E+01    1.8598E+01    4.9604E+00    1.8790E+01    7.5474E+00    1.0463E+01   
 1.6904E+02    5.0519E+01    5.9131E+01    2.3596E+01    1.9213E+01    1.7623E+01    7.6871E+01    5.6728E+01    1.8568E+01    4.9604E+00    1.8891E+01    7.3835E+00    1.0463E+01   
 1.6954E+02    5.0519E+01    5.9143E+01    2.3587E+01    1.9282E+01    1.7495E+01    7.6871E+01    5.6686E+01    1.8532E+01    4.9196E+00    1.8728E+01    7.3148E+00    1.0423E+01   
 1.7014E+02    5.0528E+01    5.9168E+01    2.3587E+01    1.9266E+01    1.7394E+01    7.6870E+01    5.6700E+01    1.8495E+01    4.9400E+00    1.8810E+01    7.3201E+00    1.0463E+01   
 1.7064E+02    5.0521E+01    5.9205E+01    2.3570E+01    1.9253E+01    1.7275E+01    7.6841E+01    5.6643E+01    1.8469E+01    4.9400E+00    1.8790E+01    7.4047E+00    1.0463E+01   
 1.7114E+02    5.0542E+01    5.9229E+01    2.3555E+01    1.9211E+01    1.7275E+01    7.6815E+01    5.6578E+01    1.8419E+01    4.9400E+00    1.8667E+01    7.3148E+00    1.0484E+01   
 1.7164E+02    5.0537E+01    5.9229E+01    2.3546E+01    1.9211E+01    1.7165E+01    7.6775E+01    5.6536E+01    1.8419E+01    4.9196E+00    1.8688E+01    7.4470E+00    1.0423E+01   
 1.7225E+02    5.0540E+01    5.9249E+01    2.3529E+01    1.9181E+01    1.7074E+01    7.6747E+01    5.6487E+01    1.8388E+01    4.9400E+00    1.8769E+01    7.4892E+00    1.0463E+01   
# Time (s)      T1w (C)       T2w (C)       T1a (C)       T2a (C)       T1r (C)       T2r (C)       T3r (C)       T4r (C)       P1 (bar)      P2 (bar)      Ic (amp)      Qc (l/min)    
 1.7275E+02    5.0564E+01    5.9276E+01    2.3555E+01    1.9090E+01    1.6975E+01    7.6763E+01    5.6415E+01    1.8342E+01    4.8993E+00    1.8810E+01    7.3307E+00    1.0463E+01   
 1.7325E+02    5.0564E+01    5.9302E+01    2.3555E+01    1.9203E+01    1.6886E+01    7.6763E+01    5.6415E+01    1.8308E+01    4.9400E+00    1.8973E+01    7.5949E+00    1.0463E+01   
 1.7375E+02    5.0576E+01    5.9333E+01    2.3572E+01    1.9150E+01    1.6798E+01    7.6768E+01    5.6321E+01    1.8258E+01    4.9400E+00    1.8830E+01    7.3465E+00    1.0484E+01   
 1.7437E+02    5.0556E+01    5.9345E+01    2.3601E+01    1.9080E+01    1.6716E+01    7.6775E+01    5.6257E+01    1.8211E+01    4.8993E+00    1.8953E+01    7.6002E+00    1.0423E+01   
 1.7487E+02    5.0569E+01    5.9345E+01    2.3591E+01    1.9105E+01    1.6716E+01    7.6804E+01    5.6197E+01    1.8147E+01    4.8993E+00    1.8973E+01    7.4787E+00    1.0423E+01   
 1.7537E+02    5.0564E+01    5.9374E+01    2.3603E+01    1.9105E+01    1.6634E+01    7.6834E+01    5.6111E+01    1.8147E+01    4.8993E+00    1.8790E+01    7.5738E+00    1.0463E+01   
 1.7587E+02    5.0554E+01    5.9370E+01    2.3635E+01    1.9128E+01    1.6554E+01    7.6834E+01    5.6035E+01    1.8113E+01    4.8789E+00    1.8790E+01    7.3677E+00    1.0484E+01   
 1.7647E+02    5.0554E+01    5.9381E+01    2.3676E+01    1.9049E+01    1.6485E+01    7.6850E+01    5.5963E+01    1.8044E+01    4.9196E+00    1.8769E+01    7.3307E+00    1.0484E+01   
 1.7697E+02    5.0565E+01    5.9390E+01    2.3676E+01    1.9069E+01    1.6426E+01    7.6876E+01    5.5963E+01    1.7975E+01    4.8993E+00    1.8912E+01    7.5791E+00    1.0463E+01   
 1.7748E+02    5.0569E+01    5.9404E+01    2.3737E+01    1.9037E+01    1.6347E+01    7.6895E+01    5.5882E+01    1.7927E+01    4.8789E+00    1.8993E+01    7.3730E+00    1.0484E+01   
 1.7798E+02    5.0561E+01    5.9404E+01    2.3759E+01    1.9037E+01    1.6347E+01    7.6918E+01    5.5793E+01    1.7927E+01    4.8585E+00    1.8830E+01    7.3201E+00    1.0463E+01   
 1.7858E+02    5.0577E+01    5.9395E+01    2.3740E+01    1.9050E+01    1.6301E+01    7.6958E+01    5.5728E+01    1.7870E+01    4.8585E+00    1.8993E+01    7.5685E+00    1.0463E+01   
 1.7908E+02    5.0580E+01    5.9410E+01    2.3687E+01    1.8969E+01    1.6253E+01    7.7009E+01    5.5667E+01    1.7857E+01    4.8585E+00    1.8953E+01    7.5632E+00    1.0463E+01   
 1.7958E+02    5.0580E+01    5.9422E+01    2.3687E+01    1.8959E+01    1.6201E+01    7.7009E+01    5.5561E+01    1.7778E+01    4.8585E+00    1.8871E+01    7.4998E+00    1.0443E+01   
 1.8008E+02    5.0568E+01    5.9423E+01    2.3670E+01    1.8905E+01    1.6149E+01    7.7045E+01    5.5561E+01    1.7745E+01    4.8382E+00    1.8891E+01    7.5897E+00    1.0463E+01   
 1.8066E+02    5.0580E+01    5.9420E+01    2.3632E+01    1.8905E+01    1.6104E+01    7.7092E+01    5.5480E+01    1.7678E+01    4.8382E+00    1.8810E+01    7.5051E+00    1.0504E+01   
 1.8116E+02    5.0570E+01    5.9420E+01    2.3647E+01    1.8879E+01    1.6104E+01    7.7143E+01    5.5408E+01    1.7637E+01    4.8178E+00    1.8932E+01    7.3201E+00    1.0463E+01   
 1.8166E+02    5.0577E+01    5.9430E+01    2.3625E+01    1.8879E+01    1.6058E+01    7.7164E+01    5.5333E+01    1.7637E+01    4.8178E+00    1.8912E+01    7.3254E+00    1.0463E+01   
 1.8216E+02    5.0581E+01    5.9427E+01    2.3645E+01    1.8866E+01    1.6034E+01    7.7178E+01    5.5244E+01    1.7596E+01    4.8178E+00    1.8953E+01    7.5104E+00    1.0484E+01   
 1.8275E+02    5.0581E+01    5.9434E+01    2.3633E+01    1.8827E+01    1.6007E+01    7.7188E+01    5.5187E+01    1.7554E+01    4.7974E+00    1.8993E+01    7.3201E+00    1.0484E+01   
 1.8325E+02    5.0576E+01    5.9433E+01    2.3633E+01    1.8690E+01    1.5984E+01    7.7220E+01    5.5187E+01    1.7447E+01    4.7974E+00    1.8810E+01    7.5527E+00    1.0463E+01   
 1.8375E+02    5.0576E+01    5.9422E+01    2.3637E+01    1.8772E+01    1.5984E+01    7.7232E+01    5.5113E+01    1.7409E+01    4.7770E+00    1.9014E+01    7.5421E+00    1.0443E+01   
 1.8425E+02    5.0585E+01    5.9422E+01    2.3638E+01    1.8772E+01    1.5944E+01    7.7231E+01    5.5061E+01    1.7409E+01    4.7363E+00    1.8932E+01    7.4892E+00    1.0484E+01   
 1.8485E+02    5.0570E+01    5.9446E+01    2.3630E+01    1.8659E+01    1.5956E+01    7.7236E+01    5.4982E+01    1.7369E+01    4.7770E+00    1.8953E+01    7.3095E+00    1.0463E+01   
 1.8535E+02    5.0584E+01    5.9435E+01    2.3642E+01    1.8664E+01    1.5960E+01    7.7217E+01    5.4922E+01    1.7290E+01    4.7363E+00    1.8810E+01    7.3042E+00    1.0443E+01   
 1.8585E+02    5.0584E+01    5.9421E+01    2.3642E+01    1.8663E+01    1.5974E+01    7.7203E+01    5.4846E+01    1.7231E+01    4.7159E+00    1.8769E+01    7.2990E+00    1.0403E+01   
 1.8635E+02    5.0589E+01    5.9424E+01    2.3649E+01    1.8633E+01    1.6025E+01    7.7201E+01    5.4846E+01    1.7194E+01    4.7363E+00    1.8810E+01    7.5474E+00    1.0443E+01   
 1.8695E+02    5.0584E+01    5.9441E+01    2.3615E+01    1.8570E+01    1.6065E+01    7.7196E+01    5.4786E+01    1.7122E+01    4.7159E+00    1.9034E+01    7.4152E+00    1.0463E+01   
 1.8745E+02    5.0576E+01    5.9441E+01    2.3585E+01    1.8535E+01    1.6065E+01    7.7182E+01    5.4723E+01    1.7060E+01    4.7159E+00    1.9014E+01    7.5421E+00    1.0463E+01   
 1.8795E+02    5.0588E+01    5.9429E+01    2.3584E+01    1.8535E+01    1.6126E+01    7.7190E+01    5.4672E+01    1.7060E+01    4.7363E+00    1.8830E+01    7.4839E+00    1.0484E+01   
# Time (s)      T1w (C)       T2w (C)       T1a (C)       T2a (C)       T1r (C)       T2r (C)       T3r (C)       T4r (C)       P1 (bar)      P2 (bar)      Ic (amp)      Qc (l/min)    
 1.8845E+02    5.0602E+01    5.9411E+01    2.3562E+01    1.8511E+01    1.6190E+01    7.7190E+01    5.4625E+01    1.7012E+01    4.7159E+00    1.8891E+01    7.3412E+00    1.0403E+01   
 1.8904E+02    5.0602E+01    5.9423E+01    2.3539E+01    1.8403E+01    1.6262E+01    7.7216E+01    5.4579E+01    1.6957E+01    4.7159E+00    1.8769E+01    7.2778E+00    1.0443E+01   
 1.8955E+02    5.0585E+01    5.9407E+01    2.3539E+01    1.8403E+01    1.6342E+01    7.7253E+01    5.4579E+01    1.6938E+01    4.6752E+00    1.8810E+01    7.4628E+00    1.0463E+01   
 1.9005E+02    5.0584E+01    5.9391E+01    2.3518E+01    1.8493E+01    1.6342E+01    7.7274E+01    5.4582E+01    1.6921E+01    4.6956E+00    1.8871E+01    7.5157E+00    1.0423E+01   
 1.9055E+02    5.0593E+01    5.9391E+01    2.3514E+01    1.8493E+01    1.6452E+01    7.7262E+01    5.4581E+01    1.6921E+01    4.6752E+00    1.8790E+01    7.2620E+00    1.0484E+01   
 1.9113E+02    5.0585E+01    5.9376E+01    2.3483E+01    1.8359E+01    1.6531E+01    7.7273E+01    5.4590E+01    1.6900E+01    4.6752E+00    1.8810E+01    7.2567E+00    1.0484E+01   
 1.9163E+02    5.0595E+01    5.9371E+01    2.3474E+01    1.8240E+01    1.6631E+01    7.7306E+01    5.4587E+01    1.6895E+01    4.6956E+00    1.8790E+01    7.3888E+00    1.0443E+01   
 1.9213E+02    5.0580E+01    5.9320E+01    2.3459E+01    1.8292E+01    1.6728E+01    7.7306E+01    5.4587E+01    1.6847E+01    4.6752E+00    1.8626E+01    7.2514E+00    1.0504E+01   
 1.9263E+02    5.0579E+01    5.9316E+01    2.3478E+01    1.8255E+01    1.6833E+01    7.7308E+01    5.4602E+01    1.6830E+01    4.6956E+00    1.8647E+01    7.2620E+00    1.0443E+01   
 1.9324E+02    5.0567E+01    5.9294E+01    2.3562E+01    1.8384E+01    1.6910E+01    7.7326E+01    5.4559E+01    1.6806E+01    4.6752E+00    1.8667E+01    7.3095E+00    1.0524E+01   
 1.9374E+02    5.0583E+01    5.9294E+01    2.3571E+01    1.8350E+01    1.6910E+01    7.7347E+01    5.4569E+01    1.6795E+01    4.6752E+00    1.8565E+01    7.2250E+00    1.0484E+01   
 1.9424E+02    5.0592E+01    5.9274E+01    2.3561E+01    1.8350E+01    1.7018E+01    7.7393E+01    5.4598E+01    1.6795E+01    4.6752E+00    1.8545E+01    7.2355E+00    1.0463E+01   
 1.9474E+02    5.0582E+01    5.9242E+01    2.3509E+01    1.8368E+01    1.7113E+01    7.7393E+01    5.4605E+01    1.6803E+01    4.6548E+00    1.8667E+01    7.4734E+00    1.0484E+01   
 1.9534E+02    5.0582E+01    5.9209E+01    2.3488E+01    1.8243E+01    1.7225E+01    7.7419E+01    5.4690E+01    1.6830E+01    4.6548E+00    1.8626E+01    7.2091E+00    1.0484E+01   
 1.9584E+02    5.0582E+01    5.9198E+01    2.3504E+01    1.8285E+01    1.7348E+01    7.7437E+01    5.4690E+01    1.6847E+01    4.6752E+00    1.8545E+01    7.2091E+00    1.0484E+01   
 1.9634E+02    5.0601E+01    5.9189E+01    2.3492E+01    1.8233E+01    1.7348E+01    7.7435E+01    5.4743E+01    1.6886E+01    4.6548E+00    1.8728E+01    7.3835E+00    1.0504E+01   
 1.9684E+02    5.0601E+01    5.9189E+01    2.3488E+01    1.8233E+01    1.7440E+01    7.7440E+01    5.4761E+01    1.6900E+01    4.6956E+00    1.8504E+01    7.4152E+00    1.0443E+01   
 1.9745E+02    5.0588E+01    5.9161E+01    2.3492E+01    1.8157E+01    1.7543E+01    7.7460E+01    5.4828E+01    1.6900E+01    4.6548E+00    1.8565E+01    7.2725E+00    1.0484E+01   
 1.9795E+02    5.0599E+01    5.9148E+01    2.3450E+01    1.8206E+01    1.7627E+01    7.7470E+01    5.4869E+01    1.6900E+01    4.6548E+00    1.8688E+01    7.2091E+00    1.0484E+01   
 1.9845E+02    5.0599E+01    5.9124E+01    2.3450E+01    1.8213E+01    1.7721E+01    7.7470E+01    5.4937E+01    1.6926E+01    4.6752E+00    1.8647E+01    7.2144E+00    1.0403E+01   
 1.9895E+02    5.0587E+01    5.9118E+01    2.3378E+01    1.8203E+01    1.7800E+01    7.7454E+01    5.4923E+01    1.6948E+01    4.6752E+00    1.8626E+01    7.3307E+00    1.0484E+01   
 1.9952E+02    5.0584E+01    5.9088E+01    2.3387E+01    1.8158E+01    1.7896E+01    7.7428E+01    5.4994E+01    1.6959E+01    4.6956E+00    1.8443E+01    7.4470E+00    1.0403E+01   
 2.0002E+02    5.0576E+01    5.9088E+01    2.3443E+01    1.8205E+01    1.7896E+01    7.7399E+01    5.5065E+01    1.6977E+01    4.6956E+00    1.8524E+01    7.2038E+00    1.0463E+01   
 2.0052E+02    5.0592E+01    5.9085E+01    2.3443E+01    1.8205E+01    1.7999E+01    7.7392E+01    5.5141E+01    1.6977E+01    4.6956E+00    1.8443E+01    7.2831E+00    1.0463E+01   
 2.0102E+02    5.0578E+01    5.9075E+01    2.3456E+01    1.8176E+01    1.8080E+01    7.7378E+01    5.5195E+01    1.6993E+01    4.7159E+00    1.8504E+01    7.2091E+00    1.0423E+01   
 2.0161E+02    5.0578E+01    5.9075E+01    2.3643E+01    1.8255E+01    1.8180E+01    7.7401E+01    5.5264E+01    1.6998E+01    4.6752E+00    1.8708E+01    7.2778E+00    1.0443E+01   
 2.0211E+02    5.0609E+01    5.9066E+01    2.3659E+01    1.8335E+01    1.8256E+01    7.7411E+01    5.5264E+01    1.7006E+01    4.7159E+00    1.8524E+01    7.2038E+00    1.0443E+01   
 2.0261E+02    5.0604E+01    5.9080E+01    2.3754E+01    1.8375E+01    1.8256E+01    7.7417E+01    5.5317E+01    1.7013E+01    4.7159E+00    1.8565E+01    7.2144E+00    1.0484E+01   
 2.0312E+02    5.0591E+01    5.9066E+01    2.3784E+01    1.8359E+01    1.8346E+01    7.7395E+01    5.5406E+01    1.7013E+01    4.6956E+00    1.8504E+01    7.3095E+00    1.0443E+01   
 2.0369E+02    5.0581E+01    5.9060E+01    2.3834E+01    1.8349E+01    1.8422E+01    7.7372E+01    5.5489E+01    1.7040E+01    4.6956E+00    1.8443E+01    7.3941E+00    1.0484E+01   
# Time (s)      T1w (C)       T2w (C)       T1a (C)       T2a (C)       T1r (C)       T2r (C)       T3r (C)       T4r (C)       P1 (bar)      P2 (bar)      Ic (amp)      Qc (l/min)    
 2.0419E+02    5.0579E+01    5.9031E+01    2.3853E+01    1.8488E+01    1.8487E+01    7.7358E+01    5.5535E+01    1.7059E+01    4.7159E+00    1.8463E+01    7.2091E+00    1.0463E+01   
 2.0469E+02    5.0579E+01    5.9039E+01    2.3853E+01    1.8431E+01    1.8574E+01    7.7326E+01    5.5535E+01    1.7085E+01    4.6752E+00    1.8667E+01    7.3254E+00    1.0443E+01   
 2.0519E+02    5.0585E+01    5.9024E+01    2.3775E+01    1.8461E+01    1.8642E+01    7.7328E+01    5.5583E+01    1.7108E+01    4.7159E+00    1.8647E+01    7.2197E+00    1.0423E+01   
 2.0580E+02    5.0573E+01    5.9013E+01    2.3708E+01    1.8357E+01    1.8720E+01    7.7276E+01    5.5645E+01    1.7119E+01    4.6956E+00    1.8565E+01    7.2937E+00    1.0423E+01   
 2.0630E+02    5.0555E+01    5.8997E+01    2.3697E+01    1.8341E+01    1.8720E+01    7.7263E+01    5.5726E+01    1.7129E+01    4.6956E+00    1.8443E+01    7.4205E+00    1.0423E+01   
 2.0680E+02    5.0550E+01    5.8997E+01    2.3769E+01    1.8435E+01    1.8798E+01    7.7242E+01    5.5823E+01    1.7129E+01    4.7159E+00    1.8422E+01    7.3782E+00    1.0463E+01   
 2.0730E+02    5.0553E+01    5.8982E+01    2.3852E+01    1.8424E+01    1.8862E+01    7.7228E+01    5.5865E+01    1.7135E+01    4.6956E+00    1.8667E+01    7.3148E+00    1.0443E+01   
 2.0787E+02    5.0553E+01    5.8976E+01    2.3852E+01    1.8482E+01    1.8932E+01    7.7211E+01    5.5942E+01    1.7148E+01    4.7159E+00    1.8565E+01    7.2831E+00    1.0524E+01   
 2.0837E+02    5.0562E+01    5.8992E+01    2.3864E+01    1.8588E+01    1.9021E+01    7.7217E+01    5.5957E+01    1.7168E+01    4.7159E+00    1.8626E+01    7.4681E+00    1.0504E+01   
 2.0887E+02    5.0563E+01    5.8971E+01    2.3893E+01    1.8489E+01    1.9021E+01    7.7189E+01    5.6040E+01    1.7187E+01    4.7159E+00    1.8504E+01    7.3677E+00    1.0463E+01   
 2.0937E+02    5.0566E+01    5.8971E+01    2.3903E+01    1.8489E+01    1.9103E+01    7.7180E+01    5.6119E+01    1.7202E+01    4.7363E+00    1.8524E+01    7.4311E+00    1.0443E+01   
 2.0998E+02    5.0559E+01    5.8961E+01    2.3913E+01    1.8546E+01    1.9177E+01    7.7156E+01    5.6204E+01    1.7224E+01    4.7363E+00    1.8463E+01    7.2725E+00    1.0484E+01   
 2.1048E+02    5.0562E+01    5.8971E+01    2.3954E+01    1.8536E+01    1.9226E+01    7.7156E+01    5.6233E+01    1.7256E+01    4.7363E+00    1.8463E+01    7.4258E+00    1.0443E+01   
 2.1098E+02    5.0576E+01    5.8974E+01    2.3969E+01    1.8559E+01    1.9307E+01    7.7118E+01    5.6233E+01    1.7264E+01    4.7363E+00    1.8606E+01    7.4575E+00    1.0484E+01   
 2.1148E+02    5.0585E+01    5.8978E+01    2.3961E+01    1.8530E+01    1.9382E+01    7.7121E+01    5.6310E+01    1.7303E+01    4.7770E+00    1.8626E+01    7.4734E+00    1.0443E+01   
 2.1210E+02    5.0560E+01    5.8955E+01    2.3980E+01    1.8566E+01    1.9424E+01    7.7107E+01    5.6352E+01    1.7332E+01    4.7363E+00    1.8647E+01    7.2197E+00    1.0484E+01   
 2.1260E+02    5.0564E+01    5.8959E+01    2.4004E+01    1.8566E+01    1.9424E+01    7.7103E+01    5.6411E+01    1.7340E+01    4.7567E+00    1.8524E+01    7.3518E+00    1.0484E+01   
 2.1310E+02    5.0568E+01    5.8959E+01    2.4001E+01    1.8595E+01    1.9477E+01    7.7071E+01    5.6437E+01    1.7324E+01    4.7770E+00    1.8484E+01    7.2197E+00    1.0504E+01   
 2.1360E+02    5.0555E+01    5.8945E+01    2.3957E+01    1.8574E+01    1.9540E+01    7.7071E+01    5.6510E+01    1.7363E+01    4.7974E+00    1.8422E+01    7.2672E+00    1.0484E+01   
 2.1418E+02    5.0582E+01    5.8975E+01    2.3973E+01    1.8548E+01    1.9588E+01    7.7066E+01    5.6556E+01    1.7417E+01    4.7974E+00    1.8504E+01    7.2303E+00    1.0463E+01   
 2.1468E+02    5.0582E+01    5.8972E+01    2.3948E+01    1.8560E+01    1.9657E+01    7.7066E+01    5.6556E+01    1.7446E+01    4.8178E+00    1.8688E+01    7.4417E+00    1.0504E+01   
 2.1518E+02    5.0561E+01    5.8961E+01    2.3843E+01    1.8615E+01    1.9657E+01    7.7067E+01    5.6572E+01    1.7459E+01    4.7974E+00    1.8443E+01    7.2778E+00    1.0504E+01   
 2.1569E+02    5.0562E+01    5.8961E+01    2.3916E+01    1.8615E+01    1.9701E+01    7.7076E+01    5.6634E+01    1.7459E+01    4.8178E+00    1.8484E+01    7.2303E+00    1.0484E+01   
 2.1626E+02    5.0549E+01    5.8947E+01    2.3929E+01    1.8618E+01    1.9776E+01    7.7093E+01    5.6667E+01    1.7483E+01    4.8178E+00    1.8545E+01    7.2355E+00    1.0484E+01   
 2.1676E+02    5.0558E+01    5.8961E+01    2.3946E+01    1.8714E+01    1.9819E+01    7.7093E+01    5.6672E+01    1.7492E+01    4.8178E+00    1.8565E+01    7.2303E+00    1.0463E+01   
 2.1727E+02    5.0558E+01    5.8945E+01    2.3946E+01    1.8699E+01    1.9877E+01    7.7070E+01    5.6672E+01    1.7494E+01    4.8178E+00    1.8484E+01    7.4839E+00    1.0423E+01   
 2.1777E+02    5.0562E+01    5.8950E+01    2.4052E+01    1.8678E+01    1.9922E+01    7.7047E+01    5.6699E+01    1.7526E+01    4.8178E+00    1.8626E+01    7.2567E+00    1.0423E+01   
 2.1835E+02    5.0557E+01    5.8934E+01    2.4087E+01    1.8736E+01    1.9922E+01    7.7042E+01    5.6698E+01    1.7534E+01    4.8178E+00    1.8504E+01    7.4998E+00    1.0443E+01   
 2.1885E+02    5.0557E+01    5.8934E+01    2.4201E+01    1.8736E+01    1.9983E+01    7.7038E+01    5.6716E+01    1.7573E+01    4.8382E+00    1.8688E+01    7.3095E+00    1.0443E+01   
 2.1935E+02    5.0577E+01    5.8981E+01    2.4282E+01    1.8778E+01    2.0024E+01    7.7062E+01    5.6726E+01    1.7573E+01    4.8585E+00    1.8586E+01    7.4522E+00    1.0463E+01   
# Time (s)      T1w (C)       T2w (C)       T1a (C)       T2a (C)       T1r (C)       T2r (C)       T3r (C)       T4r (C)       P1 (bar)      P2 (bar)      Ic (amp)      Qc (l/min)    
 2.1985E+02    5.0572E+01    5.8965E+01    2.4282E+01    1.8836E+01    2.0065E+01    7.7062E+01    5.6748E+01    1.7584E+01    4.8585E+00    1.8647E+01    7.4892E+00    1.0463E+01   
 2.2047E+02    5.0569E+01    5.8974E+01    2.4297E+01    1.8873E+01    2.0112E+01    7.7046E+01    5.6774E+01    1.7602E+01    4.8382E+00    1.8504E+01    7.2355E+00    1.0423E+01   
 2.2097E+02    5.0569E+01    5.8998E+01    2.4280E+01    1.8748E+01    2.0149E+01    7.7056E+01    5.6774E+01    1.7630E+01    4.8585E+00    1.8484E+01    7.2408E+00    1.0463E+01   
 2.2147E+02    5.0561E+01    5.9002E+01    2.4264E+01    1.8832E+01    2.0149E+01    7.7076E+01    5.6798E+01    1.7657E+01    4.8585E+00    1.8463E+01    7.2461E+00    1.0463E+01   
 2.2197E+02    5.0577E+01    5.9002E+01    2.4331E+01    1.8832E+01    2.0208E+01    7.7109E+01    5.6789E+01    1.7657E+01    4.8585E+00    1.8565E+01    7.5051E+00    1.0504E+01   
 2.2257E+02    5.0588E+01    5.9016E+01    2.4431E+01    1.8883E+01    2.0234E+01    7.7118E+01    5.6792E+01    1.7695E+01    4.8585E+00    1.8484E+01    7.2514E+00    1.0484E+01   
 2.2307E+02    5.0573E+01    5.9016E+01    2.4330E+01    1.8881E+01    2.0294E+01    7.7118E+01    5.6820E+01    1.7720E+01    4.8789E+00    1.8626E+01    7.2461E+00    1.0484E+01   
 2.2357E+02    5.0573E+01    5.9009E+01    2.4330E+01    1.8910E+01    2.0313E+01    7.7116E+01    5.6832E+01    1.7738E+01    4.8993E+00    1.8586E+01    7.2514E+00    1.0484E+01   
 2.2407E+02    5.0560E+01    5.9032E+01    2.4384E+01    1.8966E+01    2.0345E+01    7.7119E+01    5.6832E+01    1.7767E+01    4.8789E+00    1.8667E+01    7.3201E+00    1.0423E+01   
 2.2467E+02    5.0608E+01    5.9057E+01    2.4385E+01    1.8956E+01    2.0381E+01    7.7109E+01    5.6844E+01    1.7798E+01    4.8789E+00    1.8524E+01    7.2778E+00    1.0423E+01   
 2.2517E+02    5.0590E+01    5.9041E+01    2.4344E+01    1.8956E+01    2.0397E+01    7.7118E+01    5.6869E+01    1.7830E+01    4.8585E+00    1.8463E+01    7.3360E+00    1.0463E+01   
 2.2567E+02    5.0596E+01    5.9041E+01    2.4345E+01    1.9023E+01    2.0427E+01    7.7115E+01    5.6873E+01    1.7830E+01    4.8993E+00    1.8708E+01    7.2567E+00    1.0443E+01   
 2.2617E+02    5.0580E+01    5.9046E+01    2.4297E+01    1.8949E+01    2.0463E+01    7.7115E+01    5.6896E+01    1.7856E+01    4.8993E+00    1.8708E+01    7.4311E+00    1.0403E+01   
 2.2677E+02    5.0589E+01    5.9036E+01    2.4297E+01    1.8987E+01    2.0483E+01    7.7105E+01    5.6896E+01    1.7877E+01    4.8993E+00    1.8565E+01    7.5209E+00    1.0484E+01   
 2.2727E+02    5.0589E+01    5.9057E+01    2.4300E+01    1.8926E+01    2.0548E+01    7.7086E+01    5.6910E+01    1.7934E+01    4.8993E+00    1.8565E+01    7.2884E+00    1.0484E+01   
 2.2777E+02    5.0578E+01    5.9056E+01    2.4263E+01    1.8986E+01    2.0548E+01    7.7040E+01    5.6925E+01    1.7960E+01    4.9196E+00    1.8524E+01    7.3095E+00    1.0484E+01   
 2.2827E+02    5.0563E+01    5.9056E+01    2.4209E+01    1.8986E+01    2.0574E+01    7.7027E+01    5.6953E+01    1.8001E+01    4.9196E+00    1.8647E+01    7.5209E+00    1.0443E+01   
 2.2887E+02    5.0588E+01    5.9065E+01    2.4010E+01    1.9040E+01    2.0614E+01    7.7017E+01    5.6952E+01    1.8001E+01    4.9196E+00    1.8728E+01    7.3254E+00    1.0463E+01   
 2.2937E+02    5.0594E+01    5.9084E+01    2.3997E+01    1.9062E+01    2.0632E+01    7.7017E+01    5.6946E+01    1.8025E+01    4.9196E+00    1.8606E+01    7.4258E+00    1.0443E+01   
 2.2987E+02    5.0594E+01    5.9082E+01    2.3997E+01    1.9056E+01    2.0668E+01    7.7001E+01    5.6958E+01    1.8037E+01    4.9196E+00    1.8586E+01    7.4100E+00    1.0484E+01   
 2.3037E+02    5.0609E+01    5.9110E+01    2.4024E+01    1.9048E+01    2.0693E+01    7.7005E+01    5.6972E+01    1.8086E+01    4.9400E+00    1.8484E+01    7.3254E+00    1.0463E+01   
 2.3095E+02    5.0609E+01    5.9107E+01    2.3917E+01    1.8960E+01    2.0693E+01    7.6989E+01    5.6965E+01    1.8112E+01    4.9400E+00    1.8626E+01    7.3730E+00    1.0423E+01   
 2.3145E+02    5.0619E+01    5.9122E+01    2.3902E+01    1.8976E+01    2.0738E+01    7.7012E+01    5.6995E+01    1.8158E+01    4.9196E+00    1.8565E+01    7.2725E+00    1.0423E+01   
 2.3196E+02    5.0613E+01    5.9130E+01    2.3812E+01    1.9142E+01    2.0756E+01    7.7032E+01    5.6979E+01    1.8158E+01    4.9400E+00    1.8545E+01    7.2672E+00    1.0463E+01   
 2.3246E+02    5.0621E+01    5.9133E+01    2.3812E+01    1.9053E+01    2.0783E+01    7.7046E+01    5.7001E+01    1.8193E+01    4.9196E+00    1.8749E+01    7.2778E+00    1.0443E+01   
 2.3303E+02    5.0621E+01    5.9139E+01    2.3788E+01    1.9117E+01    2.0805E+01    7.7045E+01    5.7012E+01    1.8224E+01    4.9196E+00    1.8626E+01    7.3360E+00    1.0463E+01   
 2.3354E+02    5.0611E+01    5.9142E+01    2.3782E+01    1.9096E+01    2.0838E+01    7.7059E+01    5.7026E+01    1.8285E+01    4.9604E+00    1.8565E+01    7.4364E+00    1.0504E+01   
 2.3404E+02    5.0628E+01    5.9153E+01    2.3762E+01    1.9084E+01    2.0838E+01    7.7043E+01    5.7027E+01    1.8299E+01    4.9604E+00    1.8688E+01    7.4258E+00    1.0484E+01   
 2.3454E+02    5.0633E+01    5.9153E+01    2.3715E+01    1.9084E+01    2.0864E+01    7.7049E+01    5.7024E+01    1.8315E+01    4.9604E+00    1.8769E+01    7.3360E+00    1.0443E+01   
 2.3512E+02    5.0623E+01    5.9137E+01    2.3677E+01    1.9050E+01    2.0869E+01    7.7048E+01    5.7047E+01    1.8346E+01    4.9604E+00    1.8688E+01    7.3835E+00    1.0463E+01   
# Time (s)      T1w (C)       T2w (C)       T1a (C)       T2a (C)       T1r (C)       T2r (C)       T3r (C)       T4r (C)       P1 (bar)      P2 (bar)      Ic (amp)      Qc (l/min)    
 2.3562E+02    5.0634E+01    5.9170E+01    2.3713E+01    1.9079E+01    2.0897E+01    7.7048E+01    5.7048E+01    1.8370E+01    4.9604E+00    1.8688E+01    7.2831E+00    1.0423E+01   
 2.3612E+02    5.0634E+01    5.9160E+01    2.3713E+01    1.9055E+01    2.0916E+01    7.7026E+01    5.7048E+01    1.8377E+01    4.9400E+00    1.8667E+01    7.2831E+00    1.0463E+01   
 2.3662E+02    5.0622E+01    5.9181E+01    2.3738E+01    1.9104E+01    2.0903E+01    7.7057E+01    5.7058E+01    1.8395E+01    4.9400E+00    1.8626E+01    7.2937E+00    1.0463E+01   
 2.3722E+02    5.0622E+01    5.9180E+01    2.3726E+01    1.9103E+01    2.0903E+01    7.7068E+01    5.7045E+01    1.8408E+01    4.9808E+00    1.8626E+01    7.2884E+00    1.0484E+01   
 2.3772E+02    5.0609E+01    5.9180E+01    2.3731E+01    1.9103E+01    2.0921E+01    7.7067E+01    5.7036E+01    1.8418E+01    4.9604E+00    1.8830E+01    7.2937E+00    1.0484E+01   
 2.3822E+02    5.0631E+01    5.9167E+01    2.3722E+01    1.9092E+01    2.0944E+01    7.7089E+01    5.7057E+01    1.8418E+01    4.9808E+00    1.8810E+01    7.2831E+00    1.0403E+01   
 2.3872E+02    5.0630E+01    5.9178E+01    2.3722E+01    1.9183E+01    2.0948E+01    7.7089E+01    5.7040E+01    1.8432E+01    4.9808E+00    1.8626E+01    7.3148E+00    1.0443E+01   
 2.3931E+02    5.0630E+01    5.9179E+01    2.3707E+01    1.9184E+01    2.0948E+01    7.7122E+01    5.7053E+01    1.8443E+01    4.9808E+00    1.8810E+01    7.4628E+00    1.0463E+01   
 2.3981E+02    5.0616E+01    5.9186E+01    2.3693E+01    1.9134E+01    2.0944E+01    7.7141E+01    5.7053E+01    1.8449E+01    5.0011E+00    1.8810E+01    7.5262E+00    1.0463E+01   
 2.4031E+02    5.0628E+01    5.9202E+01    2.3651E+01    1.9134E+01    2.0944E+01    7.7159E+01    5.7022E+01    1.8475E+01    4.9808E+00    1.8708E+01    7.5527E+00    1.0443E+01   
 2.4081E+02    5.0614E+01    5.9202E+01    2.3661E+01    1.9267E+01    2.0918E+01    7.7178E+01    5.7036E+01    1.8475E+01    4.9604E+00    1.8647E+01    7.4417E+00    1.0443E+01   
 2.4139E+02    5.0627E+01    5.9208E+01    2.3573E+01    1.9200E+01    2.0907E+01    7.7178E+01    5.7041E+01    1.8465E+01    4.9808E+00    1.8586E+01    7.5474E+00    1.0504E+01   
 2.4189E+02    5.0605E+01    5.9205E+01    2.3573E+01    1.9182E+01    2.0883E+01    7.7178E+01    5.7083E+01    1.8488E+01    4.9604E+00    1.8790E+01    7.4364E+00    1.0443E+01   
 2.4239E+02    5.0605E+01    5.9209E+01    2.3561E+01    1.9177E+01    2.0843E+01    7.7160E+01    5.7083E+01    1.8499E+01    4.9400E+00    1.8667E+01    7.2884E+00    1.0463E+01   
 2.4289E+02    5.0616E+01    5.9212E+01    2.3601E+01    1.9211E+01    2.0843E+01    7.7158E+01    5.7093E+01    1.8524E+01    4.9400E+00    1.8667E+01    7.5209E+00    1.0443E+01   
 2.4348E+02    5.0638E+01    5.9236E+01    2.3649E+01    1.9227E+01    2.0806E+01    7.7160E+01    5.7085E+01    1.8529E+01    4.9604E+00    1.8565E+01    7.3201E+00    1.0443E+01   
 2.4398E+02    5.0655E+01    5.9236E+01    2.3685E+01    1.9236E+01    2.0748E+01    7.7176E+01    5.7104E+01    1.8561E+01    4.9400E+00    1.8606E+01    7.5315E+00    1.0423E+01   
 2.4448E+02    5.0631E+01    5.9220E+01    2.3662E+01    1.9206E+01    2.0644E+01    7.7182E+01    5.7118E+01    1.8561E+01    4.9400E+00    1.8790E+01    7.4205E+00    1.0484E+01   
 2.4499E+02    5.0631E+01    5.9236E+01    2.3662E+01    1.9160E+01    2.0521E+01    7.7182E+01    5.7109E+01    1.8572E+01    4.9808E+00    1.8728E+01    7.5315E+00    1.0443E+01   
 2.4556E+02    5.0649E+01    5.9237E+01    2.3716E+01    1.9201E+01    2.0301E+01    7.7169E+01    5.7109E+01    1.8627E+01    4.9808E+00    1.8586E+01    7.3941E+00    1.0504E+01   
 2.4607E+02    5.0644E+01    5.9242E+01    2.3706E+01    1.9248E+01    1.9956E+01    7.7173E+01    5.7149E+01    1.8653E+01    4.9808E+00    1.8728E+01    7.2937E+00    1.0484E+01   
 2.4657E+02    5.0663E+01    5.9240E+01    2.3693E+01    1.9264E+01    1.9956E+01    7.7160E+01    5.7146E+01    1.8663E+01    4.9808E+00    1.8790E+01    7.3042E+00    1.0443E+01   
 2.4707E+02    5.0667E+01    5.9240E+01    2.3624E+01    1.9263E+01    1.9569E+01    7.7136E+01    5.7145E+01    1.8663E+01    4.9808E+00    1.8749E+01    7.4205E+00    1.0484E+01   
 2.4765E+02    5.0675E+01    5.9243E+01    2.3562E+01    1.9246E+01    1.9239E+01    7.7088E+01    5.7171E+01    1.8657E+01    4.9808E+00    1.8606E+01    7.2990E+00    1.0463E+01   
 2.4815E+02    5.0671E+01    5.9240E+01    2.3562E+01    1.9314E+01    1.8976E+01    7.7088E+01    5.7167E+01    1.8696E+01    5.0011E+00    1.8790E+01    7.5632E+00    1.0463E+01   
 2.4865E+02    5.0671E+01    5.9233E+01    2.3508E+01    1.9260E+01    1.8765E+01    7.7059E+01    5.7167E+01    1.8703E+01    5.0215E+00    1.8891E+01    7.5527E+00    1.0443E+01   
 2.4915E+02    5.0670E+01    5.9235E+01    2.3520E+01    1.9300E+01    1.8765E+01    7.7026E+01    5.7156E+01    1.8703E+01    5.0011E+00    1.8830E+01    7.3360E+00    1.0443E+01   
 2.4973E+02    5.0678E+01    5.9259E+01    2.3508E+01    1.9300E+01    1.8572E+01    7.7017E+01    5.7143E+01    1.8686E+01    4.9808E+00    1.8708E+01    7.3201E+00    1.0443E+01   
 2.5023E+02    5.0672E+01    5.9259E+01    2.3544E+01    1.9307E+01    1.8382E+01    7.7026E+01    5.7119E+01    1.8686E+01    5.0011E+00    1.8647E+01    7.5632E+00    1.0463E+01   
 2.5073E+02    5.0676E+01    5.9266E+01    2.3544E+01    1.9356E+01    1.8217E+01    7.7026E+01    5.7078E+01    1.8667E+01    4.9808E+00    1.8647E+01    7.4205E+00    1.0463E+01   
# Time (s)      T1w (C)       T2w (C)       T1a (C)       T2a (C)       T1r (C)       T2r (C)       T3r (C)       T4r (C)       P1 (bar)      P2 (bar)      Ic (amp)      Qc (l/min)    
 2.5123E+02    5.0676E+01    5.9285E+01    2.3537E+01    1.9384E+01    1.8056E+01    7.7025E+01    5.7048E+01    1.8662E+01    4.9808E+00    1.8830E+01    7.5897E+00    1.0443E+01   
 2.5182E+02    5.0662E+01    5.9278E+01    2.3539E+01    1.9431E+01    1.7921E+01    7.7051E+01    5.7063E+01    1.8634E+01    4.9808E+00    1.8790E+01    7.4787E+00    1.0463E+01   
 2.5232E+02    5.0663E+01    5.9297E+01    2.3529E+01    1.9349E+01    1.7921E+01    7.7066E+01    5.7008E+01    1.8611E+01    4.9604E+00    1.8728E+01    7.5738E+00    1.0443E+01   
 2.5282E+02    5.0662E+01    5.9297E+01    2.3529E+01    1.9349E+01    1.7781E+01    7.7073E+01    5.6925E+01    1.8575E+01    5.0011E+00    1.8790E+01    7.5685E+00    1.0463E+01   
 2.5332E+02    5.0662E+01    5.9311E+01    2.3434E+01    1.9399E+01    1.7638E+01    7.7078E+01    5.6864E+01    1.8575E+01    4.9604E+00    1.8871E+01    7.4998E+00    1.0443E+01   
 2.5390E+02    5.0664E+01    5.9320E+01    2.3289E+01    1.9379E+01    1.7527E+01    7.7078E+01    5.6804E+01    1.8529E+01    4.9604E+00    1.8851E+01    7.3518E+00    1.0504E+01   
 2.5440E+02    5.0649E+01    5.9340E+01    2.3274E+01    1.9298E+01    1.7391E+01    7.7069E+01    5.6739E+01    1.8479E+01    4.9400E+00    1.8912E+01    7.3254E+00    1.0463E+01   
 2.5490E+02    5.0646E+01    5.9353E+01    2.3471E+01    1.9329E+01    1.7288E+01    7.7043E+01    5.6739E+01    1.8444E+01    4.9808E+00    1.8728E+01    7.3307E+00    1.0443E+01   
 2.5540E+02    5.0648E+01    5.9370E+01    2.3594E+01    1.9329E+01    1.7272E+01    7.7049E+01    5.6668E+01    1.8390E+01    4.9604E+00    1.8871E+01    7.5579E+00    1.0443E+01   
 2.5598E+02    5.0644E+01    5.9370E+01    2.3570E+01    1.9241E+01    1.7167E+01    7.7087E+01    5.6593E+01    1.8323E+01    4.9604E+00    1.8912E+01    7.5949E+00    1.0443E+01   
 2.5648E+02    5.0639E+01    5.9387E+01    2.3644E+01    1.9291E+01    1.7067E+01    7.7082E+01    5.6528E+01    1.8323E+01    4.9808E+00    1.8871E+01    7.3571E+00    1.0484E+01   
 2.5698E+02    5.0647E+01    5.9399E+01    2.3644E+01    1.9282E+01    1.6972E+01    7.7082E+01    5.6452E+01    1.8312E+01    4.9400E+00    1.8790E+01    7.5315E+00    1.0504E+01   
 2.5748E+02    5.0647E+01    5.9405E+01    2.3628E+01    1.9291E+01    1.6905E+01    7.7093E+01    5.6466E+01    1.8284E+01    4.9400E+00    1.8810E+01    7.3360E+00    1.0463E+01   
 2.5808E+02    5.0645E+01    5.9416E+01    2.3599E+01    1.9155E+01    1.6822E+01    7.7088E+01    5.6409E+01    1.8235E+01    4.9604E+00    1.9055E+01    7.3465E+00    1.0443E+01   
 2.5858E+02    5.0643E+01    5.9456E+01    2.3636E+01    1.9203E+01    1.6822E+01    7.7102E+01    5.6338E+01    1.8166E+01    4.8993E+00    1.8891E+01    7.3360E+00    1.0484E+01   
 2.5908E+02    5.0648E+01    5.9456E+01    2.3644E+01    1.9203E+01    1.6742E+01    7.7143E+01    5.6245E+01    1.8125E+01    4.9196E+00    1.8891E+01    7.4100E+00    1.0463E+01   
 2.5958E+02    5.0671E+01    5.9481E+01    2.3607E+01    1.9266E+01    1.6658E+01    7.7188E+01    5.6181E+01    1.8125E+01    4.8993E+00    1.8851E+01    7.3835E+00    1.0504E+01   
 2.6017E+02    5.0670E+01    5.9483E+01    2.3618E+01    1.9167E+01    1.6600E+01    7.7188E+01    5.6093E+01    1.8065E+01    4.8993E+00    1.8891E+01    7.3730E+00    1.0463E+01   
 2.6067E+02    5.0685E+01    5.9494E+01    2.3634E+01    1.9155E+01    1.6540E+01    7.7202E+01    5.6008E+01    1.7989E+01    4.8993E+00    1.8932E+01    7.5897E+00    1.0504E+01   
 2.6117E+02    5.0683E+01    5.9519E+01    2.3570E+01    1.9083E+01    1.6482E+01    7.7217E+01    5.6008E+01    1.7936E+01    4.8993E+00    1.8810E+01    7.4575E+00    1.0463E+01   
 2.6167E+02    5.0681E+01    5.9512E+01    2.3520E+01    1.9083E+01    1.6482E+01    7.7258E+01    5.5932E+01    1.7886E+01    4.8789E+00    1.8912E+01    7.5897E+00    1.0463E+01   
 2.6227E+02    5.0689E+01    5.9512E+01    2.3566E+01    1.9088E+01    1.6415E+01    7.7288E+01    5.5853E+01    1.7826E+01    4.8585E+00    1.8912E+01    7.3307E+00    1.0463E+01   
 2.6277E+02    5.0674E+01    5.9522E+01    2.3621E+01    1.9136E+01    1.6357E+01    7.7325E+01    5.5788E+01    1.7826E+01    4.8585E+00    1.8851E+01    7.5897E+00    1.0443E+01   
 2.6327E+02    5.0680E+01    5.9518E+01    2.3621E+01    1.9107E+01    1.6299E+01    7.7325E+01    5.5708E+01    1.7782E+01    4.8585E+00    1.8932E+01    7.3888E+00    1.0423E+01   
 2.6377E+02    5.0680E+01    5.9531E+01    2.3632E+01    1.9029E+01    1.6250E+01    7.7340E+01    5.5708E+01    1.7735E+01    4.8585E+00    1.9075E+01    7.5157E+00    1.0463E+01   
