# Run number  2 on Mon 2026-05-25T11:05:26 BST
# Time (s)      T1w (C)       T2w (C)       T1a (C)       T2a (C)       T1r (C)       T2r (C)       T3r (C)       T4r (C)       P1 (bar)      P2 (bar)      Ic (amp)      Qc (l/min)    
 2.8660E-01    4.9524E+01    5.6852E+01    2.3993E+01    1.8547E+01    2.0347E+01    7.3270E+01    5.4928E+01    1.7827E+01    4.8178E+00    1.7831E+01    7.0875E+00    1.2143E+01   
 1.0348E+00    4.9534E+01    5.6862E+01    2.4015E+01    1.8650E+01    2.0365E+01    7.3307E+01    5.4952E+01    1.7843E+01    4.8585E+00    1.7607E+01    7.2461E+00    1.2195E+01   
 1.5350E+00    4.9545E+01    5.6876E+01    2.4029E+01    1.8666E+01    2.0384E+01    7.3324E+01    5.4941E+01    1.7843E+01    4.8993E+00    1.7709E+01    7.0875E+00    1.2195E+01   
 2.0353E+00    4.9550E+01    5.6887E+01    2.3972E+01    1.8595E+01    2.0392E+01    7.3339E+01    5.4939E+01    1.7864E+01    4.8585E+00    1.7729E+01    7.0400E+00    1.2178E+01   
 2.5397E+00    4.9550E+01    5.6894E+01    2.3972E+01    1.8641E+01    2.0409E+01    7.3339E+01    5.4939E+01    1.7900E+01    4.8585E+00    1.7709E+01    7.2197E+00    1.2178E+01   
 3.0400E+00    4.9554E+01    5.6890E+01    2.3919E+01    1.8638E+01    2.0414E+01    7.3329E+01    5.4942E+01    1.7903E+01    4.8585E+00    1.7749E+01    7.0453E+00    1.2143E+01   
 3.5403E+00    4.9563E+01    5.6892E+01    2.3936E+01    1.8635E+01    2.0414E+01    7.3314E+01    5.4951E+01    1.7928E+01    4.8993E+00    1.7770E+01    7.0453E+00    1.2143E+01   
 4.0406E+00    4.9561E+01    5.6892E+01    2.3955E+01    1.8635E+01    2.0422E+01    7.3293E+01    5.4962E+01    1.7928E+01    4.8789E+00    1.7688E+01    7.0453E+00    1.2178E+01   
 4.6126E+00    4.9555E+01    5.6902E+01    2.4004E+01    1.8598E+01    2.0421E+01    7.3292E+01    5.4962E+01    1.7941E+01    4.8585E+00    1.7811E+01    7.2778E+00    1.2195E+01   
 5.1130E+00    4.9554E+01    5.6921E+01    2.3979E+01    1.8667E+01    2.0410E+01    7.3292E+01    5.4961E+01    1.7959E+01    4.8585E+00    1.7851E+01    7.0558E+00    1.2143E+01   
 5.6133E+00    4.9554E+01    5.6915E+01    2.3979E+01    1.8699E+01    2.0419E+01    7.3305E+01    5.4976E+01    1.8007E+01    4.8789E+00    1.7851E+01    7.0875E+00    1.2126E+01   
 6.1136E+00    4.9570E+01    5.6934E+01    2.3950E+01    1.8690E+01    2.0414E+01    7.3298E+01    5.4981E+01    1.8019E+01    4.8789E+00    1.7872E+01    7.0505E+00    1.2143E+01   
 6.7005E+00    4.9564E+01    5.6939E+01    2.3874E+01    1.8711E+01    2.0414E+01    7.3293E+01    5.4992E+01    1.8022E+01    4.8585E+00    1.7811E+01    7.2778E+00    1.2178E+01   
 7.2008E+00    4.9568E+01    5.6939E+01    2.3828E+01    1.8711E+01    2.0394E+01    7.3276E+01    5.5010E+01    1.8022E+01    4.8789E+00    1.7688E+01    7.0347E+00    1.2213E+01   
 7.7013E+00    4.9566E+01    5.6952E+01    2.3826E+01    1.8715E+01    2.0373E+01    7.3283E+01    5.5005E+01    1.8042E+01    4.8585E+00    1.7709E+01    7.0664E+00    1.2213E+01   
 8.2016E+00    4.9566E+01    5.6945E+01    2.3826E+01    1.8688E+01    2.0336E+01    7.3283E+01    5.5029E+01    1.8056E+01    4.8789E+00    1.7790E+01    7.0347E+00    1.2161E+01   
 8.7808E+00    4.9553E+01    5.6947E+01    2.3839E+01    1.8770E+01    2.0315E+01    7.3353E+01    5.5043E+01    1.8087E+01    4.8789E+00    1.7709E+01    7.0558E+00    1.2143E+01   
 9.2811E+00    4.9560E+01    5.6951E+01    2.3816E+01    1.8784E+01    2.0265E+01    7.3363E+01    5.5042E+01    1.8121E+01    4.8382E+00    1.7709E+01    7.2144E+00    1.2126E+01   
 9.7815E+00    4.9546E+01    5.6936E+01    2.3805E+01    1.8768E+01    2.0249E+01    7.3368E+01    5.5032E+01    1.8122E+01    4.8789E+00    1.7790E+01    7.2408E+00    1.2143E+01   
 1.0284E+01    4.9534E+01    5.6936E+01    2.3789E+01    1.8708E+01    2.0187E+01    7.3343E+01    5.5053E+01    1.8122E+01    4.8993E+00    1.7831E+01    7.2514E+00    1.2091E+01   
 1.0885E+01    4.9550E+01    5.6933E+01    2.3832E+01    1.8791E+01    2.0111E+01    7.3367E+01    5.5097E+01    1.8158E+01    4.8789E+00    1.7688E+01    7.0453E+00    1.2195E+01   
 1.1386E+01    4.9543E+01    5.6951E+01    2.3822E+01    1.8831E+01    1.9993E+01    7.3367E+01    5.5103E+01    1.8181E+01    4.8585E+00    1.7729E+01    7.0453E+00    1.2195E+01   
 1.1886E+01    4.9543E+01    5.6943E+01    2.3822E+01    1.8769E+01    1.9814E+01    7.3383E+01    5.5118E+01    1.8219E+01    4.8789E+00    1.7811E+01    7.0505E+00    1.2195E+01   
 1.2386E+01    4.9557E+01    5.6952E+01    2.3786E+01    1.8798E+01    1.9444E+01    7.3384E+01    5.5126E+01    1.8258E+01    4.8789E+00    1.7668E+01    7.2303E+00    1.2195E+01   
 1.2966E+01    4.9551E+01    5.6947E+01    2.3771E+01    1.8798E+01    1.9444E+01    7.3383E+01    5.5128E+01    1.8253E+01    4.8993E+00    1.7647E+01    7.1563E+00    1.2178E+01   
 1.3466E+01    4.9553E+01    5.6947E+01    2.3791E+01    1.8878E+01    1.9066E+01    7.3375E+01    5.5159E+01    1.8269E+01    4.8993E+00    1.7709E+01    7.0505E+00    1.2143E+01   
 1.3967E+01    4.9546E+01    5.6951E+01    2.3773E+01    1.8897E+01    1.8761E+01    7.3372E+01    5.5190E+01    1.8301E+01    4.9196E+00    1.7647E+01    7.2937E+00    1.2161E+01   
 1.4467E+01    4.9546E+01    5.6959E+01    2.3773E+01    1.8922E+01    1.8520E+01    7.3372E+01    5.5190E+01    1.8302E+01    4.8993E+00    1.7790E+01    7.0453E+00    1.2161E+01   
 1.5054E+01    4.9553E+01    5.6954E+01    2.3767E+01    1.8858E+01    1.8308E+01    7.3364E+01    5.5184E+01    1.8310E+01    4.8993E+00    1.7831E+01    7.0505E+00    1.2161E+01   
 1.5554E+01    4.9541E+01    5.6968E+01    2.3742E+01    1.8870E+01    1.8106E+01    7.3392E+01    5.5166E+01    1.8320E+01    4.8993E+00    1.7749E+01    7.1774E+00    1.2178E+01   
# Time (s)      T1w (C)       T2w (C)       T1a (C)       T2a (C)       T1r (C)       T2r (C)       T3r (C)       T4r (C)       P1 (bar)      P2 (bar)      Ic (amp)      Qc (l/min)    
 1.6055E+01    4.9544E+01    5.6968E+01    2.3804E+01    1.8870E+01    1.8106E+01    7.3426E+01    5.5141E+01    1.8320E+01    4.8993E+00    1.7729E+01    7.1721E+00    1.2213E+01   
 1.6555E+01    4.9534E+01    5.6964E+01    2.3783E+01    1.8984E+01    1.7931E+01    7.3438E+01    5.5115E+01    1.8293E+01    4.9196E+00    1.7831E+01    7.0823E+00    1.2143E+01   
 1.7134E+01    4.9557E+01    5.6982E+01    2.3710E+01    1.8952E+01    1.7766E+01    7.3467E+01    5.5070E+01    1.8306E+01    4.9196E+00    1.7953E+01    7.0717E+00    1.2178E+01   
 1.7634E+01    4.9557E+01    5.6975E+01    2.3710E+01    1.9017E+01    1.7620E+01    7.3467E+01    5.5070E+01    1.8259E+01    4.8993E+00    1.7851E+01    7.3201E+00    1.2195E+01   
 1.8135E+01    4.9557E+01    5.6994E+01    2.3844E+01    1.8932E+01    1.7486E+01    7.3496E+01    5.5008E+01    1.8239E+01    4.9196E+00    1.7790E+01    7.0717E+00    1.2143E+01   
 1.8635E+01    4.9560E+01    5.7017E+01    2.3862E+01    1.8992E+01    1.7486E+01    7.3513E+01    5.4980E+01    1.8215E+01    4.8993E+00    1.7811E+01    7.3254E+00    1.2213E+01   
 1.9222E+01    4.9555E+01    5.7017E+01    2.3777E+01    1.8992E+01    1.7347E+01    7.3531E+01    5.4924E+01    1.8190E+01    4.8993E+00    1.7831E+01    7.3095E+00    1.2195E+01   
 1.9723E+01    4.9557E+01    5.7030E+01    2.3611E+01    1.8941E+01    1.7219E+01    7.3557E+01    5.4874E+01    1.8190E+01    4.8993E+00    1.7770E+01    7.2514E+00    1.2195E+01   
 2.0223E+01    4.9550E+01    5.7039E+01    2.3502E+01    1.8923E+01    1.7097E+01    7.3557E+01    5.4838E+01    1.8149E+01    4.8585E+00    1.8014E+01    7.2408E+00    1.2213E+01   
 2.0724E+01    4.9550E+01    5.7066E+01    2.3502E+01    1.8864E+01    1.6975E+01    7.3549E+01    5.4838E+01    1.8110E+01    4.8789E+00    1.7953E+01    7.2250E+00    1.2195E+01   
 2.1303E+01    4.9557E+01    5.7082E+01    2.3707E+01    1.8885E+01    1.6853E+01    7.3556E+01    5.4792E+01    1.8073E+01    4.8993E+00    1.7811E+01    7.0981E+00    1.2161E+01   
 2.1803E+01    4.9575E+01    5.7096E+01    2.3862E+01    1.8839E+01    1.6853E+01    7.3572E+01    5.4719E+01    1.8038E+01    4.8585E+00    1.7851E+01    7.1615E+00    1.2143E+01   
 2.2303E+01    4.9576E+01    5.7096E+01    2.3735E+01    1.8839E+01    1.6752E+01    7.3563E+01    5.4666E+01    1.8038E+01    4.8789E+00    1.8055E+01    7.0981E+00    1.2195E+01   
 2.2803E+01    4.9567E+01    5.7118E+01    2.3589E+01    1.8848E+01    1.6656E+01    7.3550E+01    5.4620E+01    1.8012E+01    4.8585E+00    1.7974E+01    7.1880E+00    1.2161E+01   
 2.3399E+01    4.9570E+01    5.7125E+01    2.3570E+01    1.8855E+01    1.6582E+01    7.3530E+01    5.4552E+01    1.7982E+01    4.8585E+00    1.7933E+01    7.0875E+00    1.2195E+01   
 2.3899E+01    4.9556E+01    5.7126E+01    2.3554E+01    1.8801E+01    1.6486E+01    7.3530E+01    5.4552E+01    1.7947E+01    4.8382E+00    1.7933E+01    7.1510E+00    1.2213E+01   
 2.4400E+01    4.9548E+01    5.7142E+01    2.3631E+01    1.8699E+01    1.6407E+01    7.3530E+01    5.4470E+01    1.7892E+01    4.8382E+00    1.7913E+01    7.1034E+00    1.2230E+01   
 2.4900E+01    4.9545E+01    5.7157E+01    2.3616E+01    1.8699E+01    1.6407E+01    7.3523E+01    5.4390E+01    1.7846E+01    4.8585E+00    1.8096E+01    7.1774E+00    1.2178E+01   
 2.5520E+01    4.9550E+01    5.7157E+01    2.3614E+01    1.8670E+01    1.6316E+01    7.3530E+01    5.4317E+01    1.7779E+01    4.8382E+00    1.7892E+01    7.1193E+00    1.2213E+01   
 2.6020E+01    4.9550E+01    5.7162E+01    2.3610E+01    1.8596E+01    1.6248E+01    7.3540E+01    5.4231E+01    1.7779E+01    4.7974E+00    1.8076E+01    7.2778E+00    1.2178E+01   
 2.6520E+01    4.9543E+01    5.7164E+01    2.3577E+01    1.8677E+01    1.6162E+01    7.3540E+01    5.4146E+01    1.7727E+01    4.8178E+00    1.7872E+01    7.0928E+00    1.2195E+01   
 2.7021E+01    4.9528E+01    5.7177E+01    2.3562E+01    1.8604E+01    1.6068E+01    7.3522E+01    5.4131E+01    1.7693E+01    4.7974E+00    1.7892E+01    7.0928E+00    1.2178E+01   
 2.7600E+01    4.9536E+01    5.7161E+01    2.3555E+01    1.8605E+01    1.5982E+01    7.3511E+01    5.4032E+01    1.7635E+01    4.7974E+00    1.7913E+01    7.0928E+00    1.2213E+01   
 2.8100E+01    4.9550E+01    5.7185E+01    2.3585E+01    1.8587E+01    1.5982E+01    7.3513E+01    5.3999E+01    1.7587E+01    4.7974E+00    1.7851E+01    7.1404E+00    1.2178E+01   
 2.8600E+01    4.9536E+01    5.7185E+01    2.3627E+01    1.8587E+01    1.5916E+01    7.3461E+01    5.3891E+01    1.7571E+01    4.7974E+00    1.7892E+01    7.1563E+00    1.2213E+01   
 2.9100E+01    4.9544E+01    5.7193E+01    2.3689E+01    1.8577E+01    1.5868E+01    7.3461E+01    5.3819E+01    1.7516E+01    4.7974E+00    1.8076E+01    7.1774E+00    1.2213E+01   
 2.9688E+01    4.9523E+01    5.7176E+01    2.3702E+01    1.8620E+01    1.5813E+01    7.3437E+01    5.3726E+01    1.7449E+01    4.7363E+00    1.8116E+01    7.1298E+00    1.2195E+01   
 3.0188E+01    4.9523E+01    5.7182E+01    2.3702E+01    1.8519E+01    1.5776E+01    7.3437E+01    5.3726E+01    1.7401E+01    4.7567E+00    1.8096E+01    7.2831E+00    1.2178E+01   
 3.0688E+01    4.9542E+01    5.7203E+01    2.3708E+01    1.8413E+01    1.5733E+01    7.3419E+01    5.3661E+01    1.7345E+01    4.7363E+00    1.8096E+01    7.2672E+00    1.2178E+01   
 3.1189E+01    4.9544E+01    5.7186E+01    2.3573E+01    1.8401E+01    1.5733E+01    7.3432E+01    5.3586E+01    1.7296E+01    4.7363E+00    1.7913E+01    7.2461E+00    1.2213E+01   
# Time (s)      T1w (C)       T2w (C)       T1a (C)       T2a (C)       T1r (C)       T2r (C)       T3r (C)       T4r (C)       P1 (bar)      P2 (bar)      Ic (amp)      Qc (l/min)    
 3.1760E+01    4.9543E+01    5.7186E+01    2.3573E+01    1.8401E+01    1.5693E+01    7.3427E+01    5.3549E+01    1.7296E+01    4.7363E+00    1.7892E+01    7.0823E+00    1.2178E+01   
 3.2261E+01    4.9543E+01    5.7197E+01    2.3624E+01    1.8398E+01    1.5663E+01    7.3433E+01    5.3477E+01    1.7270E+01    4.7363E+00    1.7892E+01    7.1140E+00    1.2143E+01   
 3.2761E+01    4.9540E+01    5.7175E+01    2.3608E+01    1.8363E+01    1.5622E+01    7.3433E+01    5.3431E+01    1.7208E+01    4.7363E+00    1.8076E+01    7.0717E+00    1.2195E+01   
 3.3261E+01    4.9540E+01    5.7181E+01    2.3738E+01    1.8359E+01    1.5607E+01    7.3432E+01    5.3431E+01    1.7161E+01    4.7363E+00    1.8014E+01    7.1457E+00    1.2161E+01   
 3.3856E+01    4.9546E+01    5.7204E+01    2.3870E+01    1.8331E+01    1.5585E+01    7.3451E+01    5.3357E+01    1.7075E+01    4.7363E+00    1.7953E+01    7.0664E+00    1.2178E+01   
 3.4357E+01    4.9532E+01    5.7190E+01    2.3851E+01    1.8309E+01    1.5585E+01    7.3490E+01    5.3282E+01    1.7037E+01    4.7159E+00    1.7892E+01    7.2884E+00    1.2195E+01   
 3.4857E+01    4.9539E+01    5.7190E+01    2.3738E+01    1.8309E+01    1.5586E+01    7.3531E+01    5.3234E+01    1.7037E+01    4.7159E+00    1.8116E+01    7.0611E+00    1.2178E+01   
 3.5357E+01    4.9559E+01    5.7197E+01    2.3779E+01    1.8250E+01    1.5604E+01    7.3571E+01    5.3168E+01    1.6977E+01    4.6956E+00    1.8116E+01    7.3042E+00    1.2178E+01   
 3.5945E+01    4.9556E+01    5.7201E+01    2.3775E+01    1.8329E+01    1.5628E+01    7.3571E+01    5.3116E+01    1.6941E+01    4.6956E+00    1.8096E+01    7.1140E+00    1.2213E+01   
 3.6445E+01    4.9556E+01    5.7186E+01    2.3775E+01    1.8146E+01    1.5679E+01    7.3601E+01    5.3116E+01    1.6869E+01    4.6752E+00    1.7953E+01    7.2725E+00    1.2195E+01   
 3.6946E+01    4.9549E+01    5.7185E+01    2.3818E+01    1.8284E+01    1.5716E+01    7.3612E+01    5.3009E+01    1.6841E+01    4.6956E+00    1.7953E+01    7.2725E+00    1.2178E+01   
 3.7446E+01    4.9528E+01    5.7185E+01    2.3879E+01    1.8284E+01    1.5716E+01    7.3654E+01    5.2967E+01    1.6809E+01    4.6752E+00    1.7913E+01    7.2303E+00    1.2143E+01   
 3.8041E+01    4.9556E+01    5.7192E+01    2.3879E+01    1.8215E+01    1.5780E+01    7.3678E+01    5.2902E+01    1.6809E+01    4.6752E+00    1.7933E+01    7.2461E+00    1.2178E+01   
 3.8541E+01    4.9536E+01    5.7176E+01    2.3949E+01    1.8160E+01    1.5860E+01    7.3704E+01    5.2834E+01    1.6761E+01    4.6548E+00    1.8096E+01    7.0770E+00    1.2178E+01   
 3.9042E+01    4.9551E+01    5.7188E+01    2.3965E+01    1.8201E+01    1.5954E+01    7.3704E+01    5.2823E+01    1.6735E+01    4.6344E+00    1.7974E+01    7.2672E+00    1.2178E+01   
 3.9542E+01    4.9563E+01    5.7186E+01    2.4007E+01    1.8148E+01    1.5998E+01    7.3724E+01    5.2823E+01    1.6668E+01    4.6344E+00    1.7974E+01    7.2778E+00    1.2161E+01   
 4.0113E+01    4.9570E+01    5.7183E+01    2.3965E+01    1.8128E+01    1.6091E+01    7.3748E+01    5.2784E+01    1.6626E+01    4.6344E+00    1.7872E+01    7.0664E+00    1.2143E+01   
 4.0614E+01    4.9581E+01    5.7183E+01    2.3811E+01    1.8128E+01    1.6091E+01    7.3749E+01    5.2768E+01    1.6621E+01    4.6344E+00    1.7811E+01    7.2461E+00    1.2109E+01   
 4.1114E+01    4.9592E+01    5.7183E+01    2.3670E+01    1.8033E+01    1.6193E+01    7.3751E+01    5.2739E+01    1.6637E+01    4.6344E+00    1.8014E+01    7.2620E+00    1.2126E+01   
 4.1614E+01    4.9586E+01    5.7179E+01    2.3555E+01    1.7992E+01    1.6292E+01    7.3751E+01    5.2750E+01    1.6614E+01    4.6141E+00    1.8014E+01    7.2567E+00    1.2161E+01   
 4.2210E+01    4.9590E+01    5.7172E+01    2.3555E+01    1.8000E+01    1.6376E+01    7.3759E+01    5.2716E+01    1.6618E+01    4.6141E+00    1.7872E+01    7.0558E+00    1.2143E+01   
 4.2710E+01    4.9590E+01    5.7135E+01    2.3452E+01    1.7985E+01    1.6474E+01    7.3751E+01    5.2716E+01    1.6587E+01    4.6141E+00    1.7831E+01    7.2303E+00    1.2126E+01   
 4.3210E+01    4.9564E+01    5.7115E+01    2.3391E+01    1.7959E+01    1.6474E+01    7.3738E+01    5.2741E+01    1.6569E+01    4.6344E+00    1.7811E+01    7.0558E+00    1.2178E+01   
 4.3711E+01    4.9570E+01    5.7115E+01    2.3375E+01    1.7959E+01    1.6606E+01    7.3731E+01    5.2780E+01    1.6610E+01    4.6141E+00    1.7974E+01    7.2091E+00    1.2161E+01   
 4.4282E+01    4.9558E+01    5.7099E+01    2.3338E+01    1.7905E+01    1.6692E+01    7.3725E+01    5.2792E+01    1.6610E+01    4.6141E+00    1.7953E+01    7.0135E+00    1.2213E+01   
 4.4782E+01    4.9583E+01    5.7102E+01    2.3357E+01    1.7883E+01    1.6801E+01    7.3730E+01    5.2819E+01    1.6631E+01    4.6141E+00    1.7851E+01    7.0347E+00    1.2178E+01   
 4.5283E+01    4.9583E+01    5.7102E+01    2.3357E+01    1.7870E+01    1.6912E+01    7.3730E+01    5.2819E+01    1.6668E+01    4.5937E+00    1.7770E+01    7.0030E+00    1.2213E+01   
 4.5783E+01    4.9569E+01    5.7057E+01    2.3376E+01    1.7951E+01    1.7005E+01    7.3717E+01    5.2846E+01    1.6692E+01    4.6141E+00    1.7688E+01    7.1985E+00    1.2195E+01   
 4.6395E+01    4.9571E+01    5.7030E+01    2.3400E+01    1.7965E+01    1.7104E+01    7.3716E+01    5.2880E+01    1.6689E+01    4.6344E+00    1.7709E+01    6.9924E+00    1.2143E+01   
 4.6895E+01    4.9593E+01    5.7047E+01    2.3420E+01    1.7981E+01    1.7104E+01    7.3732E+01    5.2914E+01    1.6713E+01    4.6141E+00    1.7709E+01    6.9977E+00    1.2195E+01   
# Time (s)      T1w (C)       T2w (C)       T1a (C)       T2a (C)       T1r (C)       T2r (C)       T3r (C)       T4r (C)       P1 (bar)      P2 (bar)      Ic (amp)      Qc (l/min)    
 4.7396E+01    4.9606E+01    5.7047E+01    2.3445E+01    1.7917E+01    1.7197E+01    7.3735E+01    5.2984E+01    1.6713E+01    4.6141E+00    1.7790E+01    7.0030E+00    1.2178E+01   
 4.7896E+01    4.9597E+01    5.7025E+01    2.3519E+01    1.8019E+01    1.7284E+01    7.3721E+01    5.2996E+01    1.6708E+01    4.6141E+00    1.7851E+01    7.0083E+00    1.2178E+01   
 4.8467E+01    4.9597E+01    5.7010E+01    2.3519E+01    1.7946E+01    1.7373E+01    7.3779E+01    5.3056E+01    1.6711E+01    4.6141E+00    1.7688E+01    7.0981E+00    1.2143E+01   
 4.8967E+01    4.9603E+01    5.6998E+01    2.3628E+01    1.7999E+01    1.7443E+01    7.3767E+01    5.3041E+01    1.6721E+01    4.5937E+00    1.7647E+01    7.2197E+00    1.2178E+01   
 4.9467E+01    4.9598E+01    5.6976E+01    2.3713E+01    1.7933E+01    1.7443E+01    7.3796E+01    5.3085E+01    1.6719E+01    4.6141E+00    1.7811E+01    7.1245E+00    1.2143E+01   
 4.9968E+01    4.9615E+01    5.6990E+01    2.3803E+01    1.7949E+01    1.7527E+01    7.3808E+01    5.3138E+01    1.6703E+01    4.6344E+00    1.7851E+01    7.2197E+00    1.2195E+01   
 5.0571E+01    4.9625E+01    5.6995E+01    2.3787E+01    1.8055E+01    1.7638E+01    7.3849E+01    5.3205E+01    1.6717E+01    4.5937E+00    1.7607E+01    6.9766E+00    1.2195E+01   
 5.1071E+01    4.9591E+01    5.6943E+01    2.3813E+01    1.8018E+01    1.7706E+01    7.3844E+01    5.3250E+01    1.6707E+01    4.6141E+00    1.7729E+01    7.1087E+00    1.2161E+01   
 5.1572E+01    4.9591E+01    5.6942E+01    2.3813E+01    1.7903E+01    1.7792E+01    7.3844E+01    5.3250E+01    1.6706E+01    4.6548E+00    1.7607E+01    7.0981E+00    1.2126E+01   
 5.2072E+01    4.9620E+01    5.6938E+01    2.3849E+01    1.8018E+01    1.7899E+01    7.3882E+01    5.3337E+01    1.6745E+01    4.6344E+00    1.7729E+01    7.2144E+00    1.2161E+01   
 5.2676E+01    4.9597E+01    5.6950E+01    2.3953E+01    1.8116E+01    1.7984E+01    7.3901E+01    5.3402E+01    1.6750E+01    4.6344E+00    1.7811E+01    6.9713E+00    1.2109E+01   
 5.3176E+01    4.9597E+01    5.6931E+01    2.3951E+01    1.8116E+01    1.8000E+01    7.3938E+01    5.3491E+01    1.6775E+01    4.6548E+00    1.7668E+01    6.9713E+00    1.2161E+01   
 5.3676E+01    4.9596E+01    5.6931E+01    2.4029E+01    1.8047E+01    1.8086E+01    7.3951E+01    5.3565E+01    1.6775E+01    4.6344E+00    1.7668E+01    6.9713E+00    1.2213E+01   
 5.4177E+01    4.9610E+01    5.6920E+01    2.4029E+01    1.8028E+01    1.8166E+01    7.3951E+01    5.3667E+01    1.6774E+01    4.6548E+00    1.7749E+01    7.2197E+00    1.2161E+01   
 5.4772E+01    4.9614E+01    5.6904E+01    2.4146E+01    1.8070E+01    1.8259E+01    7.3973E+01    5.3752E+01    1.6833E+01    4.6344E+00    1.7647E+01    6.9871E+00    1.2178E+01   
 5.5272E+01    4.9629E+01    5.6928E+01    2.4183E+01    1.8062E+01    1.8363E+01    7.3993E+01    5.3752E+01    1.6854E+01    4.6344E+00    1.7831E+01    7.2250E+00    1.2143E+01   
 5.5772E+01    4.9627E+01    5.6910E+01    2.4101E+01    1.8069E+01    1.8363E+01    7.4034E+01    5.3827E+01    1.6893E+01    4.6548E+00    1.7729E+01    7.0823E+00    1.2230E+01   
 5.6272E+01    4.9623E+01    5.6910E+01    2.4037E+01    1.8069E+01    1.8431E+01    7.3987E+01    5.3925E+01    1.6892E+01    4.6548E+00    1.7647E+01    7.2250E+00    1.2213E+01   
 5.6860E+01    4.9619E+01    5.6915E+01    2.4052E+01    1.8069E+01    1.8503E+01    7.3948E+01    5.3955E+01    1.6892E+01    4.6344E+00    1.7668E+01    7.2038E+00    1.2230E+01   
 5.7360E+01    4.9620E+01    5.6906E+01    2.4027E+01    1.8061E+01    1.8588E+01    7.3948E+01    5.4037E+01    1.6919E+01    4.6344E+00    1.7688E+01    7.1510E+00    1.2213E+01   
 5.7861E+01    4.9620E+01    5.6896E+01    2.4027E+01    1.8017E+01    1.8665E+01    7.3935E+01    5.4119E+01    1.6972E+01    4.6344E+00    1.7811E+01    6.9871E+00    1.2178E+01   
 5.8361E+01    4.9622E+01    5.6888E+01    2.3999E+01    1.8065E+01    1.8744E+01    7.3907E+01    5.4119E+01    1.7026E+01    4.6548E+00    1.7749E+01    7.1457E+00    1.2195E+01   
 5.8956E+01    4.9624E+01    5.6898E+01    2.3970E+01    1.8116E+01    1.8811E+01    7.3877E+01    5.4197E+01    1.7017E+01    4.6548E+00    1.7749E+01    7.1880E+00    1.2195E+01   
 5.9456E+01    4.9627E+01    5.6898E+01    2.3892E+01    1.8116E+01    1.8811E+01    7.3828E+01    5.4280E+01    1.7063E+01    4.6548E+00    1.7647E+01    7.0083E+00    1.2178E+01   
 5.9957E+01    4.9637E+01    5.6894E+01    2.3891E+01    1.8159E+01    1.8889E+01    7.3801E+01    5.4323E+01    1.7063E+01    4.6548E+00    1.7607E+01    6.9924E+00    1.2178E+01   
 6.0457E+01    4.9637E+01    5.6898E+01    2.3891E+01    1.8188E+01    1.8955E+01    7.3801E+01    5.4405E+01    1.7069E+01    4.6752E+00    1.7668E+01    6.9871E+00    1.2178E+01   
 6.1029E+01    4.9637E+01    5.6888E+01    2.3908E+01    1.8157E+01    1.9037E+01    7.3808E+01    5.4476E+01    1.7149E+01    4.6752E+00    1.7770E+01    7.0188E+00    1.2195E+01   
 6.1529E+01    4.9644E+01    5.6904E+01    2.4014E+01    1.8195E+01    1.9086E+01    7.3800E+01    5.4476E+01    1.7136E+01    4.6956E+00    1.7811E+01    7.1880E+00    1.2161E+01   
 6.2029E+01    4.9640E+01    5.6893E+01    2.4028E+01    1.8195E+01    1.9102E+01    7.3803E+01    5.4558E+01    1.7139E+01    4.6956E+00    1.7811E+01    7.1933E+00    1.2178E+01   
 6.2529E+01    4.9645E+01    5.6893E+01    2.3971E+01    1.8211E+01    1.9179E+01    7.3799E+01    5.4611E+01    1.7139E+01    4.6752E+00    1.7688E+01    7.1880E+00    1.2213E+01   
# Time (s)      T1w (C)       T2w (C)       T1a (C)       T2a (C)       T1r (C)       T2r (C)       T3r (C)       T4r (C)       P1 (bar)      P2 (bar)      Ic (amp)      Qc (l/min)    
 6.3109E+01    4.9655E+01    5.6898E+01    2.3911E+01    1.8343E+01    1.9244E+01    7.3799E+01    5.4632E+01    1.7191E+01    4.6752E+00    1.7627E+01    7.0928E+00    1.2178E+01   
 6.3610E+01    4.9657E+01    5.6901E+01    2.3911E+01    1.8362E+01    1.9306E+01    7.3799E+01    5.4670E+01    1.7197E+01    4.6956E+00    1.7627E+01    7.0823E+00    1.2195E+01   
 6.4110E+01    4.9657E+01    5.6886E+01    2.3822E+01    1.8334E+01    1.9387E+01    7.3807E+01    5.4685E+01    1.7219E+01    4.7159E+00    1.7709E+01    7.2250E+00    1.2143E+01   
 6.4610E+01    4.9651E+01    5.6880E+01    2.3765E+01    1.8330E+01    1.9387E+01    7.3799E+01    5.4748E+01    1.7236E+01    4.6956E+00    1.7790E+01    7.0294E+00    1.2126E+01   
 6.5181E+01    4.9644E+01    5.6896E+01    2.3900E+01    1.8330E+01    1.9435E+01    7.3790E+01    5.4768E+01    1.7254E+01    4.7159E+00    1.7668E+01    7.0030E+00    1.2195E+01   
 6.5682E+01    4.9665E+01    5.6896E+01    2.3808E+01    1.8329E+01    1.9493E+01    7.3780E+01    5.4786E+01    1.7254E+01    4.7363E+00    1.7586E+01    7.2461E+00    1.2195E+01   
 6.6182E+01    4.9667E+01    5.6905E+01    2.3741E+01    1.8362E+01    1.9561E+01    7.3745E+01    5.4830E+01    1.7295E+01    4.7363E+00    1.7790E+01    7.1615E+00    1.2195E+01   
 6.6682E+01    4.9667E+01    5.6907E+01    2.3741E+01    1.8312E+01    1.9611E+01    7.3745E+01    5.4870E+01    1.7325E+01    4.7363E+00    1.7729E+01    7.2250E+00    1.2178E+01   
 6.7277E+01    4.9657E+01    5.6903E+01    2.3807E+01    1.8326E+01    1.9668E+01    7.3735E+01    5.4885E+01    1.7363E+01    4.7363E+00    1.7647E+01    7.1404E+00    1.2195E+01   
 6.7778E+01    4.9664E+01    5.6916E+01    2.3814E+01    1.8378E+01    1.9721E+01    7.3717E+01    5.4902E+01    1.7391E+01    4.7770E+00    1.7668E+01    7.0188E+00    1.2161E+01   
 6.8278E+01    4.9657E+01    5.6903E+01    2.3852E+01    1.8378E+01    1.9721E+01    7.3718E+01    5.4921E+01    1.7405E+01    4.7363E+00    1.7831E+01    7.2091E+00    1.2178E+01   
 6.8778E+01    4.9656E+01    5.6903E+01    2.3887E+01    1.8341E+01    1.9765E+01    7.3715E+01    5.4956E+01    1.7405E+01    4.7363E+00    1.7811E+01    7.0505E+00    1.2161E+01   
 6.9350E+01    4.9661E+01    5.6916E+01    2.3808E+01    1.8482E+01    1.9819E+01    7.3706E+01    5.4974E+01    1.7423E+01    4.7567E+00    1.7749E+01    7.0347E+00    1.2161E+01   
 6.9850E+01    4.9661E+01    5.6928E+01    2.3808E+01    1.8410E+01    1.9870E+01    7.3706E+01    5.4999E+01    1.7464E+01    4.7567E+00    1.7729E+01    7.1880E+00    1.2195E+01   
 7.0350E+01    4.9663E+01    5.6924E+01    2.3796E+01    1.8528E+01    1.9915E+01    7.3705E+01    5.5014E+01    1.7504E+01    4.7770E+00    1.7607E+01    7.0453E+00    1.2195E+01   
 7.0851E+01    4.9653E+01    5.6917E+01    2.3696E+01    1.8528E+01    1.9915E+01    7.3680E+01    5.5046E+01    1.7543E+01    4.7567E+00    1.7688E+01    7.2197E+00    1.2161E+01   
 7.1454E+01    4.9649E+01    5.6948E+01    2.3653E+01    1.8566E+01    1.9971E+01    7.3675E+01    5.5041E+01    1.7604E+01    4.7974E+00    1.7770E+01    7.1245E+00    1.2195E+01   
 7.1954E+01    4.9664E+01    5.6948E+01    2.3642E+01    1.8491E+01    2.0043E+01    7.3673E+01    5.5059E+01    1.7620E+01    4.7974E+00    1.7627E+01    7.1827E+00    1.2213E+01   
 7.2455E+01    4.9649E+01    5.6958E+01    2.3798E+01    1.8595E+01    2.0080E+01    7.3673E+01    5.5055E+01    1.7601E+01    4.7770E+00    1.7831E+01    7.0241E+00    1.2126E+01   
 7.2955E+01    4.9649E+01    5.6962E+01    2.3798E+01    1.8530E+01    2.0118E+01    7.3647E+01    5.5067E+01    1.7629E+01    4.8178E+00    1.7872E+01    7.2303E+00    1.2143E+01   
 7.3527E+01    4.9644E+01    5.6965E+01    2.3857E+01    1.8535E+01    2.0164E+01    7.3645E+01    5.5067E+01    1.7645E+01    4.7974E+00    1.7749E+01    7.0347E+00    1.2178E+01   
 7.4027E+01    4.9669E+01    5.7000E+01    2.3736E+01    1.8552E+01    2.0164E+01    7.3665E+01    5.5071E+01    1.7655E+01    4.8178E+00    1.7688E+01    7.1245E+00    1.2161E+01   
 7.4527E+01    4.9677E+01    5.7000E+01    2.3797E+01    1.8552E+01    2.0184E+01    7.3673E+01    5.5095E+01    1.7678E+01    4.8178E+00    1.7647E+01    7.1034E+00    1.2143E+01   
 7.5028E+01    4.9662E+01    5.6987E+01    2.3817E+01    1.8620E+01    2.0219E+01    7.3662E+01    5.5090E+01    1.7678E+01    4.7974E+00    1.7729E+01    7.0664E+00    1.2213E+01   
 7.5623E+01    4.9669E+01    5.7005E+01    2.3878E+01    1.8634E+01    2.0270E+01    7.3662E+01    5.5099E+01    1.7681E+01    4.8178E+00    1.7851E+01    7.1510E+00    1.2178E+01   
 7.6123E+01    4.9669E+01    5.7015E+01    2.3878E+01    1.8581E+01    2.0300E+01    7.3673E+01    5.5112E+01    1.7695E+01    4.8178E+00    1.7729E+01    7.0347E+00    1.2195E+01   
 7.6623E+01    4.9660E+01    5.7009E+01    2.3886E+01    1.8605E+01    2.0331E+01    7.3669E+01    5.5112E+01    1.7719E+01    4.8178E+00    1.7872E+01    7.0453E+00    1.2195E+01   
 7.7124E+01    4.9672E+01    5.7010E+01    2.3911E+01    1.8605E+01    2.0346E+01    7.3731E+01    5.5131E+01    1.7771E+01    4.8382E+00    1.7668E+01    7.0558E+00    1.2143E+01   
 7.7695E+01    4.9673E+01    5.7010E+01    2.3968E+01    1.8576E+01    2.0375E+01    7.3765E+01    5.5143E+01    1.7766E+01    4.8178E+00    1.7709E+01    7.2778E+00    1.2178E+01   
 7.8195E+01    4.9664E+01    5.6999E+01    2.4040E+01    1.8548E+01    2.0382E+01    7.3746E+01    5.5135E+01    1.7751E+01    4.8178E+00    1.7647E+01    7.1721E+00    1.2178E+01   
# Time (s)      T1w (C)       T2w (C)       T1a (C)       T2a (C)       T1r (C)       T2r (C)       T3r (C)       T4r (C)       P1 (bar)      P2 (bar)      Ic (amp)      Qc (l/min)    
 7.8696E+01    4.9655E+01    5.7005E+01    2.4040E+01    1.8649E+01    2.0407E+01    7.3746E+01    5.5132E+01    1.7755E+01    4.8382E+00    1.7811E+01    7.1298E+00    1.2195E+01   
 7.9196E+01    4.9655E+01    5.7013E+01    2.3940E+01    1.8633E+01    2.0417E+01    7.3754E+01    5.5117E+01    1.7770E+01    4.8382E+00    1.7851E+01    7.2091E+00    1.2143E+01   
 7.9808E+01    4.9667E+01    5.7017E+01    2.3960E+01    1.8671E+01    2.0429E+01    7.3751E+01    5.5129E+01    1.7787E+01    4.8585E+00    1.7770E+01    7.2990E+00    1.2109E+01   
 8.0308E+01    4.9666E+01    5.6998E+01    2.3984E+01    1.8731E+01    2.0414E+01    7.3756E+01    5.5113E+01    1.7793E+01    4.8585E+00    1.7790E+01    7.1774E+00    1.2143E+01   
 8.0808E+01    4.9669E+01    5.6998E+01    2.4006E+01    1.8731E+01    2.0440E+01    7.3746E+01    5.5123E+01    1.7815E+01    4.8585E+00    1.7749E+01    7.0611E+00    1.2161E+01   
 8.1309E+01    4.9673E+01    5.7019E+01    2.4015E+01    1.8691E+01    2.0443E+01    7.3722E+01    5.5114E+01    1.7799E+01    4.8789E+00    1.7729E+01    7.1298E+00    1.2178E+01   
 8.1880E+01    4.9678E+01    5.7037E+01    2.4015E+01    1.8651E+01    2.0460E+01    7.3722E+01    5.5109E+01    1.7858E+01    4.8585E+00    1.7913E+01    7.0558E+00    1.2161E+01   
 8.2380E+01    4.9678E+01    5.7027E+01    2.3993E+01    1.8671E+01    2.0480E+01    7.3730E+01    5.5138E+01    1.7873E+01    4.8585E+00    1.7953E+01    7.0664E+00    1.2178E+01   
 8.2880E+01    4.9678E+01    5.7031E+01    2.4085E+01    1.8674E+01    2.0502E+01    7.3734E+01    5.5138E+01    1.7915E+01    4.8789E+00    1.7709E+01    7.0558E+00    1.2178E+01   
 8.3381E+01    4.9680E+01    5.7049E+01    2.4140E+01    1.8674E+01    2.0502E+01    7.3753E+01    5.5141E+01    1.7946E+01    4.8789E+00    1.7709E+01    7.0717E+00    1.2161E+01   
 8.3976E+01    4.9691E+01    5.7049E+01    2.4140E+01    1.8656E+01    2.0519E+01    7.3778E+01    5.5161E+01    1.7983E+01    4.8789E+00    1.7831E+01    7.0558E+00    1.2213E+01   
 8.4476E+01    4.9684E+01    5.7036E+01    2.4051E+01    1.8755E+01    2.0512E+01    7.3783E+01    5.5187E+01    1.7983E+01    4.8789E+00    1.7933E+01    7.2038E+00    1.2178E+01   
 8.4977E+01    4.9684E+01    5.7064E+01    2.4051E+01    1.8680E+01    2.0523E+01    7.3783E+01    5.5178E+01    1.7989E+01    4.8993E+00    1.7790E+01    7.0558E+00    1.2195E+01   
 8.5477E+01    4.9684E+01    5.7056E+01    2.4062E+01    1.8708E+01    2.0542E+01    7.3810E+01    5.5178E+01    1.8034E+01    4.8789E+00    1.7729E+01    7.2725E+00    1.2143E+01   
 8.6057E+01    4.9691E+01    5.7053E+01    2.4039E+01    1.8695E+01    2.0518E+01    7.3823E+01    5.5171E+01    1.8038E+01    4.8789E+00    1.7933E+01    7.0717E+00    1.2161E+01   
 8.6557E+01    4.9684E+01    5.7079E+01    2.3982E+01    1.8695E+01    2.0518E+01    7.3856E+01    5.5178E+01    1.8026E+01    4.8993E+00    1.7811E+01    7.2884E+00    1.2178E+01   
 8.7057E+01    4.9697E+01    5.7079E+01    2.4059E+01    1.8586E+01    2.0529E+01    7.3865E+01    5.5156E+01    1.8026E+01    4.8993E+00    1.7892E+01    7.1087E+00    1.2143E+01   
 8.7558E+01    4.9701E+01    5.7091E+01    2.4130E+01    1.8628E+01    2.0523E+01    7.3865E+01    5.5171E+01    1.8055E+01    4.8585E+00    1.7892E+01    7.0664E+00    1.2126E+01   
 8.8153E+01    4.9687E+01    5.7079E+01    2.4130E+01    1.8555E+01    2.0496E+01    7.3853E+01    5.5170E+01    1.8072E+01    4.8789E+00    1.7770E+01    7.2884E+00    1.2178E+01   
 8.8653E+01    4.9687E+01    5.7105E+01    2.4190E+01    1.8569E+01    2.0471E+01    7.3866E+01    5.5170E+01    1.8114E+01    4.8789E+00    1.7913E+01    7.0611E+00    1.2213E+01   
 8.9153E+01    4.9704E+01    5.7081E+01    2.4212E+01    1.8630E+01    2.0455E+01    7.3863E+01    5.5159E+01    1.8100E+01    4.8993E+00    1.7749E+01    7.2620E+00    1.2230E+01   
 8.9654E+01    4.9698E+01    5.7087E+01    2.4293E+01    1.8630E+01    2.0445E+01    7.3878E+01    5.5146E+01    1.8122E+01    4.8993E+00    1.7770E+01    7.0505E+00    1.2195E+01   
 9.0233E+01    4.9704E+01    5.7087E+01    2.4305E+01    1.8641E+01    2.0423E+01    7.3895E+01    5.5157E+01    1.8122E+01    4.8993E+00    1.7872E+01    7.0875E+00    1.2178E+01   
 9.0734E+01    4.9701E+01    5.7096E+01    2.4308E+01    1.8698E+01    2.0402E+01    7.3893E+01    5.5171E+01    1.8146E+01    4.8993E+00    1.7790E+01    7.0928E+00    1.2195E+01   
 9.1234E+01    4.9701E+01    5.7103E+01    2.4308E+01    1.8719E+01    2.0346E+01    7.3879E+01    5.5177E+01    1.8156E+01    4.9196E+00    1.7892E+01    7.0875E+00    1.2230E+01   
 9.1734E+01    4.9706E+01    5.7106E+01    2.4406E+01    1.8691E+01    2.0296E+01    7.3870E+01    5.5177E+01    1.8179E+01    4.8993E+00    1.7933E+01    7.2408E+00    1.2178E+01   
 9.2345E+01    4.9690E+01    5.7098E+01    2.4116E+01    1.8692E+01    2.0245E+01    7.3863E+01    5.5181E+01    1.8223E+01    4.9196E+00    1.7872E+01    7.2884E+00    1.2178E+01   
 9.2846E+01    4.9695E+01    5.7108E+01    2.4034E+01    1.8692E+01    2.0245E+01    7.3858E+01    5.5219E+01    1.8250E+01    4.8993E+00    1.7709E+01    7.1087E+00    1.2143E+01   
 9.3346E+01    4.9699E+01    5.7108E+01    2.3984E+01    1.8781E+01    2.0175E+01    7.3873E+01    5.5210E+01    1.8250E+01    4.8789E+00    1.7913E+01    7.0823E+00    1.2178E+01   
 9.3846E+01    4.9707E+01    5.7127E+01    2.4050E+01    1.8792E+01    2.0045E+01    7.3873E+01    5.5220E+01    1.8260E+01    4.8789E+00    1.7892E+01    7.1404E+00    1.2126E+01   
# Time (s)      T1w (C)       T2w (C)       T1a (C)       T2a (C)       T1r (C)       T2r (C)       T3r (C)       T4r (C)       P1 (bar)      P2 (bar)      Ic (amp)      Qc (l/min)    
 9.4417E+01    4.9696E+01    5.7111E+01    2.4050E+01    1.8826E+01    1.9853E+01    7.3854E+01    5.5236E+01    1.8284E+01    4.8789E+00    1.7851E+01    7.2831E+00    1.2161E+01   
 9.4918E+01    4.9696E+01    5.7107E+01    2.3991E+01    1.8722E+01    1.9498E+01    7.3847E+01    5.5236E+01    1.8309E+01    4.8585E+00    1.7851E+01    7.0981E+00    1.2161E+01   
 9.5418E+01    4.9704E+01    5.7115E+01    2.3984E+01    1.8821E+01    1.9498E+01    7.3829E+01    5.5275E+01    1.8312E+01    4.8993E+00    1.7749E+01    7.0611E+00    1.2161E+01   
 9.5918E+01    4.9705E+01    5.7115E+01    2.4028E+01    1.8821E+01    1.9081E+01    7.3806E+01    5.5280E+01    1.8336E+01    4.8993E+00    1.7749E+01    7.0770E+00    1.2195E+01   
 9.6514E+01    4.9712E+01    5.7123E+01    2.4152E+01    1.8820E+01    1.8766E+01    7.3787E+01    5.5271E+01    1.8336E+01    4.8993E+00    1.7974E+01    7.3042E+00    1.2161E+01   
 9.7014E+01    4.9713E+01    5.7125E+01    2.4048E+01    1.8866E+01    1.8542E+01    7.3787E+01    5.5267E+01    1.8335E+01    4.9400E+00    1.7872E+01    7.0823E+00    1.2178E+01   
 9.7514E+01    4.9713E+01    5.7121E+01    2.4048E+01    1.8930E+01    1.8319E+01    7.3783E+01    5.5243E+01    1.8338E+01    4.9400E+00    1.7974E+01    7.1034E+00    1.2195E+01   
 9.8015E+01    4.9717E+01    5.7138E+01    2.3898E+01    1.9001E+01    1.8134E+01    7.3812E+01    5.5243E+01    1.8332E+01    4.9604E+00    1.7770E+01    7.0823E+00    1.2126E+01   
 9.8586E+01    4.9717E+01    5.7126E+01    2.3895E+01    1.8964E+01    1.8134E+01    7.3833E+01    5.5236E+01    1.8323E+01    4.9400E+00    1.7749E+01    7.2620E+00    1.2161E+01   
 9.9086E+01    4.9717E+01    5.7145E+01    2.3996E+01    1.8964E+01    1.7964E+01    7.3841E+01    5.5211E+01    1.8326E+01    4.9196E+00    1.7872E+01    7.3095E+00    1.2143E+01   
 9.9587E+01    4.9716E+01    5.7145E+01    2.4113E+01    1.8967E+01    1.7795E+01    7.3875E+01    5.5164E+01    1.8326E+01    4.8993E+00    1.7974E+01    7.3042E+00    1.2161E+01   
 1.0009E+02    4.9717E+01    5.7158E+01    2.4113E+01    1.8889E+01    1.7642E+01    7.3875E+01    5.5112E+01    1.8301E+01    4.8993E+00    1.7953E+01    7.2778E+00    1.2161E+01   
 1.0069E+02    4.9710E+01    5.7162E+01    2.4265E+01    1.8969E+01    1.7473E+01    7.3882E+01    5.5073E+01    1.8275E+01    4.8993E+00    1.7913E+01    7.2672E+00    1.2178E+01   
 1.0119E+02    4.9710E+01    5.7175E+01    2.4125E+01    1.8897E+01    1.7337E+01    7.3910E+01    5.5073E+01    1.8246E+01    4.8993E+00    1.7933E+01    7.3042E+00    1.2091E+01   
 1.0169E+02    4.9710E+01    5.7215E+01    2.4054E+01    1.8897E+01    1.7337E+01    7.3928E+01    5.5010E+01    1.8225E+01    4.8993E+00    1.7913E+01    7.1457E+00    1.2126E+01   
 1.0219E+02    4.9717E+01    5.7215E+01    2.4113E+01    1.8778E+01    1.7204E+01    7.3935E+01    5.4937E+01    1.8169E+01    4.8993E+00    1.8116E+01    7.1298E+00    1.2143E+01   
 1.0277E+02    4.9710E+01    5.7217E+01    2.4129E+01    1.8862E+01    1.7080E+01    7.3923E+01    5.4886E+01    1.8169E+01    4.8993E+00    1.8076E+01    7.1933E+00    1.2161E+01   
 1.0327E+02    4.9707E+01    5.7241E+01    2.4129E+01    1.8826E+01    1.6948E+01    7.3909E+01    5.4811E+01    1.8109E+01    4.8789E+00    1.8116E+01    7.1193E+00    1.2213E+01   
 1.0377E+02    4.9707E+01    5.7263E+01    2.3982E+01    1.8931E+01    1.6857E+01    7.3870E+01    5.4755E+01    1.8060E+01    4.9196E+00    1.7953E+01    7.1457E+00    1.2178E+01   
 1.0427E+02    4.9715E+01    5.7272E+01    2.4080E+01    1.8934E+01    1.6738E+01    7.3837E+01    5.4755E+01    1.8016E+01    4.8789E+00    1.8035E+01    7.3148E+00    1.2195E+01   
 1.0486E+02    4.9719E+01    5.7289E+01    2.4150E+01    1.8914E+01    1.6738E+01    7.3850E+01    5.4713E+01    1.7987E+01    4.8789E+00    1.7994E+01    7.1140E+00    1.2213E+01   
 1.0536E+02    4.9710E+01    5.7289E+01    2.4310E+01    1.8914E+01    1.6635E+01    7.3879E+01    5.4654E+01    1.7927E+01    4.8585E+00    1.8137E+01    7.1351E+00    1.2178E+01   
 1.0586E+02    4.9720E+01    5.7296E+01    2.4338E+01    1.8899E+01    1.6553E+01    7.3917E+01    5.4567E+01    1.7927E+01    4.8585E+00    1.7974E+01    7.1245E+00    1.2143E+01   
 1.0636E+02    4.9724E+01    5.7325E+01    2.4338E+01    1.8877E+01    1.6467E+01    7.3931E+01    5.4520E+01    1.7905E+01    4.8382E+00    1.8116E+01    7.3465E+00    1.2126E+01   
 1.0693E+02    4.9724E+01    5.7340E+01    2.4346E+01    1.8837E+01    1.6377E+01    7.3938E+01    5.4436E+01    1.7875E+01    4.8585E+00    1.8137E+01    7.2038E+00    1.2126E+01   
 1.0743E+02    4.9721E+01    5.7341E+01    2.4341E+01    1.8770E+01    1.6312E+01    7.3957E+01    5.4451E+01    1.7844E+01    4.8382E+00    1.8198E+01    7.1193E+00    1.2195E+01   
 1.0793E+02    4.9717E+01    5.7358E+01    2.4390E+01    1.8770E+01    1.6312E+01    7.3970E+01    5.4382E+01    1.7774E+01    4.8178E+00    1.8218E+01    7.1245E+00    1.2143E+01   
 1.0843E+02    4.9730E+01    5.7358E+01    2.4378E+01    1.8784E+01    1.6228E+01    7.3945E+01    5.4293E+01    1.7774E+01    4.8382E+00    1.8014E+01    7.1140E+00    1.2213E+01   
 1.0903E+02    4.9712E+01    5.7368E+01    2.4297E+01    1.8784E+01    1.6157E+01    7.3912E+01    5.4221E+01    1.7739E+01    4.8382E+00    1.8076E+01    7.1774E+00    1.2213E+01   
 1.0953E+02    4.9725E+01    5.7376E+01    2.4297E+01    1.8701E+01    1.6074E+01    7.3912E+01    5.4159E+01    1.7683E+01    4.8178E+00    1.8218E+01    7.1668E+00    1.2213E+01   
# Time (s)      T1w (C)       T2w (C)       T1a (C)       T2a (C)       T1r (C)       T2r (C)       T3r (C)       T4r (C)       P1 (bar)      P2 (bar)      Ic (amp)      Qc (l/min)    
 1.1003E+02    4.9725E+01    5.7373E+01    2.4028E+01    1.8662E+01    1.6028E+01    7.3901E+01    5.4159E+01    1.7638E+01    4.8178E+00    1.8096E+01    7.1087E+00    1.2195E+01   
 1.1053E+02    4.9718E+01    5.7391E+01    2.4107E+01    1.8652E+01    1.6028E+01    7.3885E+01    5.4087E+01    1.7578E+01    4.7974E+00    1.8096E+01    7.1827E+00    1.2143E+01   
 1.1110E+02    4.9731E+01    5.7398E+01    2.4173E+01    1.8652E+01    1.5965E+01    7.3853E+01    5.3994E+01    1.7539E+01    4.7974E+00    1.8035E+01    7.3307E+00    1.2213E+01   
 1.1160E+02    4.9747E+01    5.7398E+01    2.4087E+01    1.8646E+01    1.5899E+01    7.3861E+01    5.3939E+01    1.7490E+01    4.7974E+00    1.8239E+01    7.3201E+00    1.2213E+01   
 1.1210E+02    4.9727E+01    5.7394E+01    2.4240E+01    1.8598E+01    1.5863E+01    7.3861E+01    5.3868E+01    1.7490E+01    4.7770E+00    1.8218E+01    7.2990E+00    1.2178E+01   
 1.1260E+02    4.9727E+01    5.7410E+01    2.4240E+01    1.8566E+01    1.5799E+01    7.3883E+01    5.3778E+01    1.7419E+01    4.7974E+00    1.7994E+01    7.1193E+00    1.2161E+01   
 1.1319E+02    4.9731E+01    5.7406E+01    2.4217E+01    1.8523E+01    1.5755E+01    7.3877E+01    5.3778E+01    1.7365E+01    4.7974E+00    1.8198E+01    7.1404E+00    1.2178E+01   
 1.1369E+02    4.9735E+01    5.7421E+01    2.4259E+01    1.8434E+01    1.5755E+01    7.3893E+01    5.3668E+01    1.7320E+01    4.7363E+00    1.8239E+01    7.1880E+00    1.2195E+01   
 1.1419E+02    4.9730E+01    5.7414E+01    2.4192E+01    1.8434E+01    1.5704E+01    7.3887E+01    5.3585E+01    1.7271E+01    4.7567E+00    1.8076E+01    7.1034E+00    1.2195E+01   
 1.1469E+02    4.9726E+01    5.7414E+01    2.4167E+01    1.8470E+01    1.5674E+01    7.3903E+01    5.3528E+01    1.7271E+01    4.7567E+00    1.8035E+01    7.2091E+00    1.2213E+01   
 1.1530E+02    4.9740E+01    5.7417E+01    2.4174E+01    1.8471E+01    1.5628E+01    7.3905E+01    5.3468E+01    1.7224E+01    4.7567E+00    1.8137E+01    7.1721E+00    1.2213E+01   
 1.1580E+02    4.9730E+01    5.7433E+01    2.4174E+01    1.8450E+01    1.5598E+01    7.3905E+01    5.3421E+01    1.7181E+01    4.7770E+00    1.7994E+01    7.1034E+00    1.2195E+01   
 1.1630E+02    4.9730E+01    5.7427E+01    2.4018E+01    1.8430E+01    1.5555E+01    7.3899E+01    5.3421E+01    1.7096E+01    4.7363E+00    1.8198E+01    7.2408E+00    1.2213E+01   
 1.1680E+02    4.9727E+01    5.7430E+01    2.3865E+01    1.8428E+01    1.5555E+01    7.3902E+01    5.3334E+01    1.7057E+01    4.7159E+00    1.8198E+01    7.1087E+00    1.2195E+01   
 1.1740E+02    4.9731E+01    5.7423E+01    2.3828E+01    1.8428E+01    1.5563E+01    7.3943E+01    5.3305E+01    1.7022E+01    4.7159E+00    1.8055E+01    7.3518E+00    1.2178E+01   
 1.1791E+02    4.9724E+01    5.7423E+01    2.3818E+01    1.8344E+01    1.5562E+01    7.3933E+01    5.3201E+01    1.6964E+01    4.7159E+00    1.8116E+01    7.2408E+00    1.2195E+01   
 1.1841E+02    4.9742E+01    5.7413E+01    2.3763E+01    1.8338E+01    1.5594E+01    7.3948E+01    5.3161E+01    1.6980E+01    4.7159E+00    1.8116E+01    7.3518E+00    1.2178E+01   
 1.1891E+02    4.9745E+01    5.7421E+01    2.3763E+01    1.8292E+01    1.5627E+01    7.3942E+01    5.3083E+01    1.6931E+01    4.6752E+00    1.8096E+01    7.1827E+00    1.2195E+01   
 1.1949E+02    4.9760E+01    5.7439E+01    2.3717E+01    1.8303E+01    1.5677E+01    7.3940E+01    5.3083E+01    1.6892E+01    4.6752E+00    1.8014E+01    7.0928E+00    1.2195E+01   
 1.1999E+02    4.9764E+01    5.7417E+01    2.3654E+01    1.8253E+01    1.5677E+01    7.3925E+01    5.3025E+01    1.6844E+01    4.6548E+00    1.8157E+01    7.2038E+00    1.2195E+01   
 1.2049E+02    4.9755E+01    5.7418E+01    2.3601E+01    1.8253E+01    1.5742E+01    7.3947E+01    5.2985E+01    1.6826E+01    4.6752E+00    1.8076E+01    7.0823E+00    1.2195E+01   
 1.2099E+02    4.9764E+01    5.7418E+01    2.3602E+01    1.8221E+01    1.5802E+01    7.3958E+01    5.2938E+01    1.6826E+01    4.6548E+00    1.8014E+01    7.2567E+00    1.2195E+01   
 1.2157E+02    4.9774E+01    5.7428E+01    2.3574E+01    1.8152E+01    1.5877E+01    7.3979E+01    5.2928E+01    1.6776E+01    4.6548E+00    1.8014E+01    7.1985E+00    1.2195E+01   
 1.2207E+02    4.9764E+01    5.7421E+01    2.3574E+01    1.8191E+01    1.5967E+01    7.3979E+01    5.2889E+01    1.6764E+01    4.6344E+00    1.7953E+01    7.2250E+00    1.2126E+01   
 1.2257E+02    4.9764E+01    5.7402E+01    2.3555E+01    1.8155E+01    1.6062E+01    7.4005E+01    5.2903E+01    1.6718E+01    4.6141E+00    1.7953E+01    7.2461E+00    1.2161E+01   
 1.2307E+02    4.9763E+01    5.7399E+01    2.3522E+01    1.8155E+01    1.6062E+01    7.4013E+01    5.2856E+01    1.6659E+01    4.6141E+00    1.8055E+01    7.2725E+00    1.2178E+01   
 1.2367E+02    4.9770E+01    5.7380E+01    2.3500E+01    1.8098E+01    1.6167E+01    7.4021E+01    5.2885E+01    1.6646E+01    4.6344E+00    1.8096E+01    7.2038E+00    1.2195E+01   
 1.2417E+02    4.9754E+01    5.7380E+01    2.3511E+01    1.8101E+01    1.6267E+01    7.4011E+01    5.2848E+01    1.6646E+01    4.6344E+00    1.7953E+01    7.0981E+00    1.2195E+01   
 1.2467E+02    4.9780E+01    5.7385E+01    2.3564E+01    1.8156E+01    1.6374E+01    7.4025E+01    5.2868E+01    1.6651E+01    4.6141E+00    1.7892E+01    7.2355E+00    1.2178E+01   
 1.2517E+02    4.9780E+01    5.7362E+01    2.3564E+01    1.8154E+01    1.6467E+01    7.4032E+01    5.2872E+01    1.6636E+01    4.6344E+00    1.7892E+01    7.0453E+00    1.2213E+01   
# Time (s)      T1w (C)       T2w (C)       T1a (C)       T2a (C)       T1r (C)       T2r (C)       T3r (C)       T4r (C)       P1 (bar)      P2 (bar)      Ic (amp)      Qc (l/min)    
 1.2575E+02    4.9770E+01    5.7332E+01    2.3524E+01    1.8146E+01    1.6564E+01    7.4036E+01    5.2872E+01    1.6644E+01    4.5937E+00    1.7913E+01    7.0400E+00    1.2247E+01   
 1.2625E+02    4.9773E+01    5.7320E+01    2.3529E+01    1.7993E+01    1.6564E+01    7.4054E+01    5.2877E+01    1.6627E+01    4.6141E+00    1.7872E+01    7.0611E+00    1.2213E+01   
 1.2675E+02    4.9773E+01    5.7308E+01    2.3533E+01    1.8009E+01    1.6662E+01    7.4084E+01    5.2909E+01    1.6619E+01    4.6141E+00    1.7892E+01    7.0770E+00    1.2126E+01   
 1.2725E+02    4.9771E+01    5.7308E+01    2.3541E+01    1.8102E+01    1.6758E+01    7.4110E+01    5.2931E+01    1.6619E+01    4.5937E+00    1.7892E+01    7.0875E+00    1.2143E+01   
 1.2785E+02    4.9780E+01    5.7284E+01    2.3542E+01    1.8129E+01    1.6865E+01    7.4151E+01    5.2953E+01    1.6607E+01    4.6141E+00    1.7831E+01    7.0400E+00    1.2178E+01   
 1.2835E+02    4.9793E+01    5.7263E+01    2.3542E+01    1.8062E+01    1.6957E+01    7.4151E+01    5.2992E+01    1.6615E+01    4.6344E+00    1.7974E+01    7.0083E+00    1.2213E+01   
 1.2886E+02    4.9793E+01    5.7240E+01    2.3555E+01    1.8014E+01    1.7055E+01    7.4184E+01    5.2992E+01    1.6617E+01    4.6141E+00    1.7933E+01    7.0083E+00    1.2195E+01   
 1.2936E+02    4.9785E+01    5.7211E+01    2.3566E+01    1.8014E+01    1.7055E+01    7.4213E+01    5.3002E+01    1.6620E+01    4.6344E+00    1.7953E+01    7.0981E+00    1.2195E+01   
 1.2993E+02    4.9775E+01    5.7191E+01    2.3547E+01    1.7946E+01    1.7156E+01    7.4212E+01    5.3047E+01    1.6654E+01    4.6141E+00    1.7974E+01    7.0558E+00    1.2178E+01   
 1.3044E+02    4.9783E+01    5.7191E+01    2.3552E+01    1.8061E+01    1.7269E+01    7.4223E+01    5.3137E+01    1.6670E+01    4.5937E+00    1.7709E+01    7.1721E+00    1.2178E+01   
 1.3094E+02    4.9782E+01    5.7203E+01    2.3552E+01    1.7990E+01    1.7377E+01    7.4223E+01    5.3188E+01    1.6679E+01    4.6344E+00    1.7913E+01    7.2461E+00    1.2109E+01   
 1.3144E+02    4.9782E+01    5.7170E+01    2.3561E+01    1.8056E+01    1.7455E+01    7.4235E+01    5.3247E+01    1.6694E+01    4.6141E+00    1.7913E+01    7.1351E+00    1.2126E+01   
 1.3204E+02    4.9785E+01    5.7161E+01    2.3548E+01    1.8021E+01    1.7544E+01    7.4237E+01    5.3247E+01    1.6701E+01    4.5937E+00    1.7913E+01    7.2514E+00    1.2126E+01   
 1.3254E+02    4.9789E+01    5.7136E+01    2.3521E+01    1.8087E+01    1.7559E+01    7.4266E+01    5.3327E+01    1.6720E+01    4.6344E+00    1.7770E+01    7.2355E+00    1.2143E+01   
 1.3304E+02    4.9774E+01    5.7130E+01    2.3515E+01    1.8087E+01    1.7675E+01    7.4285E+01    5.3387E+01    1.6712E+01    4.6141E+00    1.7790E+01    7.1245E+00    1.2178E+01   
 1.3354E+02    4.9789E+01    5.7130E+01    2.3491E+01    1.7961E+01    1.7759E+01    7.4304E+01    5.3481E+01    1.6712E+01    4.6141E+00    1.7872E+01    7.0030E+00    1.2195E+01   
 1.3412E+02    4.9775E+01    5.7125E+01    2.3509E+01    1.7950E+01    1.7854E+01    7.4304E+01    5.3552E+01    1.6732E+01    4.6344E+00    1.7913E+01    7.0030E+00    1.2213E+01   
 1.3462E+02    4.9805E+01    5.7128E+01    2.3509E+01    1.7972E+01    1.7922E+01    7.4299E+01    5.3612E+01    1.6728E+01    4.6344E+00    1.7913E+01    7.0083E+00    1.2195E+01   
 1.3512E+02    4.9805E+01    5.7094E+01    2.3511E+01    1.7994E+01    1.7992E+01    7.4308E+01    5.3612E+01    1.6757E+01    4.6344E+00    1.7790E+01    6.9924E+00    1.2195E+01   
 1.3562E+02    4.9787E+01    5.7087E+01    2.3508E+01    1.7994E+01    1.7992E+01    7.4332E+01    5.3679E+01    1.6753E+01    4.6141E+00    1.7709E+01    7.0241E+00    1.2178E+01   
 1.3620E+02    4.9793E+01    5.7079E+01    2.3472E+01    1.7919E+01    1.8089E+01    7.4336E+01    5.3772E+01    1.6779E+01    4.6344E+00    1.7892E+01    7.1351E+00    1.2126E+01   
 1.3670E+02    4.9778E+01    5.7079E+01    2.3482E+01    1.7944E+01    1.8157E+01    7.4332E+01    5.3813E+01    1.6763E+01    4.6141E+00    1.7790E+01    7.0770E+00    1.2178E+01   
 1.3720E+02    4.9789E+01    5.7074E+01    2.3482E+01    1.7870E+01    1.8234E+01    7.4332E+01    5.3896E+01    1.6784E+01    4.6141E+00    1.7729E+01    7.2038E+00    1.2213E+01   
 1.3770E+02    4.9774E+01    5.7061E+01    2.3478E+01    1.7971E+01    1.8308E+01    7.4324E+01    5.3980E+01    1.6803E+01    4.6344E+00    1.7688E+01    7.0188E+00    1.2213E+01   
 1.3827E+02    4.9771E+01    5.7058E+01    2.3437E+01    1.7976E+01    1.8386E+01    7.4303E+01    5.3980E+01    1.6827E+01    4.6344E+00    1.7770E+01    7.0188E+00    1.2195E+01   
 1.3877E+02    4.9779E+01    5.7045E+01    2.3496E+01    1.7976E+01    1.8386E+01    7.4303E+01    5.4060E+01    1.6873E+01    4.6344E+00    1.7851E+01    7.2091E+00    1.2230E+01   
 1.3927E+02    4.9772E+01    5.7045E+01    2.3537E+01    1.7972E+01    1.8466E+01    7.4289E+01    5.4117E+01    1.6873E+01    4.6344E+00    1.7831E+01    7.2250E+00    1.2213E+01   
 1.3977E+02    4.9775E+01    5.7055E+01    2.3558E+01    1.7994E+01    1.8538E+01    7.4289E+01    5.4176E+01    1.6904E+01    4.6344E+00    1.7729E+01    7.2408E+00    1.2178E+01   
 1.4037E+02    4.9778E+01    5.7031E+01    2.3558E+01    1.8056E+01    1.8614E+01    7.4261E+01    5.4248E+01    1.6918E+01    4.6344E+00    1.7709E+01    7.0347E+00    1.2195E+01   
 1.4087E+02    4.9778E+01    5.7029E+01    2.3606E+01    1.8111E+01    1.8701E+01    7.4234E+01    5.4305E+01    1.6922E+01    4.6752E+00    1.7770E+01    7.2038E+00    1.2178E+01   
# Time (s)      T1w (C)       T2w (C)       T1a (C)       T2a (C)       T1r (C)       T2r (C)       T3r (C)       T4r (C)       P1 (bar)      P2 (bar)      Ic (amp)      Qc (l/min)    
 1.4137E+02    4.9779E+01    5.7034E+01    2.3608E+01    1.8133E+01    1.8759E+01    7.4188E+01    5.4305E+01    1.6965E+01    4.6548E+00    1.7749E+01    7.0030E+00    1.2195E+01   
 1.4187E+02    4.9784E+01    5.7045E+01    2.3592E+01    1.8149E+01    1.8759E+01    7.4157E+01    5.4347E+01    1.6981E+01    4.6752E+00    1.7729E+01    7.1615E+00    1.2143E+01   
 1.4246E+02    4.9776E+01    5.7045E+01    2.3610E+01    1.8220E+01    1.8830E+01    7.4149E+01    5.4423E+01    1.7020E+01    4.6752E+00    1.7749E+01    7.0241E+00    1.2178E+01   
 1.4296E+02    4.9771E+01    5.7034E+01    2.3533E+01    1.8185E+01    1.8904E+01    7.4148E+01    5.4497E+01    1.7036E+01    4.6548E+00    1.7627E+01    7.1721E+00    1.2230E+01   
 1.4346E+02    4.9785E+01    5.7040E+01    2.3533E+01    1.8113E+01    1.8985E+01    7.4148E+01    5.4558E+01    1.7048E+01    4.6956E+00    1.7668E+01    7.1615E+00    1.2161E+01   
 1.4396E+02    4.9785E+01    5.7035E+01    2.3456E+01    1.8183E+01    1.9034E+01    7.4152E+01    5.4558E+01    1.7088E+01    4.7159E+00    1.7709E+01    7.0188E+00    1.2143E+01   
 1.4455E+02    4.9782E+01    5.7026E+01    2.3506E+01    1.8130E+01    1.9109E+01    7.4146E+01    5.4611E+01    1.7116E+01    4.6956E+00    1.7872E+01    7.1774E+00    1.2178E+01   
 1.4505E+02    4.9778E+01    5.7035E+01    2.3544E+01    1.8130E+01    1.9109E+01    7.4134E+01    5.4659E+01    1.7150E+01    4.6956E+00    1.7790E+01    7.0241E+00    1.2178E+01   
 1.4555E+02    4.9785E+01    5.7050E+01    2.3568E+01    1.8231E+01    1.9173E+01    7.4142E+01    5.4718E+01    1.7150E+01    4.6956E+00    1.7729E+01    7.1193E+00    1.2195E+01   
 1.4605E+02    4.9774E+01    5.7029E+01    2.3568E+01    1.8306E+01    1.9223E+01    7.4142E+01    5.4765E+01    1.7168E+01    4.7159E+00    1.7688E+01    7.0294E+00    1.2213E+01   
 1.4663E+02    4.9812E+01    5.7061E+01    2.3559E+01    1.8335E+01    1.9294E+01    7.4107E+01    5.4810E+01    1.7200E+01    4.7159E+00    1.7729E+01    7.2778E+00    1.2195E+01   
 1.4713E+02    4.9812E+01    5.7042E+01    2.3543E+01    1.8414E+01    1.9357E+01    7.4094E+01    5.4810E+01    1.7243E+01    4.7159E+00    1.7790E+01    7.1245E+00    1.2161E+01   
 1.4763E+02    4.9816E+01    5.7060E+01    2.3511E+01    1.8430E+01    1.9357E+01    7.4068E+01    5.4861E+01    1.7282E+01    4.7159E+00    1.7831E+01    7.2461E+00    1.2195E+01   
 1.4813E+02    4.9814E+01    5.7072E+01    2.3404E+01    1.8425E+01    1.9412E+01    7.4095E+01    5.4895E+01    1.7295E+01    4.7567E+00    1.7790E+01    7.0453E+00    1.2195E+01   
 1.4873E+02    4.9820E+01    5.7072E+01    2.3347E+01    1.8475E+01    1.9480E+01    7.4092E+01    5.4940E+01    1.7341E+01    4.7159E+00    1.7729E+01    7.0453E+00    1.2195E+01   
 1.4923E+02    4.9815E+01    5.7064E+01    2.3283E+01    1.8451E+01    1.9536E+01    7.4092E+01    5.4962E+01    1.7341E+01    4.7567E+00    1.7831E+01    7.0664E+00    1.2213E+01   
 1.4973E+02    4.9801E+01    5.7062E+01    2.3268E+01    1.8458E+01    1.9594E+01    7.4072E+01    5.4996E+01    1.7363E+01    4.7363E+00    1.7729E+01    7.2567E+00    1.2178E+01   
 1.5023E+02    4.9801E+01    5.7051E+01    2.3184E+01    1.8451E+01    1.9645E+01    7.4058E+01    5.4996E+01    1.7392E+01    4.7567E+00    1.7709E+01    7.0347E+00    1.2178E+01   
 1.5080E+02    4.9785E+01    5.7040E+01    2.3106E+01    1.8394E+01    1.9630E+01    7.4014E+01    5.5000E+01    1.7389E+01    4.7363E+00    1.7790E+01    7.0770E+00    1.2161E+01   
 1.5130E+02    4.9787E+01    5.7050E+01    2.3177E+01    1.8394E+01    1.9689E+01    7.3998E+01    5.5028E+01    1.7411E+01    4.7363E+00    1.7851E+01    7.2831E+00    1.2195E+01   
 1.5180E+02    4.9784E+01    5.7050E+01    2.3316E+01    1.8603E+01    1.9731E+01    7.4031E+01    5.5052E+01    1.7411E+01    4.7567E+00    1.7770E+01    7.1404E+00    1.2161E+01   
 1.5230E+02    4.9797E+01    5.7045E+01    2.3316E+01    1.8574E+01    1.9779E+01    7.4031E+01    5.5090E+01    1.7444E+01    4.7770E+00    1.7749E+01    7.2884E+00    1.2195E+01   
 1.5291E+02    4.9794E+01    5.7062E+01    2.3405E+01    1.8500E+01    1.9825E+01    7.4032E+01    5.5080E+01    1.7458E+01    4.7770E+00    1.7933E+01    7.2778E+00    1.2178E+01   
 1.5341E+02    4.9794E+01    5.7041E+01    2.3468E+01    1.8544E+01    1.9867E+01    7.4052E+01    5.5080E+01    1.7480E+01    4.7974E+00    1.7668E+01    7.1615E+00    1.2161E+01   
 1.5391E+02    4.9785E+01    5.7061E+01    2.3537E+01    1.8544E+01    1.9867E+01    7.4070E+01    5.5099E+01    1.7501E+01    4.7770E+00    1.7770E+01    7.0558E+00    1.2143E+01   
 1.5441E+02    4.9784E+01    5.7062E+01    2.3575E+01    1.8588E+01    1.9910E+01    7.4103E+01    5.5121E+01    1.7532E+01    4.7770E+00    1.7729E+01    7.2672E+00    1.2161E+01   
 1.5498E+02    4.9789E+01    5.7062E+01    2.3535E+01    1.8567E+01    1.9957E+01    7.4136E+01    5.5142E+01    1.7532E+01    4.7974E+00    1.7749E+01    7.0505E+00    1.2195E+01   
 1.5548E+02    4.9799E+01    5.7072E+01    2.3535E+01    1.8648E+01    2.0002E+01    7.4136E+01    5.5173E+01    1.7550E+01    4.7974E+00    1.7790E+01    7.0770E+00    1.2143E+01   
 1.5598E+02    4.9785E+01    5.7050E+01    2.3509E+01    1.8640E+01    2.0032E+01    7.4132E+01    5.5158E+01    1.7581E+01    4.8178E+00    1.7872E+01    7.0558E+00    1.2195E+01   
 1.5648E+02    4.9770E+01    5.7053E+01    2.3464E+01    1.8584E+01    2.0074E+01    7.4112E+01    5.5158E+01    1.7588E+01    4.8178E+00    1.7831E+01    7.1193E+00    1.2143E+01   
# Time (s)      T1w (C)       T2w (C)       T1a (C)       T2a (C)       T1r (C)       T2r (C)       T3r (C)       T4r (C)       P1 (bar)      P2 (bar)      Ic (amp)      Qc (l/min)    
 1.5707E+02    4.9783E+01    5.7073E+01    2.3423E+01    1.8584E+01    2.0074E+01    7.4086E+01    5.5156E+01    1.7597E+01    4.7974E+00    1.7709E+01    7.0505E+00    1.2178E+01   
 1.5758E+02    4.9767E+01    5.7073E+01    2.3496E+01    1.8565E+01    2.0117E+01    7.4057E+01    5.5182E+01    1.7611E+01    4.8382E+00    1.7770E+01    7.2725E+00    1.2143E+01   
 1.5808E+02    4.9771E+01    5.7073E+01    2.3558E+01    1.8591E+01    2.0149E+01    7.4052E+01    5.5179E+01    1.7611E+01    4.8382E+00    1.7688E+01    7.3042E+00    1.2195E+01   
 1.5858E+02    4.9775E+01    5.7073E+01    2.3558E+01    1.8607E+01    2.0190E+01    7.4052E+01    5.5185E+01    1.7625E+01    4.8382E+00    1.7831E+01    7.3148E+00    1.2195E+01   
 1.5915E+02    4.9786E+01    5.7098E+01    2.3571E+01    1.8636E+01    2.0224E+01    7.4079E+01    5.5195E+01    1.7627E+01    4.8382E+00    1.7811E+01    7.0664E+00    1.2195E+01   
 1.5965E+02    4.9786E+01    5.7110E+01    2.3583E+01    1.8635E+01    2.0225E+01    7.4077E+01    5.5180E+01    1.7633E+01    4.8382E+00    1.7790E+01    7.0611E+00    1.2195E+01   
 1.6015E+02    4.9798E+01    5.7112E+01    2.3578E+01    1.8635E+01    2.0225E+01    7.4077E+01    5.5174E+01    1.7662E+01    4.8178E+00    1.7790E+01    7.0664E+00    1.2195E+01   
 1.6065E+02    4.9781E+01    5.7127E+01    2.3565E+01    1.8646E+01    2.0257E+01    7.4065E+01    5.5199E+01    1.7670E+01    4.8382E+00    1.7892E+01    7.0823E+00    1.2178E+01   
 1.6124E+02    4.9804E+01    5.7112E+01    2.3569E+01    1.8762E+01    2.0294E+01    7.4061E+01    5.5194E+01    1.7670E+01    4.8585E+00    1.7933E+01    7.0717E+00    1.2161E+01   
 1.6174E+02    4.9808E+01    5.7126E+01    2.3569E+01    1.8734E+01    2.0335E+01    7.4075E+01    5.5216E+01    1.7697E+01    4.8789E+00    1.7811E+01    7.2250E+00    1.2161E+01   
 1.6224E+02    4.9808E+01    5.7130E+01    2.3583E+01    1.8735E+01    2.0363E+01    7.4054E+01    5.5207E+01    1.7716E+01    4.8585E+00    1.7729E+01    7.0717E+00    1.2247E+01   
 1.6274E+02    4.9808E+01    5.7145E+01    2.3575E+01    1.8735E+01    2.0363E+01    7.4031E+01    5.5207E+01    1.7744E+01    4.8585E+00    1.7811E+01    7.2884E+00    1.2213E+01   
 1.6332E+02    4.9819E+01    5.7140E+01    2.3578E+01    1.8748E+01    2.0386E+01    7.4019E+01    5.5227E+01    1.7762E+01    4.8585E+00    1.8035E+01    7.0875E+00    1.2230E+01   
 1.6382E+02    4.9832E+01    5.7155E+01    2.3615E+01    1.8757E+01    2.0453E+01    7.4037E+01    5.5233E+01    1.7841E+01    4.8789E+00    1.7872E+01    7.1193E+00    1.2195E+01   
 1.6432E+02    4.9823E+01    5.7155E+01    2.3615E+01    1.8782E+01    2.0464E+01    7.4037E+01    5.5227E+01    1.7841E+01    4.8789E+00    1.7851E+01    7.0981E+00    1.2195E+01   
 1.6482E+02    4.9838E+01    5.7141E+01    2.3610E+01    1.8819E+01    2.0502E+01    7.4039E+01    5.5226E+01    1.7872E+01    4.8789E+00    1.8014E+01    7.1351E+00    1.2161E+01   
 1.6540E+02    4.9838E+01    5.7159E+01    2.3590E+01    1.8802E+01    2.0515E+01    7.4038E+01    5.5244E+01    1.7891E+01    4.8585E+00    1.8014E+01    7.1087E+00    1.2143E+01   
 1.6590E+02    4.9839E+01    5.7183E+01    2.3581E+01    1.8818E+01    2.0499E+01    7.4063E+01    5.5229E+01    1.7920E+01    4.9196E+00    1.7994E+01    7.2990E+00    1.2213E+01   
 1.6640E+02    4.9839E+01    5.7191E+01    2.3627E+01    1.8873E+01    2.0523E+01    7.4073E+01    5.5230E+01    1.7920E+01    4.8789E+00    1.7892E+01    7.1457E+00    1.2213E+01   
 1.6690E+02    4.9804E+01    5.7176E+01    2.3640E+01    1.8853E+01    2.0554E+01    7.4083E+01    5.5232E+01    1.7936E+01    4.8993E+00    1.7831E+01    7.2514E+00    1.2195E+01   
 1.6748E+02    4.9813E+01    5.7166E+01    2.3640E+01    1.8811E+01    2.0588E+01    7.4083E+01    5.5241E+01    1.7968E+01    4.8993E+00    1.7994E+01    7.1193E+00    1.2195E+01   
 1.6798E+02    4.9797E+01    5.7160E+01    2.3638E+01    1.8872E+01    2.0586E+01    7.4055E+01    5.5257E+01    1.8000E+01    4.8993E+00    1.7974E+01    7.0928E+00    1.2195E+01   
 1.6848E+02    4.9797E+01    5.7173E+01    2.3601E+01    1.8821E+01    2.0608E+01    7.4036E+01    5.5257E+01    1.8011E+01    4.9196E+00    1.7892E+01    7.0875E+00    1.2230E+01   
 1.6898E+02    4.9815E+01    5.7191E+01    2.3555E+01    1.8837E+01    2.0608E+01    7.4038E+01    5.5281E+01    1.8031E+01    4.8993E+00    1.7831E+01    7.0875E+00    1.2161E+01   
 1.6959E+02    4.9815E+01    5.7182E+01    2.3550E+01    1.8782E+01    2.0629E+01    7.4032E+01    5.5276E+01    1.8046E+01    4.8993E+00    1.7811E+01    7.3148E+00    1.2213E+01   
 1.7009E+02    4.9819E+01    5.7182E+01    2.3577E+01    1.8764E+01    2.0650E+01    7.4040E+01    5.5291E+01    1.8075E+01    4.8789E+00    1.7831E+01    7.0981E+00    1.2195E+01   
 1.7059E+02    4.9802E+01    5.7196E+01    2.3577E+01    1.8798E+01    2.0665E+01    7.4040E+01    5.5301E+01    1.8075E+01    4.8993E+00    1.7994E+01    7.3518E+00    1.2178E+01   
 1.7109E+02    4.9813E+01    5.7211E+01    2.3654E+01    1.8866E+01    2.0704E+01    7.4055E+01    5.5316E+01    1.8116E+01    4.8993E+00    1.7953E+01    7.1034E+00    1.2195E+01   
 1.7166E+02    4.9813E+01    5.7219E+01    2.3690E+01    1.8840E+01    2.0690E+01    7.4064E+01    5.5316E+01    1.8144E+01    4.9400E+00    1.7892E+01    7.1827E+00    1.2178E+01   
 1.7216E+02    4.9842E+01    5.7237E+01    2.3767E+01    1.8856E+01    2.0690E+01    7.4079E+01    5.5305E+01    1.8155E+01    4.9400E+00    1.7913E+01    7.3465E+00    1.2161E+01   
# Time (s)      T1w (C)       T2w (C)       T1a (C)       T2a (C)       T1r (C)       T2r (C)       T3r (C)       T4r (C)       P1 (bar)      P2 (bar)      Ic (amp)      Qc (l/min)    
 1.7266E+02    4.9815E+01    5.7249E+01    2.3773E+01    1.8894E+01    2.0701E+01    7.4085E+01    5.5321E+01    1.8164E+01    4.9400E+00    1.7851E+01    7.2408E+00    1.2143E+01   
 1.7316E+02    4.9832E+01    5.7249E+01    2.3755E+01    1.8791E+01    2.0704E+01    7.4065E+01    5.5340E+01    1.8164E+01    4.9604E+00    1.7933E+01    7.3465E+00    1.2143E+01   
 1.7377E+02    4.9824E+01    5.7246E+01    2.3755E+01    1.8789E+01    2.0729E+01    7.4079E+01    5.5358E+01    1.8205E+01    4.9196E+00    1.7811E+01    7.3518E+00    1.2230E+01   
 1.7427E+02    4.9826E+01    5.7243E+01    2.3769E+01    1.8840E+01    2.0714E+01    7.4081E+01    5.5353E+01    1.8220E+01    4.9196E+00    1.8076E+01    7.2672E+00    1.2195E+01   
 1.7477E+02    4.9826E+01    5.7249E+01    2.3716E+01    1.8938E+01    2.0699E+01    7.4084E+01    5.5353E+01    1.8235E+01    4.9196E+00    1.8035E+01    7.1298E+00    1.2195E+01   
 1.7527E+02    4.9829E+01    5.7252E+01    2.3795E+01    1.8938E+01    2.0699E+01    7.4105E+01    5.5338E+01    1.8236E+01    4.9400E+00    1.7872E+01    7.1298E+00    1.2230E+01   
 1.7584E+02    4.9832E+01    5.7256E+01    2.3837E+01    1.8898E+01    2.0696E+01    7.4098E+01    5.5355E+01    1.8275E+01    4.9196E+00    1.7953E+01    7.1087E+00    1.2195E+01   
 1.7634E+02    4.9824E+01    5.7256E+01    2.3847E+01    1.8871E+01    2.0673E+01    7.4087E+01    5.5370E+01    1.8275E+01    4.8993E+00    1.7933E+01    7.1404E+00    1.2178E+01   
 1.7684E+02    4.9833E+01    5.7272E+01    2.3847E+01    1.8919E+01    2.0655E+01    7.4101E+01    5.5426E+01    1.8284E+01    4.9196E+00    1.7811E+01    7.0928E+00    1.2230E+01   
 1.7734E+02    4.9833E+01    5.7259E+01    2.3910E+01    1.8833E+01    2.0612E+01    7.4119E+01    5.5440E+01    1.8319E+01    4.8993E+00    1.7851E+01    7.1880E+00    1.2195E+01   
 1.7793E+02    4.9850E+01    5.7263E+01    2.3941E+01    1.8905E+01    2.0561E+01    7.4094E+01    5.5440E+01    1.8320E+01    4.9400E+00    1.8076E+01    7.1034E+00    1.2161E+01   
 1.7843E+02    4.9822E+01    5.7267E+01    2.3942E+01    1.8905E+01    2.0561E+01    7.4060E+01    5.5441E+01    1.8358E+01    4.9196E+00    1.8014E+01    7.3465E+00    1.2143E+01   
 1.7893E+02    4.9823E+01    5.7267E+01    2.3898E+01    1.8925E+01    2.0504E+01    7.4055E+01    5.5438E+01    1.8339E+01    4.9196E+00    1.8014E+01    7.2091E+00    1.2161E+01   
 1.7943E+02    4.9823E+01    5.7265E+01    2.3842E+01    1.8899E+01    2.0418E+01    7.4055E+01    5.5465E+01    1.8339E+01    4.8993E+00    1.7851E+01    7.3412E+00    1.2178E+01   
 1.8001E+02    4.9829E+01    5.7258E+01    2.3842E+01    1.8884E+01    2.0330E+01    7.4085E+01    5.5446E+01    1.8378E+01    4.9196E+00    1.7994E+01    7.0981E+00    1.2126E+01   
 1.8051E+02    4.9829E+01    5.7262E+01    2.3784E+01    1.9004E+01    2.0191E+01    7.4133E+01    5.5450E+01    1.8402E+01    4.9604E+00    1.7933E+01    7.0981E+00    1.2195E+01   
 1.8101E+02    4.9861E+01    5.7273E+01    2.3718E+01    1.9020E+01    2.0191E+01    7.4146E+01    5.5450E+01    1.8391E+01    4.9196E+00    1.7953E+01    7.1034E+00    1.2195E+01   
 1.8151E+02    4.9834E+01    5.7282E+01    2.3708E+01    1.8977E+01    1.9943E+01    7.4176E+01    5.5457E+01    1.8419E+01    4.9196E+00    1.7933E+01    7.1245E+00    1.2195E+01   
 1.8210E+02    4.9839E+01    5.7269E+01    2.3633E+01    1.9051E+01    1.9550E+01    7.4201E+01    5.5471E+01    1.8423E+01    4.8993E+00    1.7933E+01    7.3571E+00    1.2213E+01   
 1.8260E+02    4.9832E+01    5.7269E+01    2.3589E+01    1.9019E+01    1.9207E+01    7.4201E+01    5.5477E+01    1.8423E+01    4.9604E+00    1.7790E+01    7.2514E+00    1.2161E+01   
 1.8310E+02    4.9826E+01    5.7279E+01    2.3589E+01    1.9008E+01    1.8950E+01    7.4215E+01    5.5490E+01    1.8446E+01    4.9604E+00    1.8055E+01    7.1087E+00    1.2213E+01   
 1.8360E+02    4.9826E+01    5.7276E+01    2.3581E+01    1.9061E+01    1.8712E+01    7.4207E+01    5.5494E+01    1.8457E+01    4.9604E+00    1.7994E+01    7.3042E+00    1.2178E+01   
 1.8420E+02    4.9836E+01    5.7279E+01    2.3529E+01    1.9039E+01    1.8502E+01    7.4208E+01    5.5494E+01    1.8488E+01    4.9400E+00    1.7933E+01    7.1245E+00    1.2195E+01   
 1.8470E+02    4.9852E+01    5.7269E+01    2.3557E+01    1.9039E+01    1.8502E+01    7.4218E+01    5.5481E+01    1.8476E+01    4.9400E+00    1.7994E+01    7.1404E+00    1.2178E+01   
 1.8520E+02    4.9831E+01    5.7269E+01    2.3604E+01    1.9057E+01    1.8306E+01    7.4219E+01    5.5465E+01    1.8466E+01    4.9400E+00    1.7994E+01    7.1510E+00    1.2195E+01   
 1.8570E+02    4.9836E+01    5.7280E+01    2.3604E+01    1.9070E+01    1.8124E+01    7.4219E+01    5.5444E+01    1.8466E+01    4.9196E+00    1.7933E+01    7.3148E+00    1.2195E+01   
 1.8628E+02    4.9845E+01    5.7301E+01    2.3583E+01    1.9081E+01    1.7959E+01    7.4227E+01    5.5410E+01    1.8451E+01    4.9604E+00    1.7953E+01    7.3465E+00    1.2161E+01   
 1.8678E+02    4.9845E+01    5.7306E+01    2.3558E+01    1.9069E+01    1.7788E+01    7.4269E+01    5.5373E+01    1.8439E+01    4.9604E+00    1.7933E+01    7.1193E+00    1.2178E+01   
 1.8728E+02    4.9866E+01    5.7332E+01    2.3574E+01    1.9085E+01    1.7772E+01    7.4244E+01    5.5359E+01    1.8398E+01    4.9604E+00    1.8035E+01    7.3201E+00    1.2178E+01   
 1.8778E+02    4.9870E+01    5.7342E+01    2.3571E+01    1.9096E+01    1.7641E+01    7.4244E+01    5.5305E+01    1.8374E+01    4.9604E+00    1.8116E+01    7.1298E+00    1.2213E+01   
# Time (s)      T1w (C)       T2w (C)       T1a (C)       T2a (C)       T1r (C)       T2r (C)       T3r (C)       T4r (C)       P1 (bar)      P2 (bar)      Ic (amp)      Qc (l/min)    
 1.8835E+02    4.9891E+01    5.7357E+01    2.3548E+01    1.9152E+01    1.7516E+01    7.4256E+01    5.5257E+01    1.8353E+01    4.9604E+00    1.8116E+01    7.3518E+00    1.2178E+01   
 1.8885E+02    4.9889E+01    5.7379E+01    2.3548E+01    1.9127E+01    1.7394E+01    7.4270E+01    5.5219E+01    1.8369E+01    4.9604E+00    1.8178E+01    7.3254E+00    1.2178E+01   
 1.8935E+02    4.9892E+01    5.7378E+01    2.3553E+01    1.9045E+01    1.7282E+01    7.4269E+01    5.5153E+01    1.8322E+01    4.9604E+00    1.7974E+01    7.3148E+00    1.2195E+01   
 1.8985E+02    4.9892E+01    5.7401E+01    2.3533E+01    1.9051E+01    1.7182E+01    7.4272E+01    5.5168E+01    1.8291E+01    4.8993E+00    1.7974E+01    7.2990E+00    1.2143E+01   
 1.9045E+02    4.9881E+01    5.7410E+01    2.3525E+01    1.9051E+01    1.7182E+01    7.4282E+01    5.5112E+01    1.8227E+01    4.9196E+00    1.8157E+01    7.3835E+00    1.2195E+01   
 1.9095E+02    4.9900E+01    5.7427E+01    2.3535E+01    1.9036E+01    1.7076E+01    7.4282E+01    5.5056E+01    1.8165E+01    4.9196E+00    1.8239E+01    7.1510E+00    1.2161E+01   
 1.9145E+02    4.9869E+01    5.7427E+01    2.3498E+01    1.9035E+01    1.6972E+01    7.4259E+01    5.4993E+01    1.8165E+01    4.8789E+00    1.8055E+01    7.4047E+00    1.2230E+01   
 1.9195E+02    4.9865E+01    5.7436E+01    2.3498E+01    1.8942E+01    1.6864E+01    7.4273E+01    5.4945E+01    1.8159E+01    4.8993E+00    1.8035E+01    7.1457E+00    1.2195E+01   
 1.9252E+02    4.9877E+01    5.7460E+01    2.3504E+01    1.8991E+01    1.6777E+01    7.4279E+01    5.4886E+01    1.8083E+01    4.8585E+00    1.8055E+01    7.2197E+00    1.2213E+01   
 1.9302E+02    4.9877E+01    5.7468E+01    2.3484E+01    1.8981E+01    1.6664E+01    7.4248E+01    5.4871E+01    1.8063E+01    4.8993E+00    1.8239E+01    7.2461E+00    1.2195E+01   
 1.9352E+02    4.9878E+01    5.7484E+01    2.3486E+01    1.8981E+01    1.6664E+01    7.4225E+01    5.4801E+01    1.8008E+01    4.8789E+00    1.8035E+01    7.3941E+00    1.2195E+01   
 1.9402E+02    4.9867E+01    5.7502E+01    2.3502E+01    1.8923E+01    1.6567E+01    7.4218E+01    5.4729E+01    1.7964E+01    4.8789E+00    1.8239E+01    7.3994E+00    1.2230E+01   
 1.9464E+02    4.9859E+01    5.7502E+01    2.3522E+01    1.8846E+01    1.6493E+01    7.4257E+01    5.4647E+01    1.7912E+01    4.8789E+00    1.8055E+01    7.1510E+00    1.2178E+01   
 1.9514E+02    4.9873E+01    5.7508E+01    2.3522E+01    1.8840E+01    1.6412E+01    7.4257E+01    5.4568E+01    1.7912E+01    4.8585E+00    1.8198E+01    7.4047E+00    1.2143E+01   
 1.9564E+02    4.9874E+01    5.7513E+01    2.3521E+01    1.8756E+01    1.6328E+01    7.4280E+01    5.4486E+01    1.7841E+01    4.8789E+00    1.8280E+01    7.2408E+00    1.2178E+01   
 1.9614E+02    4.9874E+01    5.7545E+01    2.3518E+01    1.8786E+01    1.6250E+01    7.4276E+01    5.4471E+01    1.7785E+01    4.8382E+00    1.8116E+01    7.3360E+00    1.2213E+01   
 1.9671E+02    4.9873E+01    5.7532E+01    2.3507E+01    1.8786E+01    1.6250E+01    7.4296E+01    5.4415E+01    1.7723E+01    4.8382E+00    1.8198E+01    7.3994E+00    1.2178E+01   
 1.9721E+02    4.9868E+01    5.7531E+01    2.3515E+01    1.8769E+01    1.6164E+01    7.4315E+01    5.4330E+01    1.7664E+01    4.8178E+00    1.8239E+01    7.2250E+00    1.2178E+01   
 1.9771E+02    4.9871E+01    5.7531E+01    2.3487E+01    1.8729E+01    1.6097E+01    7.4348E+01    5.4262E+01    1.7664E+01    4.8382E+00    1.8076E+01    7.3677E+00    1.2178E+01   
 1.9821E+02    4.9871E+01    5.7526E+01    2.3471E+01    1.8712E+01    1.6021E+01    7.4348E+01    5.4172E+01    1.7627E+01    4.8382E+00    1.8116E+01    7.1668E+00    1.2178E+01   
 1.9881E+02    4.9867E+01    5.7534E+01    2.3478E+01    1.8702E+01    1.5971E+01    7.4390E+01    5.4102E+01    1.7577E+01    4.8382E+00    1.8320E+01    7.3888E+00    1.2143E+01   
 1.9931E+02    4.9867E+01    5.7555E+01    2.3494E+01    1.8652E+01    1.5921E+01    7.4413E+01    5.4102E+01    1.7534E+01    4.7974E+00    1.8259E+01    7.1457E+00    1.2178E+01   
 1.9981E+02    4.9866E+01    5.7547E+01    2.3479E+01    1.8652E+01    1.5921E+01    7.4429E+01    5.4034E+01    1.7479E+01    4.8178E+00    1.8178E+01    7.1615E+00    1.2213E+01   
 2.0031E+02    4.9873E+01    5.7552E+01    2.3455E+01    1.8654E+01    1.5867E+01    7.4437E+01    5.3952E+01    1.7403E+01    4.8178E+00    1.8116E+01    7.1351E+00    1.2195E+01   
 2.0088E+02    4.9866E+01    5.7552E+01    2.3469E+01    1.8630E+01    1.5825E+01    7.4453E+01    5.3880E+01    1.7403E+01    4.8178E+00    1.8055E+01    7.3201E+00    1.2213E+01   
 2.0138E+02    4.9860E+01    5.7538E+01    2.3453E+01    1.8548E+01    1.5786E+01    7.4453E+01    5.3819E+01    1.7377E+01    4.7974E+00    1.8157E+01    7.3518E+00    1.2213E+01   
 2.0188E+02    4.9860E+01    5.7542E+01    2.3440E+01    1.8497E+01    1.5753E+01    7.4458E+01    5.3722E+01    1.7342E+01    4.7770E+00    1.8320E+01    7.3624E+00    1.2178E+01   
 2.0238E+02    4.9869E+01    5.7559E+01    2.3479E+01    1.8512E+01    1.5737E+01    7.4451E+01    5.3707E+01    1.7263E+01    4.7567E+00    1.8280E+01    7.3201E+00    1.2178E+01   
 2.0298E+02    4.9863E+01    5.7559E+01    2.3478E+01    1.8489E+01    1.5705E+01    7.4452E+01    5.3625E+01    1.7186E+01    4.7567E+00    1.8157E+01    7.3412E+00    1.2213E+01   
 2.0348E+02    4.9871E+01    5.7546E+01    2.3487E+01    1.8426E+01    1.5683E+01    7.4476E+01    5.3544E+01    1.7107E+01    4.7363E+00    1.8157E+01    7.1563E+00    1.2213E+01   
# Time (s)      T1w (C)       T2w (C)       T1a (C)       T2a (C)       T1r (C)       T2r (C)       T3r (C)       T4r (C)       P1 (bar)      P2 (bar)      Ic (amp)      Qc (l/min)    
 2.0398E+02    4.9873E+01    5.7546E+01    2.3487E+01    1.8346E+01    1.5668E+01    7.4462E+01    5.3456E+01    1.7091E+01    4.7567E+00    1.8157E+01    7.3148E+00    1.2213E+01   
 2.0448E+02    4.9858E+01    5.7543E+01    2.3470E+01    1.8378E+01    1.5683E+01    7.4461E+01    5.3381E+01    1.7046E+01    4.7363E+00    1.8341E+01    7.1351E+00    1.2195E+01   
 2.0506E+02    4.9866E+01    5.7555E+01    2.3447E+01    1.8254E+01    1.5692E+01    7.4459E+01    5.3306E+01    1.7001E+01    4.7363E+00    1.8096E+01    7.1668E+00    1.2178E+01   
 2.0556E+02    4.9866E+01    5.7544E+01    2.3448E+01    1.8225E+01    1.5692E+01    7.4473E+01    5.3306E+01    1.6938E+01    4.6956E+00    1.8320E+01    7.1193E+00    1.2161E+01   
 2.0606E+02    4.9866E+01    5.7544E+01    2.3450E+01    1.8209E+01    1.5764E+01    7.4472E+01    5.3258E+01    1.6904E+01    4.6956E+00    1.8157E+01    7.1034E+00    1.2178E+01   
 2.0656E+02    4.9851E+01    5.7544E+01    2.3499E+01    1.8161E+01    1.5822E+01    7.4480E+01    5.3219E+01    1.6842E+01    4.6956E+00    1.8300E+01    7.2091E+00    1.2213E+01   
 2.0714E+02    4.9845E+01    5.7531E+01    2.3477E+01    1.8102E+01    1.5899E+01    7.4494E+01    5.3157E+01    1.6858E+01    4.6956E+00    1.8116E+01    7.3201E+00    1.2178E+01   
 2.0764E+02    4.9843E+01    5.7523E+01    2.3477E+01    1.8116E+01    1.5967E+01    7.4533E+01    5.3107E+01    1.6804E+01    4.6752E+00    1.8055E+01    7.1087E+00    1.2195E+01   
 2.0814E+02    4.9858E+01    5.7527E+01    2.3460E+01    1.8101E+01    1.6071E+01    7.4565E+01    5.3095E+01    1.6744E+01    4.6752E+00    1.8076E+01    7.0981E+00    1.2178E+01   
 2.0864E+02    4.9858E+01    5.7514E+01    2.3436E+01    1.8101E+01    1.6071E+01    7.4600E+01    5.3095E+01    1.6705E+01    4.6548E+00    1.8198E+01    7.0928E+00    1.2195E+01   
 2.0922E+02    4.9871E+01    5.7503E+01    2.3425E+01    1.8067E+01    1.6145E+01    7.4629E+01    5.3072E+01    1.6664E+01    4.6752E+00    1.7994E+01    7.0875E+00    1.2126E+01   
 2.0972E+02    4.9871E+01    5.7503E+01    2.3424E+01    1.7962E+01    1.6238E+01    7.4648E+01    5.3048E+01    1.6633E+01    4.6548E+00    1.7994E+01    7.1510E+00    1.2178E+01   
 2.1022E+02    4.9874E+01    5.7513E+01    2.3439E+01    1.8009E+01    1.6327E+01    7.4648E+01    5.3034E+01    1.6633E+01    4.6344E+00    1.8198E+01    7.0823E+00    1.2195E+01   
 2.1072E+02    4.9892E+01    5.7493E+01    2.3425E+01    1.8008E+01    1.6429E+01    7.4674E+01    5.3011E+01    1.6611E+01    4.6548E+00    1.8137E+01    7.1827E+00    1.2126E+01   
 2.1131E+02    4.9907E+01    5.7501E+01    2.3378E+01    1.8043E+01    1.6514E+01    7.4647E+01    5.3004E+01    1.6575E+01    4.6548E+00    1.8178E+01    7.1404E+00    1.2178E+01   
 2.1181E+02    4.9892E+01    5.7471E+01    2.3412E+01    1.8043E+01    1.6514E+01    7.4639E+01    5.3004E+01    1.6551E+01    4.6752E+00    1.8116E+01    7.3148E+00    1.2213E+01   
 2.1231E+02    4.9914E+01    5.7442E+01    2.3385E+01    1.7996E+01    1.6616E+01    7.4677E+01    5.3007E+01    1.6550E+01    4.6344E+00    1.8096E+01    7.3042E+00    1.2213E+01   
 2.1281E+02    4.9913E+01    5.7442E+01    2.3380E+01    1.8047E+01    1.6723E+01    7.4703E+01    5.3033E+01    1.6550E+01    4.6344E+00    1.7933E+01    7.2620E+00    1.2230E+01   
 2.1339E+02    4.9903E+01    5.7424E+01    2.3380E+01    1.7875E+01    1.6806E+01    7.4688E+01    5.3035E+01    1.6511E+01    4.6548E+00    1.8096E+01    7.1457E+00    1.2178E+01   
 2.1389E+02    4.9899E+01    5.7408E+01    2.3412E+01    1.8075E+01    1.6915E+01    7.4723E+01    5.3069E+01    1.6521E+01    4.6344E+00    1.7994E+01    7.0611E+00    1.2161E+01   
 2.1439E+02    4.9899E+01    5.7393E+01    2.3446E+01    1.8079E+01    1.7001E+01    7.4730E+01    5.3054E+01    1.6522E+01    4.6344E+00    1.7913E+01    7.0717E+00    1.2213E+01   
 2.1489E+02    4.9912E+01    5.7387E+01    2.3445E+01    1.8079E+01    1.7001E+01    7.4766E+01    5.3098E+01    1.6522E+01    4.6548E+00    1.7851E+01    7.0875E+00    1.2161E+01   
 2.1548E+02    4.9909E+01    5.7363E+01    2.3457E+01    1.8044E+01    1.7102E+01    7.4782E+01    5.3149E+01    1.6550E+01    4.6548E+00    1.7831E+01    7.2355E+00    1.2178E+01   
 2.1598E+02    4.9913E+01    5.7363E+01    2.3440E+01    1.8073E+01    1.7196E+01    7.4815E+01    5.3197E+01    1.6568E+01    4.6548E+00    1.8076E+01    7.0928E+00    1.2178E+01   
 2.1648E+02    4.9907E+01    5.7338E+01    2.3440E+01    1.8052E+01    1.7279E+01    7.4815E+01    5.3264E+01    1.6568E+01    4.6548E+00    1.8076E+01    7.1298E+00    1.2178E+01   
 2.1698E+02    4.9907E+01    5.7326E+01    2.3463E+01    1.8011E+01    1.7388E+01    7.4835E+01    5.3325E+01    1.6579E+01    4.6548E+00    1.7913E+01    7.1298E+00    1.2161E+01   
 2.1756E+02    4.9924E+01    5.7309E+01    2.3458E+01    1.7934E+01    1.7518E+01    7.4881E+01    5.3382E+01    1.6631E+01    4.6548E+00    1.7790E+01    7.1721E+00    1.2213E+01   
 2.1806E+02    4.9914E+01    5.7292E+01    2.3465E+01    1.7934E+01    1.7518E+01    7.4886E+01    5.3382E+01    1.6677E+01    4.6344E+00    1.7953E+01    7.0505E+00    1.2195E+01   
 2.1856E+02    4.9908E+01    5.7278E+01    2.3445E+01    1.7932E+01    1.7603E+01    7.4898E+01    5.3443E+01    1.6675E+01    4.6344E+00    1.7994E+01    7.0664E+00    1.2178E+01   
 2.1906E+02    4.9915E+01    5.7278E+01    2.3445E+01    1.8046E+01    1.7696E+01    7.4898E+01    5.3523E+01    1.6691E+01    4.6344E+00    1.7831E+01    7.0347E+00    1.2178E+01   
# Time (s)      T1w (C)       T2w (C)       T1a (C)       T2a (C)       T1r (C)       T2r (C)       T3r (C)       T4r (C)       P1 (bar)      P2 (bar)      Ic (amp)      Qc (l/min)    
 2.1965E+02    4.9913E+01    5.7272E+01    2.3451E+01    1.7965E+01    1.7795E+01    7.4894E+01    5.3602E+01    1.6697E+01    4.6344E+00    1.7790E+01    7.0347E+00    1.2195E+01   
 2.2015E+02    4.9909E+01    5.7243E+01    2.3425E+01    1.7923E+01    1.7911E+01    7.4903E+01    5.3679E+01    1.6732E+01    4.6548E+00    1.7770E+01    7.1140E+00    1.2143E+01   
 2.2065E+02    4.9909E+01    5.7233E+01    2.3436E+01    1.7923E+01    1.7911E+01    7.4870E+01    5.3679E+01    1.6727E+01    4.6344E+00    1.7913E+01    7.2884E+00    1.2195E+01   
 2.2115E+02    4.9920E+01    5.7227E+01    2.3420E+01    1.7990E+01    1.7998E+01    7.4835E+01    5.3740E+01    1.6747E+01    4.6344E+00    1.7994E+01    7.0505E+00    1.2195E+01   
 2.2173E+02    4.9926E+01    5.7239E+01    2.3408E+01    1.7972E+01    1.8075E+01    7.4797E+01    5.3810E+01    1.6748E+01    4.6752E+00    1.7831E+01    7.2778E+00    1.2161E+01   
 2.2223E+02    4.9924E+01    5.7239E+01    2.3408E+01    1.7999E+01    1.8161E+01    7.4778E+01    5.3893E+01    1.6764E+01    4.6548E+00    1.7974E+01    7.0400E+00    1.2195E+01   
 2.2273E+02    4.9927E+01    5.7241E+01    2.3378E+01    1.7971E+01    1.8246E+01    7.4778E+01    5.3984E+01    1.6786E+01    4.6548E+00    1.7933E+01    7.2355E+00    1.2230E+01   
 2.2323E+02    4.9913E+01    5.7208E+01    2.3371E+01    1.8043E+01    1.8331E+01    7.4748E+01    5.4038E+01    1.6820E+01    4.6752E+00    1.7831E+01    7.0400E+00    1.2195E+01   
 2.2381E+02    4.9920E+01    5.7205E+01    2.3371E+01    1.8005E+01    1.8331E+01    7.4715E+01    5.4038E+01    1.6866E+01    4.6752E+00    1.7913E+01    7.0981E+00    1.2230E+01   
 2.2431E+02    4.9933E+01    5.7193E+01    2.3369E+01    1.8005E+01    1.8429E+01    7.4696E+01    5.4155E+01    1.6905E+01    4.6548E+00    1.7974E+01    7.2884E+00    1.2213E+01   
 2.2481E+02    4.9920E+01    5.7193E+01    2.3366E+01    1.8000E+01    1.8508E+01    7.4676E+01    5.4225E+01    1.6918E+01    4.6548E+00    1.7953E+01    7.2937E+00    1.2161E+01   
 2.2531E+02    4.9913E+01    5.7201E+01    2.3366E+01    1.8152E+01    1.8569E+01    7.4676E+01    5.4304E+01    1.6918E+01    4.6752E+00    1.7831E+01    7.2620E+00    1.2195E+01   
 2.2589E+02    4.9923E+01    5.7208E+01    2.3346E+01    1.8093E+01    1.8652E+01    7.4640E+01    5.4370E+01    1.6960E+01    4.6752E+00    1.8014E+01    7.1351E+00    1.2143E+01   
 2.2639E+02    4.9923E+01    5.7197E+01    2.3354E+01    1.8010E+01    1.8729E+01    7.4630E+01    5.4436E+01    1.6996E+01    4.6956E+00    1.7811E+01    7.0294E+00    1.2143E+01   
 2.2689E+02    4.9921E+01    5.7202E+01    2.3356E+01    1.8010E+01    1.8729E+01    7.4621E+01    5.4436E+01    1.7008E+01    4.6548E+00    1.7811E+01    7.0400E+00    1.2213E+01   
 2.2739E+02    4.9947E+01    5.7206E+01    2.3369E+01    1.8032E+01    1.8831E+01    7.4617E+01    5.4531E+01    1.7054E+01    4.6752E+00    1.7872E+01    7.2831E+00    1.2195E+01   
 2.2798E+02    4.9953E+01    5.7204E+01    2.3328E+01    1.8131E+01    1.8893E+01    7.4611E+01    5.4603E+01    1.7080E+01    4.6752E+00    1.7811E+01    7.0928E+00    1.2195E+01   
 2.2848E+02    4.9946E+01    5.7204E+01    2.3328E+01    1.8154E+01    1.8967E+01    7.4611E+01    5.4671E+01    1.7080E+01    4.6548E+00    1.7770E+01    7.2778E+00    1.2213E+01   
 2.2898E+02    4.9946E+01    5.7217E+01    2.3301E+01    1.8163E+01    1.9014E+01    7.4610E+01    5.4739E+01    1.7110E+01    4.6548E+00    1.8014E+01    7.1880E+00    1.2247E+01   
 2.2948E+02    4.9946E+01    5.7204E+01    2.3322E+01    1.8179E+01    1.9103E+01    7.4646E+01    5.4819E+01    1.7145E+01    4.6752E+00    1.7933E+01    7.2567E+00    1.2230E+01   
 2.3006E+02    4.9949E+01    5.7202E+01    2.3299E+01    1.8179E+01    1.9103E+01    7.4643E+01    5.4819E+01    1.7181E+01    4.6752E+00    1.7770E+01    7.0981E+00    1.2195E+01   
 2.3056E+02    4.9944E+01    5.7197E+01    2.3281E+01    1.8211E+01    1.9166E+01    7.4653E+01    5.4880E+01    1.7187E+01    4.7159E+00    1.7811E+01    7.0823E+00    1.2230E+01   
 2.3106E+02    4.9941E+01    5.7197E+01    2.3277E+01    1.8223E+01    1.9234E+01    7.4631E+01    5.4936E+01    1.7197E+01    4.6956E+00    1.7953E+01    7.0453E+00    1.2247E+01   
 2.3156E+02    4.9945E+01    5.7175E+01    2.3261E+01    1.8298E+01    1.9291E+01    7.4631E+01    5.4999E+01    1.7197E+01    4.7159E+00    1.7831E+01    7.1615E+00    1.2213E+01   
 2.3215E+02    4.9934E+01    5.7180E+01    2.3267E+01    1.8383E+01    1.9356E+01    7.4609E+01    5.5041E+01    1.7216E+01    4.7363E+00    1.7913E+01    7.1298E+00    1.2230E+01   
 2.3265E+02    4.9919E+01    5.7159E+01    2.3271E+01    1.8390E+01    1.9406E+01    7.4615E+01    5.5081E+01    1.7265E+01    4.7363E+00    1.7892E+01    7.2884E+00    1.2178E+01   
 2.3315E+02    4.9933E+01    5.7164E+01    2.3259E+01    1.8390E+01    1.9406E+01    7.4635E+01    5.5081E+01    1.7287E+01    4.7567E+00    1.7749E+01    7.2250E+00    1.2195E+01   
 2.3365E+02    4.9937E+01    5.7157E+01    2.3216E+01    1.8347E+01    1.9465E+01    7.4642E+01    5.5103E+01    1.7330E+01    4.7363E+00    1.7790E+01    7.2250E+00    1.2195E+01   
 2.3425E+02    4.9922E+01    5.7157E+01    2.3211E+01    1.8326E+01    1.9533E+01    7.4656E+01    5.5118E+01    1.7339E+01    4.7363E+00    1.7892E+01    7.0823E+00    1.2195E+01   
 2.3475E+02    4.9926E+01    5.7167E+01    2.3211E+01    1.8353E+01    1.9567E+01    7.4656E+01    5.5157E+01    1.7339E+01    4.7363E+00    1.7770E+01    7.2091E+00    1.2161E+01   
# Time (s)      T1w (C)       T2w (C)       T1a (C)       T2a (C)       T1r (C)       T2r (C)       T3r (C)       T4r (C)       P1 (bar)      P2 (bar)      Ic (amp)      Qc (l/min)    
 2.3525E+02    4.9937E+01    5.7184E+01    2.3195E+01    1.8385E+01    1.9637E+01    7.4670E+01    5.5165E+01    1.7336E+01    4.7363E+00    1.7913E+01    7.1615E+00    1.2143E+01   
 2.3576E+02    4.9937E+01    5.7181E+01    2.3233E+01    1.8340E+01    1.9637E+01    7.4670E+01    5.5165E+01    1.7366E+01    4.7567E+00    1.7974E+01    7.1351E+00    1.2161E+01   
 2.3636E+02    4.9953E+01    5.7202E+01    2.3232E+01    1.8356E+01    1.9685E+01    7.4710E+01    5.5203E+01    1.7365E+01    4.7770E+00    1.7851E+01    7.1563E+00    1.2195E+01   
 2.3686E+02    4.9954E+01    5.7201E+01    2.3243E+01    1.8304E+01    1.9734E+01    7.4729E+01    5.5237E+01    1.7372E+01    4.7974E+00    1.7892E+01    7.2620E+00    1.2195E+01   
 2.3736E+02    4.9958E+01    5.7201E+01    2.3266E+01    1.8348E+01    1.9769E+01    7.4723E+01    5.5265E+01    1.7396E+01    4.7770E+00    1.7953E+01    7.2937E+00    1.2195E+01   
 2.3786E+02    4.9966E+01    5.7218E+01    2.3266E+01    1.8338E+01    1.9825E+01    7.4723E+01    5.5284E+01    1.7396E+01    4.7770E+00    1.7913E+01    7.2091E+00    1.2195E+01   
 2.3844E+02    4.9965E+01    5.7219E+01    2.3283E+01    1.8426E+01    1.9882E+01    7.4704E+01    5.5294E+01    1.7400E+01    4.8178E+00    1.7892E+01    7.0717E+00    1.2195E+01   
 2.3894E+02    4.9965E+01    5.7205E+01    2.3298E+01    1.8474E+01    1.9919E+01    7.4691E+01    5.5329E+01    1.7432E+01    4.8178E+00    1.8035E+01    7.1827E+00    1.2195E+01   
 2.3944E+02    4.9970E+01    5.7249E+01    2.3297E+01    1.8474E+01    1.9934E+01    7.4688E+01    5.5344E+01    1.7471E+01    4.7974E+00    1.7851E+01    7.0664E+00    1.2178E+01   
 2.3994E+02    4.9986E+01    5.7230E+01    2.3311E+01    1.8407E+01    1.9963E+01    7.4690E+01    5.5382E+01    1.7500E+01    4.7770E+00    1.7872E+01    7.2725E+00    1.2178E+01   
 2.4054E+02    4.9965E+01    5.7230E+01    2.3318E+01    1.8417E+01    2.0022E+01    7.4688E+01    5.5390E+01    1.7522E+01    4.7974E+00    1.7790E+01    7.0981E+00    1.2178E+01   
 2.4104E+02    4.9993E+01    5.7222E+01    2.3318E+01    1.8484E+01    2.0058E+01    7.4688E+01    5.5418E+01    1.7522E+01    4.7974E+00    1.7892E+01    7.2937E+00    1.2195E+01   
 2.4154E+02    4.9982E+01    5.7254E+01    2.3305E+01    1.8461E+01    2.0125E+01    7.4687E+01    5.5467E+01    1.7561E+01    4.7974E+00    1.7811E+01    7.2197E+00    1.2195E+01   
 2.4204E+02    4.9982E+01    5.7249E+01    2.3304E+01    1.8461E+01    2.0125E+01    7.4685E+01    5.5467E+01    1.7588E+01    4.8178E+00    1.7872E+01    7.3148E+00    1.2195E+01   
 2.4262E+02    4.9974E+01    5.7257E+01    2.3285E+01    1.8475E+01    2.0164E+01    7.4711E+01    5.5470E+01    1.7594E+01    4.8585E+00    1.7913E+01    7.1985E+00    1.2161E+01   
 2.4312E+02    4.9978E+01    5.7263E+01    2.3267E+01    1.8601E+01    2.0209E+01    7.4729E+01    5.5445E+01    1.7610E+01    4.7974E+00    1.8014E+01    7.0981E+00    1.2195E+01   
 2.4362E+02    4.9987E+01    5.7263E+01    2.3267E+01    1.8480E+01    2.0228E+01    7.4715E+01    5.5455E+01    1.7595E+01    4.8178E+00    1.7933E+01    7.0981E+00    1.2143E+01   
 2.4412E+02    4.9986E+01    5.7250E+01    2.3203E+01    1.8613E+01    2.0268E+01    7.4745E+01    5.5455E+01    1.7648E+01    4.8382E+00    1.7851E+01    7.1721E+00    1.2195E+01   
 2.4470E+02    4.9996E+01    5.7262E+01    2.3212E+01    1.8650E+01    2.0281E+01    7.4733E+01    5.5451E+01    1.7658E+01    4.8585E+00    1.8055E+01    7.3307E+00    1.2178E+01   
 2.4520E+02    4.9996E+01    5.7280E+01    2.3231E+01    1.8660E+01    2.0281E+01    7.4707E+01    5.5451E+01    1.7668E+01    4.8382E+00    1.7933E+01    7.3360E+00    1.2161E+01   
 2.4570E+02    4.9973E+01    5.7274E+01    2.3235E+01    1.8660E+01    2.0292E+01    7.4681E+01    5.5449E+01    1.7694E+01    4.8585E+00    1.7953E+01    7.3201E+00    1.2230E+01   
 2.4620E+02    4.9973E+01    5.7274E+01    2.3305E+01    1.8721E+01    2.0321E+01    7.4648E+01    5.5466E+01    1.7734E+01    4.8382E+00    1.7872E+01    7.1034E+00    1.2195E+01   
 2.4680E+02    4.9980E+01    5.7287E+01    2.3347E+01    1.8714E+01    2.0318E+01    7.4602E+01    5.5436E+01    1.7746E+01    4.8382E+00    1.8035E+01    7.3095E+00    1.2247E+01   
 2.4730E+02    4.9990E+01    5.7287E+01    2.3347E+01    1.8664E+01    2.0350E+01    7.4602E+01    5.5439E+01    1.7746E+01    4.8585E+00    1.7933E+01    7.2461E+00    1.2213E+01   
 2.4780E+02    4.9985E+01    5.7304E+01    2.3392E+01    1.8658E+01    2.0378E+01    7.4577E+01    5.5453E+01    1.7800E+01    4.8382E+00    1.7933E+01    7.3412E+00    1.2213E+01   
 2.4830E+02    4.9985E+01    5.7306E+01    2.3382E+01    1.8658E+01    2.0378E+01    7.4553E+01    5.5453E+01    1.7839E+01    4.8789E+00    1.8035E+01    7.1087E+00    1.2178E+01   
 2.4889E+02    4.9988E+01    5.7324E+01    2.3416E+01    1.8683E+01    2.0391E+01    7.4539E+01    5.5432E+01    1.7849E+01    4.8789E+00    1.7913E+01    7.1087E+00    1.2161E+01   
 2.4939E+02    5.0017E+01    5.7345E+01    2.3456E+01    1.8673E+01    2.0416E+01    7.4533E+01    5.5460E+01    1.7873E+01    4.8789E+00    1.7974E+01    7.1457E+00    1.2178E+01   
 2.4989E+02    5.0008E+01    5.7345E+01    2.3456E+01    1.8666E+01    2.0439E+01    7.4533E+01    5.5469E+01    1.7873E+01    4.8789E+00    1.7974E+01    7.1034E+00    1.2178E+01   
