# Run number  1 on Mon 2026-05-25T12:05:54 BST
# Time (s)      T1w (C)       T2w (C)       T1a (C)       T2a (C)       T1r (C)       T2r (C)       T3r (C)       T4r (C)       P1 (bar)      P2 (bar)      Ic (amp)      Qc (l/min)    
 2.6865E-01    5.1093E+01    6.3001E+01    2.4254E+01    1.9243E+01    2.0235E+01    8.2070E+01    5.9932E+01    1.7954E+01    4.8993E+00    2.0156E+01    7.6002E+00    7.1292E+00   
 9.7158E-01    5.1092E+01    6.2990E+01    2.4349E+01    1.9249E+01    2.0276E+01    8.2032E+01    5.9944E+01    1.7989E+01    4.9196E+00    2.0095E+01    7.8909E+00    7.1292E+00   
 1.4718E+00    5.1088E+01    6.2990E+01    2.4376E+01    1.9243E+01    2.0318E+01    8.1990E+01    5.9946E+01    1.7992E+01    4.8993E+00    2.0176E+01    7.6214E+00    7.1292E+00   
 1.9720E+00    5.1068E+01    6.2975E+01    2.4376E+01    1.9264E+01    2.0375E+01    8.1990E+01    5.9992E+01    1.7992E+01    4.9400E+00    2.0136E+01    7.6954E+00    7.0995E+00   
 2.5466E+00    5.1062E+01    6.2966E+01    2.4283E+01    1.9170E+01    2.0440E+01    8.1948E+01    6.0032E+01    1.8017E+01    4.9196E+00    2.0340E+01    7.6214E+00    7.0697E+00   
 3.0469E+00    5.1062E+01    6.2968E+01    2.4113E+01    1.9183E+01    2.0473E+01    8.1910E+01    6.0072E+01    1.8073E+01    4.9400E+00    2.0258E+01    7.6267E+00    7.1587E+00   
 3.5472E+00    5.1068E+01    6.2952E+01    2.3912E+01    1.9167E+01    2.0473E+01    8.1904E+01    6.0072E+01    1.8089E+01    4.9196E+00    2.0299E+01    7.9121E+00    7.1292E+00   
 4.0474E+00    5.1064E+01    6.2952E+01    2.3876E+01    1.9335E+01    2.0531E+01    8.1885E+01    6.0125E+01    1.8133E+01    4.9604E+00    2.0217E+01    7.7958E+00    7.1587E+00   
 4.6434E+00    5.1082E+01    6.2946E+01    2.3870E+01    1.9185E+01    2.0581E+01    8.1895E+01    6.0161E+01    1.8174E+01    4.9808E+00    2.0238E+01    7.6637E+00    7.1587E+00   
 5.1437E+00    5.1070E+01    6.2954E+01    2.3870E+01    1.9267E+01    2.0642E+01    8.1895E+01    6.0183E+01    1.8174E+01    4.9604E+00    2.0156E+01    7.6267E+00    7.0995E+00   
 5.6440E+00    5.1081E+01    6.2970E+01    2.3844E+01    1.9271E+01    2.0678E+01    8.1908E+01    6.0185E+01    1.8219E+01    4.9604E+00    2.0176E+01    7.7324E+00    7.0697E+00   
 6.1442E+00    5.1081E+01    6.2969E+01    2.3846E+01    1.9271E+01    2.0728E+01    8.1934E+01    6.0185E+01    1.8239E+01    4.9604E+00    2.0115E+01    7.6161E+00    7.1292E+00   
 6.7232E+00    5.1081E+01    6.2953E+01    2.3890E+01    1.9362E+01    2.0728E+01    8.1949E+01    6.0219E+01    1.8275E+01    4.9604E+00    2.0217E+01    7.6637E+00    7.1587E+00   
 7.2234E+00    5.1063E+01    6.2965E+01    2.3905E+01    1.9348E+01    2.0767E+01    8.1968E+01    6.0268E+01    1.8322E+01    4.9808E+00    2.0197E+01    7.6742E+00    7.1587E+00   
 7.7238E+00    5.1064E+01    6.2965E+01    2.3905E+01    1.9426E+01    2.0794E+01    8.1993E+01    6.0269E+01    1.8306E+01    4.9604E+00    2.0136E+01    7.6478E+00    7.1587E+00   
 8.2241E+00    5.1069E+01    6.2969E+01    2.3949E+01    1.9390E+01    2.0842E+01    8.1993E+01    6.0281E+01    1.8338E+01    5.0011E+00    2.0176E+01    7.8222E+00    7.1292E+00   
 8.8035E+00    5.1073E+01    6.2979E+01    2.3945E+01    1.9455E+01    2.0866E+01    8.2027E+01    6.0292E+01    1.8353E+01    4.9808E+00    2.0074E+01    7.6901E+00    7.1587E+00   
 9.3039E+00    5.1073E+01    6.2982E+01    2.3991E+01    1.9363E+01    2.0888E+01    8.2052E+01    6.0298E+01    1.8368E+01    4.9808E+00    2.0115E+01    7.6689E+00    7.0995E+00   
 9.8043E+00    5.1084E+01    6.2980E+01    2.3978E+01    1.9363E+01    2.0888E+01    8.2027E+01    6.0298E+01    1.8395E+01    5.0215E+00    2.0197E+01    7.6425E+00    7.1292E+00   
 1.0305E+01    5.1068E+01    6.2980E+01    2.3983E+01    1.9402E+01    2.0933E+01    8.2015E+01    6.0298E+01    1.8449E+01    4.9808E+00    2.0095E+01    7.7007E+00    7.0697E+00   
 1.0900E+01    5.1077E+01    6.2995E+01    2.4037E+01    1.9405E+01    2.0959E+01    8.1976E+01    6.0298E+01    1.8448E+01    5.0011E+00    2.0095E+01    7.7271E+00    7.0697E+00   
 1.1400E+01    5.1075E+01    6.3000E+01    2.4037E+01    1.9464E+01    2.0997E+01    8.1976E+01    6.0306E+01    1.8448E+01    5.0011E+00    2.0115E+01    7.9068E+00    7.1292E+00   
 1.1900E+01    5.1075E+01    6.3007E+01    2.4061E+01    1.9407E+01    2.1024E+01    8.1966E+01    6.0320E+01    1.8499E+01    5.0215E+00    2.0176E+01    7.6478E+00    7.1587E+00   
 1.2401E+01    5.1081E+01    6.3006E+01    2.4036E+01    1.9407E+01    2.1024E+01    8.1944E+01    6.0320E+01    1.8522E+01    5.0215E+00    2.0095E+01    7.6425E+00    7.0995E+00   
 1.2972E+01    5.1088E+01    6.3032E+01    2.4005E+01    1.9471E+01    2.1058E+01    8.1922E+01    6.0316E+01    1.8558E+01    5.0215E+00    2.0156E+01    7.6478E+00    7.0995E+00   
 1.3472E+01    5.1088E+01    6.3032E+01    2.3984E+01    1.9424E+01    2.1081E+01    8.1910E+01    6.0325E+01    1.8578E+01    5.0215E+00    2.0217E+01    7.6319E+00    7.0995E+00   
 1.3973E+01    5.1090E+01    6.3037E+01    2.3984E+01    1.9469E+01    2.1103E+01    8.1896E+01    6.0303E+01    1.8562E+01    5.0419E+00    2.0401E+01    7.9226E+00    7.1587E+00   
 1.4473E+01    5.1091E+01    6.3046E+01    2.3967E+01    1.9489E+01    2.1121E+01    8.1882E+01    6.0307E+01    1.8585E+01    5.0419E+00    2.0176E+01    7.8804E+00    7.1292E+00   
 1.5069E+01    5.1106E+01    6.3056E+01    2.3966E+01    1.9622E+01    2.1136E+01    8.1857E+01    6.0303E+01    1.8600E+01    5.0623E+00    2.0136E+01    7.7746E+00    7.1292E+00   
 1.5569E+01    5.1114E+01    6.3072E+01    2.3975E+01    1.9638E+01    2.1136E+01    8.1865E+01    6.0303E+01    1.8637E+01    5.0623E+00    2.0360E+01    7.9438E+00    7.1292E+00   
# Time (s)      T1w (C)       T2w (C)       T1a (C)       T2a (C)       T1r (C)       T2r (C)       T3r (C)       T4r (C)       P1 (bar)      P2 (bar)      Ic (amp)      Qc (l/min)    
 1.6070E+01    5.1116E+01    6.3091E+01    2.3988E+01    1.9656E+01    2.1155E+01    8.1925E+01    6.0313E+01    1.8674E+01    5.0419E+00    2.0238E+01    7.7482E+00    7.1292E+00   
 1.6570E+01    5.1118E+01    6.3091E+01    2.3951E+01    1.9611E+01    2.1176E+01    8.1983E+01    6.0335E+01    1.8691E+01    5.0623E+00    2.0136E+01    7.7271E+00    7.0697E+00   
 1.7141E+01    5.1094E+01    6.3074E+01    2.3936E+01    1.9600E+01    2.1202E+01    8.1983E+01    6.0322E+01    1.8691E+01    5.0623E+00    2.0197E+01    7.6478E+00    7.0995E+00   
 1.7641E+01    5.1106E+01    6.3063E+01    2.3907E+01    1.9584E+01    2.1208E+01    8.2034E+01    6.0335E+01    1.8711E+01    5.0623E+00    2.0258E+01    7.6531E+00    7.0995E+00   
 1.8141E+01    5.1106E+01    6.3085E+01    2.3930E+01    1.9661E+01    2.1240E+01    8.2079E+01    6.0364E+01    1.8753E+01    5.0826E+00    2.0197E+01    7.9491E+00    7.1292E+00   
 1.8642E+01    5.1084E+01    6.3074E+01    2.3889E+01    1.9646E+01    2.1225E+01    8.2103E+01    6.0349E+01    1.8755E+01    5.0623E+00    2.0197E+01    7.9438E+00    7.0697E+00   
 1.9237E+01    5.1088E+01    6.3060E+01    2.4036E+01    1.9588E+01    2.1228E+01    8.2082E+01    6.0360E+01    1.8799E+01    5.0419E+00    2.0238E+01    7.6584E+00    7.1292E+00   
 1.9737E+01    5.1086E+01    6.3060E+01    2.4095E+01    1.9535E+01    2.1262E+01    8.2079E+01    6.0349E+01    1.8799E+01    5.0826E+00    2.0360E+01    7.8434E+00    7.0697E+00   
 2.0238E+01    5.1091E+01    6.3066E+01    2.4095E+01    1.9610E+01    2.1291E+01    8.2079E+01    6.0356E+01    1.8799E+01    5.0623E+00    2.0217E+01    7.9544E+00    7.1292E+00   
 2.0738E+01    5.1118E+01    6.3078E+01    2.4020E+01    1.9584E+01    2.1277E+01    8.2060E+01    6.0343E+01    1.8808E+01    5.0826E+00    2.0217E+01    7.8698E+00    7.1292E+00   
 2.1309E+01    5.1118E+01    6.3087E+01    2.3949E+01    1.9657E+01    2.1285E+01    8.2052E+01    6.0362E+01    1.8816E+01    5.0826E+00    2.0258E+01    7.8064E+00    7.0995E+00   
 2.1810E+01    5.1118E+01    6.3116E+01    2.3941E+01    1.9673E+01    2.1285E+01    8.2015E+01    6.0362E+01    1.8831E+01    5.0826E+00    2.0238E+01    7.6742E+00    7.1292E+00   
 2.2310E+01    5.1127E+01    6.3119E+01    2.3923E+01    1.9745E+01    2.1304E+01    8.1984E+01    6.0360E+01    1.8862E+01    5.1030E+00    2.0217E+01    7.7852E+00    7.0697E+00   
 2.2810E+01    5.1123E+01    6.3133E+01    2.3938E+01    1.9749E+01    2.1330E+01    8.2011E+01    6.0377E+01    1.8888E+01    5.1030E+00    2.0299E+01    7.7641E+00    7.1587E+00   
 2.3406E+01    5.1128E+01    6.3136E+01    2.3957E+01    1.9729E+01    2.1342E+01    8.2011E+01    6.0380E+01    1.8888E+01    5.0826E+00    2.0217E+01    7.6795E+00    7.1292E+00   
 2.3906E+01    5.1141E+01    6.3140E+01    2.4007E+01    1.9772E+01    2.1342E+01    8.1997E+01    6.0396E+01    1.8895E+01    5.0826E+00    2.0319E+01    7.6848E+00    7.1587E+00   
 2.4406E+01    5.1141E+01    6.3139E+01    2.4048E+01    1.9772E+01    2.1340E+01    8.1997E+01    6.0387E+01    1.8927E+01    5.1030E+00    2.0258E+01    7.7852E+00    7.1292E+00   
 2.4907E+01    5.1126E+01    6.3147E+01    2.4117E+01    1.9771E+01    2.1355E+01    8.1974E+01    6.0401E+01    1.8969E+01    5.1234E+00    2.0299E+01    7.9596E+00    7.1587E+00   
 2.5478E+01    5.1142E+01    6.3156E+01    2.4028E+01    1.9795E+01    2.1346E+01    8.1978E+01    6.0412E+01    1.8968E+01    5.1234E+00    2.0380E+01    7.9702E+00    7.1292E+00   
 2.5978E+01    5.1131E+01    6.3156E+01    2.4028E+01    1.9798E+01    2.1348E+01    8.2001E+01    6.0429E+01    1.8992E+01    5.1030E+00    2.0462E+01    7.9808E+00    7.0697E+00   
 2.6479E+01    5.1147E+01    6.3167E+01    2.3994E+01    1.9805E+01    2.1334E+01    8.2001E+01    6.0419E+01    1.8992E+01    5.0826E+00    2.0360E+01    7.6901E+00    7.1292E+00   
 2.6979E+01    5.1147E+01    6.3170E+01    2.3890E+01    1.9787E+01    2.1292E+01    8.2013E+01    6.0421E+01    1.9010E+01    5.0826E+00    2.0238E+01    7.7588E+00    7.0995E+00   
 2.7574E+01    5.1128E+01    6.3175E+01    2.3828E+01    1.9797E+01    2.1247E+01    8.2042E+01    6.0408E+01    1.9043E+01    5.0419E+00    2.0442E+01    7.9755E+00    7.1292E+00   
 2.8075E+01    5.1130E+01    6.3180E+01    2.3751E+01    1.9797E+01    2.1247E+01    8.2037E+01    6.0408E+01    1.9079E+01    5.0623E+00    2.0442E+01    7.8434E+00    7.1292E+00   
 2.8575E+01    5.1126E+01    6.3180E+01    2.3715E+01    1.9761E+01    2.1169E+01    8.2011E+01    6.0464E+01    1.9104E+01    5.0623E+00    2.0197E+01    7.7852E+00    7.1587E+00   
 2.9075E+01    5.1133E+01    6.3180E+01    2.3715E+01    1.9830E+01    2.1017E+01    8.2011E+01    6.0453E+01    1.9104E+01    5.1030E+00    2.0380E+01    7.7694E+00    7.1292E+00   
 2.9647E+01    5.1139E+01    6.3192E+01    2.3740E+01    1.9885E+01    2.0730E+01    8.2025E+01    6.0469E+01    1.9143E+01    5.0826E+00    2.0380E+01    7.8486E+00    7.0697E+00   
 3.0147E+01    5.1139E+01    6.3181E+01    2.3733E+01    1.9902E+01    2.0299E+01    8.2010E+01    6.0490E+01    1.9164E+01    5.1030E+00    2.0278E+01    7.8222E+00    7.1587E+00   
 3.0647E+01    5.1125E+01    6.3192E+01    2.3774E+01    1.9902E+01    2.0299E+01    8.2019E+01    6.0490E+01    1.9204E+01    5.1030E+00    2.0421E+01    7.6848E+00    7.1292E+00   
 3.1148E+01    5.1136E+01    6.3191E+01    2.3798E+01    1.9966E+01    1.9950E+01    8.2014E+01    6.0475E+01    1.9229E+01    5.1234E+00    2.0380E+01    7.6901E+00    7.1292E+00   
# Time (s)      T1w (C)       T2w (C)       T1a (C)       T2a (C)       T1r (C)       T2r (C)       T3r (C)       T4r (C)       P1 (bar)      P2 (bar)      Ic (amp)      Qc (l/min)    
 3.1743E+01    5.1127E+01    6.3183E+01    2.3789E+01    1.9831E+01    1.9685E+01    8.2004E+01    6.0511E+01    1.9244E+01    5.1030E+00    2.0360E+01    7.8645E+00    7.1292E+00   
 3.2243E+01    5.1140E+01    6.3183E+01    2.3789E+01    1.9864E+01    1.9438E+01    8.2004E+01    6.0524E+01    1.9277E+01    5.0826E+00    2.0278E+01    7.8592E+00    7.1292E+00   
 3.2744E+01    5.1129E+01    6.3185E+01    2.3743E+01    1.9900E+01    1.9263E+01    8.1980E+01    6.0517E+01    1.9293E+01    5.1030E+00    2.0197E+01    7.9913E+00    7.1881E+00   
 3.3244E+01    5.1129E+01    6.3179E+01    2.3772E+01    1.9879E+01    1.9067E+01    8.1950E+01    6.0469E+01    1.9322E+01    5.1030E+00    2.0421E+01    7.6954E+00    7.0697E+00   
 3.3815E+01    5.1143E+01    6.3184E+01    2.3822E+01    1.9879E+01    1.9067E+01    8.1925E+01    6.0469E+01    1.9315E+01    5.1030E+00    2.0238E+01    7.7165E+00    7.1587E+00   
 3.4315E+01    5.1120E+01    6.3194E+01    2.3839E+01    1.9956E+01    1.8886E+01    8.1897E+01    6.0448E+01    1.9303E+01    5.0826E+00    2.0319E+01    7.7112E+00    7.1587E+00   
 3.4816E+01    5.1123E+01    6.3194E+01    2.3921E+01    1.9951E+01    1.8725E+01    8.1887E+01    6.0420E+01    1.9288E+01    5.1234E+00    2.0319E+01    7.8698E+00    7.1292E+00   
 3.5316E+01    5.1135E+01    6.3197E+01    2.3921E+01    2.0063E+01    1.8577E+01    8.1887E+01    6.0384E+01    1.9288E+01    5.1030E+00    2.0319E+01    7.9121E+00    7.1292E+00   
 3.5911E+01    5.1146E+01    6.3222E+01    2.3925E+01    2.0004E+01    1.8438E+01    8.1887E+01    6.0340E+01    1.9254E+01    5.1030E+00    2.0299E+01    7.7271E+00    7.1292E+00   
 3.6412E+01    5.1146E+01    6.3231E+01    2.4026E+01    2.0045E+01    1.8306E+01    8.1858E+01    6.0306E+01    1.9220E+01    5.0826E+00    2.0299E+01    7.8486E+00    7.0697E+00   
 3.6912E+01    5.1135E+01    6.3259E+01    2.4188E+01    2.0045E+01    1.8306E+01    8.1855E+01    6.0306E+01    1.9190E+01    5.0826E+00    2.0299E+01    7.8909E+00    7.1587E+00   
 3.7413E+01    5.1140E+01    6.3281E+01    2.4291E+01    2.0125E+01    1.8186E+01    8.1852E+01    6.0231E+01    1.9142E+01    5.0623E+00    2.0380E+01    7.7271E+00    7.0995E+00   
 3.7984E+01    5.1141E+01    6.3281E+01    2.4388E+01    2.0065E+01    1.8063E+01    8.1871E+01    6.0158E+01    1.9090E+01    5.0826E+00    2.0442E+01    7.7324E+00    7.1292E+00   
 3.8484E+01    5.1128E+01    6.3296E+01    2.4388E+01    1.9934E+01    1.7944E+01    8.1871E+01    6.0090E+01    1.9090E+01    5.0623E+00    2.0462E+01    7.7271E+00    7.1587E+00   
 3.8984E+01    5.1124E+01    6.3323E+01    2.4359E+01    1.9939E+01    1.7865E+01    8.1898E+01    6.0038E+01    1.9064E+01    5.0623E+00    2.0605E+01    7.9226E+00    7.0697E+00   
 3.9485E+01    5.1124E+01    6.3357E+01    2.4260E+01    1.9939E+01    1.7865E+01    8.1902E+01    5.9981E+01    1.9008E+01    5.0623E+00    2.0462E+01    8.0019E+00    7.1587E+00   
 4.0088E+01    5.1131E+01    6.3368E+01    2.4183E+01    1.9834E+01    1.7750E+01    8.1917E+01    5.9981E+01    1.8968E+01    5.0623E+00    2.0523E+01    7.8804E+00    7.1587E+00   
 4.0588E+01    5.1126E+01    6.3384E+01    2.4155E+01    1.9824E+01    1.7658E+01    8.1965E+01    5.9890E+01    1.8906E+01    5.0215E+00    2.0523E+01    7.7324E+00    7.1881E+00   
 4.1089E+01    5.1123E+01    6.3384E+01    2.4155E+01    1.9857E+01    1.7579E+01    8.1994E+01    5.9830E+01    1.8864E+01    5.0215E+00    2.0462E+01    8.0283E+00    7.1587E+00   
 4.1589E+01    5.1120E+01    6.3398E+01    2.4130E+01    1.9804E+01    1.7491E+01    8.1994E+01    5.9772E+01    1.8864E+01    5.0011E+00    2.0503E+01    8.0125E+00    7.0697E+00   
 4.2160E+01    5.1122E+01    6.3414E+01    2.4166E+01    1.9767E+01    1.7426E+01    8.2026E+01    5.9720E+01    1.8819E+01    5.0011E+00    2.0442E+01    8.0231E+00    7.1292E+00   
 4.2661E+01    5.1122E+01    6.3437E+01    2.4121E+01    1.9825E+01    1.7339E+01    8.2040E+01    5.9634E+01    1.8766E+01    5.0011E+00    2.0482E+01    7.7429E+00    7.1292E+00   
 4.3161E+01    5.1140E+01    6.3472E+01    2.4096E+01    1.9841E+01    1.7339E+01    8.2034E+01    5.9634E+01    1.8695E+01    4.9808E+00    2.0442E+01    7.7218E+00    7.1292E+00   
 4.3662E+01    5.1136E+01    6.3480E+01    2.4069E+01    1.9762E+01    1.7274E+01    8.2032E+01    5.9555E+01    1.8654E+01    4.9604E+00    2.0482E+01    7.7218E+00    7.1587E+00   
 4.4241E+01    5.1127E+01    6.3480E+01    2.4069E+01    1.9750E+01    1.7194E+01    8.2040E+01    5.9474E+01    1.8610E+01    4.9808E+00    2.0544E+01    7.7376E+00    7.0995E+00   
 4.4741E+01    5.1130E+01    6.3509E+01    2.4039E+01    1.9725E+01    1.7118E+01    8.2040E+01    5.9386E+01    1.8610E+01    4.9808E+00    2.0523E+01    7.7218E+00    7.1881E+00   
 4.5241E+01    5.1130E+01    6.3518E+01    2.4037E+01    1.9714E+01    1.7058E+01    8.2046E+01    5.9336E+01    1.8528E+01    4.9808E+00    2.0544E+01    7.9913E+00    7.1587E+00   
 4.5742E+01    5.1130E+01    6.3522E+01    2.3994E+01    1.9714E+01    1.7058E+01    8.2050E+01    5.9218E+01    1.8473E+01    4.9604E+00    2.0523E+01    7.7588E+00    7.1292E+00   
 4.6313E+01    5.1145E+01    6.3528E+01    2.3986E+01    1.9660E+01    1.7009E+01    8.2075E+01    5.9232E+01    1.8419E+01    4.9604E+00    2.0523E+01    7.9385E+00    7.1587E+00   
 4.6813E+01    5.1122E+01    6.3528E+01    2.3885E+01    1.9632E+01    1.6977E+01    8.2086E+01    5.9159E+01    1.8369E+01    4.9604E+00    2.0544E+01    7.9702E+00    7.1292E+00   
# Time (s)      T1w (C)       T2w (C)       T1a (C)       T2a (C)       T1r (C)       T2r (C)       T3r (C)       T4r (C)       P1 (bar)      P2 (bar)      Ic (amp)      Qc (l/min)    
 4.7314E+01    5.1120E+01    6.3529E+01    2.3870E+01    1.9534E+01    1.6911E+01    8.2086E+01    5.9052E+01    1.8369E+01    4.9400E+00    2.0462E+01    7.7588E+00    7.1292E+00   
 4.7814E+01    5.1108E+01    6.3536E+01    2.3815E+01    1.9479E+01    1.6875E+01    8.2117E+01    5.9002E+01    1.8319E+01    4.9400E+00    2.0503E+01    7.9174E+00    7.1292E+00   
 4.8409E+01    5.1126E+01    6.3539E+01    2.3762E+01    1.9491E+01    1.6820E+01    8.2151E+01    5.8918E+01    1.8273E+01    4.9400E+00    2.0544E+01    7.9861E+00    7.1292E+00   
 4.8910E+01    5.1141E+01    6.3556E+01    2.3793E+01    1.9506E+01    1.6836E+01    8.2221E+01    5.8824E+01    1.8201E+01    4.9400E+00    2.0625E+01    7.8169E+00    7.0995E+00   
 4.9410E+01    5.1121E+01    6.3585E+01    2.3715E+01    1.9475E+01    1.6795E+01    8.2261E+01    5.8824E+01    1.8161E+01    4.9400E+00    2.0707E+01    7.9121E+00    7.0995E+00   
 4.9910E+01    5.1148E+01    6.3599E+01    2.3716E+01    1.9454E+01    1.6723E+01    8.2287E+01    5.8742E+01    1.8100E+01    4.9196E+00    2.0605E+01    7.8698E+00    7.0995E+00   
 5.0482E+01    5.1139E+01    6.3593E+01    2.3716E+01    1.9434E+01    1.6672E+01    8.2287E+01    5.8657E+01    1.8047E+01    4.8993E+00    2.0625E+01    7.9332E+00    7.1587E+00   
 5.0982E+01    5.1142E+01    6.3592E+01    2.3895E+01    1.9366E+01    1.6639E+01    8.2305E+01    5.8574E+01    1.8047E+01    4.8993E+00    2.0707E+01    7.9015E+00    7.1587E+00   
 5.1482E+01    5.1142E+01    6.3612E+01    2.3997E+01    1.9434E+01    1.6639E+01    8.2315E+01    5.8502E+01    1.7984E+01    4.8993E+00    2.0768E+01    7.7271E+00    7.1587E+00   
 5.1983E+01    5.1130E+01    6.3607E+01    2.4127E+01    1.9434E+01    1.6585E+01    8.2332E+01    5.8487E+01    1.7911E+01    4.8993E+00    2.0707E+01    7.7271E+00    7.0697E+00   
 5.2578E+01    5.1134E+01    6.3627E+01    2.4409E+01    1.9369E+01    1.6554E+01    8.2362E+01    5.8402E+01    1.7855E+01    4.9196E+00    2.0564E+01    7.7218E+00    7.0697E+00   
 5.3078E+01    5.1122E+01    6.3613E+01    2.4396E+01    1.9256E+01    1.6551E+01    8.2377E+01    5.8307E+01    1.7800E+01    4.8993E+00    2.0646E+01    7.7165E+00    7.0995E+00   
 5.3579E+01    5.1130E+01    6.3611E+01    2.4396E+01    1.9211E+01    1.6545E+01    8.2377E+01    5.8241E+01    1.7800E+01    4.8382E+00    2.0625E+01    7.8116E+00    7.1587E+00   
 5.4079E+01    5.1110E+01    6.3604E+01    2.4210E+01    1.9315E+01    1.6584E+01    8.2391E+01    5.8164E+01    1.7741E+01    4.8789E+00    2.0768E+01    7.9385E+00    7.1292E+00   
 5.4675E+01    5.1110E+01    6.3613E+01    2.4037E+01    1.9189E+01    1.6614E+01    8.2408E+01    5.8087E+01    1.7711E+01    4.8585E+00    2.0625E+01    7.7007E+00    7.1587E+00   
 5.5175E+01    5.1102E+01    6.3602E+01    2.3996E+01    1.9189E+01    1.6614E+01    8.2469E+01    5.8087E+01    1.7638E+01    4.8382E+00    2.0564E+01    7.7746E+00    7.1292E+00   
 5.5675E+01    5.1111E+01    6.3600E+01    2.3968E+01    1.9167E+01    1.6664E+01    8.2484E+01    5.8030E+01    1.7582E+01    4.8382E+00    2.0646E+01    7.6954E+00    7.1292E+00   
 5.6176E+01    5.1115E+01    6.3600E+01    2.3968E+01    1.9177E+01    1.6711E+01    8.2498E+01    5.7988E+01    1.7530E+01    4.8382E+00    2.0503E+01    7.7324E+00    7.1292E+00   
 5.6771E+01    5.1120E+01    6.3590E+01    2.3948E+01    1.9099E+01    1.6771E+01    8.2537E+01    5.7963E+01    1.7497E+01    4.7974E+00    2.0686E+01    7.9544E+00    7.1587E+00   
 5.7271E+01    5.1116E+01    6.3591E+01    2.3960E+01    1.9170E+01    1.6843E+01    8.2569E+01    5.7929E+01    1.7497E+01    4.8178E+00    2.0666E+01    7.9438E+00    7.0995E+00   
 5.7771E+01    5.1116E+01    6.3589E+01    2.3979E+01    1.9104E+01    1.6843E+01    8.2587E+01    5.7892E+01    1.7433E+01    4.7974E+00    2.0666E+01    7.7007E+00    7.0697E+00   
 5.8272E+01    5.1118E+01    6.3582E+01    2.3969E+01    1.9104E+01    1.6930E+01    8.2576E+01    5.7892E+01    1.7392E+01    4.7974E+00    2.0646E+01    7.6848E+00    7.1292E+00   
 5.8859E+01    5.1109E+01    6.3573E+01    2.3954E+01    1.8974E+01    1.6998E+01    8.2584E+01    5.7874E+01    1.7353E+01    4.7974E+00    2.0421E+01    7.7324E+00    7.1292E+00   
 5.9359E+01    5.1115E+01    6.3573E+01    2.3913E+01    1.8894E+01    1.7092E+01    8.2610E+01    5.7852E+01    1.7309E+01    4.7770E+00    2.0401E+01    7.7799E+00    7.0697E+00   
 5.9860E+01    5.1109E+01    6.3556E+01    2.3913E+01    1.8878E+01    1.7184E+01    8.2610E+01    5.7854E+01    1.7309E+01    4.7567E+00    2.0564E+01    7.8116E+00    7.1587E+00   
 6.0360E+01    5.1112E+01    6.3541E+01    2.3893E+01    1.8895E+01    1.7258E+01    8.2591E+01    5.7831E+01    1.7272E+01    4.7770E+00    2.0360E+01    7.7429E+00    7.1587E+00   
 6.0955E+01    5.1112E+01    6.3512E+01    2.3898E+01    1.8958E+01    1.7337E+01    8.2571E+01    5.7841E+01    1.7223E+01    4.7974E+00    2.0299E+01    7.7799E+00    7.1292E+00   
 6.1455E+01    5.1111E+01    6.3487E+01    2.3914E+01    1.8958E+01    1.7337E+01    8.2564E+01    5.7841E+01    1.7223E+01    4.7770E+00    2.0319E+01    7.6319E+00    7.0995E+00   
 6.1956E+01    5.1105E+01    6.3471E+01    2.3905E+01    1.8916E+01    1.7429E+01    8.2540E+01    5.7849E+01    1.7210E+01    4.7770E+00    2.0299E+01    7.7271E+00    7.1587E+00   
 6.2456E+01    5.1118E+01    6.3471E+01    2.3905E+01    1.8842E+01    1.7521E+01    8.2540E+01    5.7901E+01    1.7211E+01    4.7770E+00    2.0238E+01    7.8751E+00    7.1587E+00   
# Time (s)      T1w (C)       T2w (C)       T1a (C)       T2a (C)       T1r (C)       T2r (C)       T3r (C)       T4r (C)       P1 (bar)      P2 (bar)      Ic (amp)      Qc (l/min)    
 6.3028E+01    5.1113E+01    6.3443E+01    2.3866E+01    1.8866E+01    1.7607E+01    8.2521E+01    5.7934E+01    1.7195E+01    4.7770E+00    2.0278E+01    7.9174E+00    7.1292E+00   
 6.3528E+01    5.1111E+01    6.3416E+01    2.3915E+01    1.8903E+01    1.7705E+01    8.2526E+01    5.7976E+01    1.7172E+01    4.7567E+00    2.0360E+01    7.8962E+00    7.1587E+00   
 6.4028E+01    5.1111E+01    6.3392E+01    2.3902E+01    1.8903E+01    1.7705E+01    8.2541E+01    5.7987E+01    1.7183E+01    4.7974E+00    2.0217E+01    7.6055E+00    7.1292E+00   
 6.4528E+01    5.1108E+01    6.3356E+01    2.3916E+01    1.8812E+01    1.7823E+01    8.2497E+01    5.7987E+01    1.7198E+01    4.7770E+00    2.0258E+01    7.6161E+00    7.0995E+00   
 6.5108E+01    5.1112E+01    6.3337E+01    2.3883E+01    1.8893E+01    1.7901E+01    8.2480E+01    5.8063E+01    1.7228E+01    4.7567E+00    2.0258E+01    7.6161E+00    7.0697E+00   
 6.5609E+01    5.1100E+01    6.3337E+01    2.3883E+01    1.8857E+01    1.8032E+01    8.2480E+01    5.8128E+01    1.7237E+01    4.7770E+00    2.0197E+01    7.6161E+00    7.1292E+00   
 6.6109E+01    5.1102E+01    6.3312E+01    2.3845E+01    1.8917E+01    1.8112E+01    8.2462E+01    5.8192E+01    1.7237E+01    4.7770E+00    2.0258E+01    7.8698E+00    7.0995E+00   
 6.6609E+01    5.1102E+01    6.3288E+01    2.3839E+01    1.8819E+01    1.8208E+01    8.2448E+01    5.8270E+01    1.7262E+01    4.7770E+00    2.0258E+01    7.7165E+00    7.1292E+00   
 6.7188E+01    5.1108E+01    6.3265E+01    2.3786E+01    1.8819E+01    1.8208E+01    8.2438E+01    5.8332E+01    1.7285E+01    4.7567E+00    2.0401E+01    7.8486E+00    7.0995E+00   
 6.7689E+01    5.1116E+01    6.3246E+01    2.3722E+01    1.8939E+01    1.8297E+01    8.2413E+01    5.8332E+01    1.7338E+01    4.7974E+00    2.0278E+01    7.8116E+00    7.0995E+00   
 6.8189E+01    5.1109E+01    6.3246E+01    2.3764E+01    1.8817E+01    1.8377E+01    8.2389E+01    5.8402E+01    1.7337E+01    4.7567E+00    2.0401E+01    7.6108E+00    7.1292E+00   
 6.8689E+01    5.1105E+01    6.3214E+01    2.3764E+01    1.8931E+01    1.8470E+01    8.2389E+01    5.8491E+01    1.7366E+01    4.7974E+00    2.0360E+01    7.6108E+00    7.0995E+00   
 6.9268E+01    5.1109E+01    6.3201E+01    2.3804E+01    1.8868E+01    1.8557E+01    8.2381E+01    5.8576E+01    1.7366E+01    4.7770E+00    2.0360E+01    7.7007E+00    7.1292E+00   
 6.9769E+01    5.1109E+01    6.3175E+01    2.3762E+01    1.8851E+01    1.8660E+01    8.2340E+01    5.8674E+01    1.7411E+01    4.8178E+00    2.0319E+01    7.6108E+00    7.1292E+00   
 7.0269E+01    5.1105E+01    6.3160E+01    2.3825E+01    1.8851E+01    1.8644E+01    8.2286E+01    5.8659E+01    1.7401E+01    4.7974E+00    2.0258E+01    7.9015E+00    7.1292E+00   
 7.0769E+01    5.1105E+01    6.3144E+01    2.3797E+01    1.8863E+01    1.8717E+01    8.2257E+01    5.8737E+01    1.7410E+01    4.7974E+00    2.0278E+01    7.7905E+00    7.1292E+00   
 7.1341E+01    5.1108E+01    6.3144E+01    2.3789E+01    1.8932E+01    1.8801E+01    8.2226E+01    5.8819E+01    1.7453E+01    4.7974E+00    2.0258E+01    7.6108E+00    7.0697E+00   
 7.1841E+01    5.1108E+01    6.3136E+01    2.3789E+01    1.8847E+01    1.8887E+01    8.2226E+01    5.8895E+01    1.7472E+01    4.7974E+00    2.0299E+01    7.8962E+00    7.1292E+00   
 7.2341E+01    5.1089E+01    6.3119E+01    2.3776E+01    1.8875E+01    1.8979E+01    8.2206E+01    5.8972E+01    1.7488E+01    4.7974E+00    2.0074E+01    7.6901E+00    7.0995E+00   
 7.2842E+01    5.1089E+01    6.3107E+01    2.3748E+01    1.8875E+01    1.8979E+01    8.2195E+01    5.9059E+01    1.7526E+01    4.7974E+00    2.0319E+01    7.5949E+00    7.0995E+00   
 7.3429E+01    5.1089E+01    6.3080E+01    2.3704E+01    1.8982E+01    1.9058E+01    8.2172E+01    5.9111E+01    1.7540E+01    4.7770E+00    2.0115E+01    7.7905E+00    7.1292E+00   
 7.3929E+01    5.1093E+01    6.3064E+01    2.3746E+01    1.8996E+01    1.9131E+01    8.2158E+01    5.9111E+01    1.7550E+01    4.7770E+00    2.0095E+01    7.6161E+00    7.1292E+00   
 7.4430E+01    5.1081E+01    6.3064E+01    2.3746E+01    1.9015E+01    1.9216E+01    8.2172E+01    5.9196E+01    1.7550E+01    4.7770E+00    2.0054E+01    7.8328E+00    7.1292E+00   
 7.4930E+01    5.1087E+01    6.3058E+01    2.3810E+01    1.8976E+01    1.9289E+01    8.2144E+01    5.9286E+01    1.7550E+01    4.7770E+00    2.0054E+01    7.7958E+00    7.1881E+00   
 7.5509E+01    5.1087E+01    6.3046E+01    2.3849E+01    1.8985E+01    1.9365E+01    8.2135E+01    5.9307E+01    1.7522E+01    4.7974E+00    2.0115E+01    7.5949E+00    7.0995E+00   
 7.6010E+01    5.1087E+01    6.3038E+01    2.3917E+01    1.9056E+01    1.9365E+01    8.2146E+01    5.9374E+01    1.7522E+01    4.7974E+00    2.0197E+01    7.8539E+00    7.0697E+00   
 7.6510E+01    5.1087E+01    6.3008E+01    2.3956E+01    1.9056E+01    1.9411E+01    8.2139E+01    5.9359E+01    1.7508E+01    4.8178E+00    2.0319E+01    7.6267E+00    7.1292E+00   
 7.7011E+01    5.1069E+01    6.3008E+01    2.3960E+01    1.9052E+01    1.9499E+01    8.2138E+01    5.9435E+01    1.7543E+01    4.8382E+00    2.0095E+01    7.7482E+00    7.0697E+00   
 7.7606E+01    5.1103E+01    6.3018E+01    2.3963E+01    1.9070E+01    1.9573E+01    8.2143E+01    5.9520E+01    1.7569E+01    4.8382E+00    2.0176E+01    7.6319E+00    7.1587E+00   
 7.8106E+01    5.1112E+01    6.3012E+01    2.3963E+01    1.9109E+01    1.9649E+01    8.2143E+01    5.9580E+01    1.7569E+01    4.8382E+00    2.0095E+01    7.7694E+00    7.1587E+00   
# Time (s)      T1w (C)       T2w (C)       T1a (C)       T2a (C)       T1r (C)       T2r (C)       T3r (C)       T4r (C)       P1 (bar)      P2 (bar)      Ic (amp)      Qc (l/min)    
 7.8606E+01    5.1112E+01    6.3004E+01    2.3966E+01    1.9132E+01    1.9720E+01    8.2144E+01    5.9647E+01    1.7566E+01    4.8789E+00    2.0197E+01    7.7588E+00    7.1292E+00   
 7.9107E+01    5.1102E+01    6.3018E+01    2.3980E+01    1.9132E+01    1.9736E+01    8.2128E+01    5.9720E+01    1.7609E+01    4.8585E+00    2.0074E+01    7.8011E+00    7.1292E+00   
 7.9686E+01    5.1116E+01    6.3002E+01    2.4114E+01    1.9195E+01    1.9780E+01    8.2100E+01    5.9720E+01    1.7635E+01    4.8585E+00    2.0340E+01    7.9015E+00    7.0995E+00   
 8.0186E+01    5.1102E+01    6.2991E+01    2.4296E+01    1.9219E+01    1.9878E+01    8.2082E+01    5.9788E+01    1.7693E+01    4.8789E+00    2.0258E+01    7.7905E+00    7.0995E+00   
 8.0687E+01    5.1092E+01    6.2991E+01    2.4296E+01    1.9207E+01    1.9939E+01    8.2082E+01    5.9815E+01    1.7725E+01    4.8993E+00    2.0299E+01    7.6055E+00    7.1292E+00   
 8.1187E+01    5.1114E+01    6.2976E+01    2.4370E+01    1.9261E+01    2.0016E+01    8.2053E+01    5.9867E+01    1.7725E+01    4.8993E+00    2.0258E+01    7.6637E+00    7.0697E+00   
 8.1782E+01    5.1104E+01    6.2976E+01    2.4314E+01    1.9186E+01    2.0068E+01    8.2030E+01    5.9883E+01    1.7764E+01    4.8789E+00    2.0299E+01    7.8064E+00    7.1292E+00   
 8.2283E+01    5.1104E+01    6.2959E+01    2.4250E+01    1.9186E+01    2.0068E+01    8.2046E+01    5.9920E+01    1.7795E+01    4.8789E+00    2.0258E+01    7.6742E+00    7.0995E+00   
 8.2783E+01    5.1097E+01    6.2974E+01    2.4280E+01    1.9269E+01    2.0130E+01    8.2062E+01    5.9920E+01    1.7828E+01    4.9196E+00    2.0238E+01    7.6689E+00    7.1292E+00   
 8.3283E+01    5.1109E+01    6.2974E+01    2.4161E+01    1.9291E+01    2.0181E+01    8.2101E+01    5.9968E+01    1.7872E+01    4.8993E+00    2.0319E+01    7.6425E+00    7.1292E+00   
 8.3863E+01    5.1106E+01    6.2968E+01    2.4161E+01    1.9319E+01    2.0238E+01    8.2101E+01    5.9997E+01    1.7905E+01    4.9196E+00    2.0278E+01    7.6055E+00    7.0697E+00   
 8.4363E+01    5.1092E+01    6.2972E+01    2.4100E+01    1.9327E+01    2.0305E+01    8.2088E+01    6.0022E+01    1.7905E+01    4.9400E+00    2.0074E+01    7.6108E+00    7.1292E+00   
 8.4863E+01    5.1092E+01    6.2969E+01    2.4032E+01    1.9246E+01    2.0351E+01    8.2081E+01    6.0030E+01    1.7928E+01    4.9400E+00    2.0176E+01    7.9015E+00    7.0995E+00   
 8.5364E+01    5.1092E+01    6.2961E+01    2.3992E+01    1.9246E+01    2.0351E+01    8.2100E+01    6.0094E+01    1.7966E+01    4.9196E+00    2.0197E+01    7.7799E+00    7.1587E+00   
 8.5951E+01    5.1113E+01    6.2966E+01    2.3960E+01    1.9286E+01    2.0407E+01    8.2131E+01    6.0094E+01    1.7975E+01    4.9400E+00    2.0156E+01    7.8275E+00    7.1292E+00   
 8.6451E+01    5.1106E+01    6.2965E+01    2.3975E+01    1.9326E+01    2.0465E+01    8.2128E+01    6.0119E+01    1.8013E+01    4.9196E+00    2.0054E+01    7.7746E+00    7.1292E+00   
 8.6952E+01    5.1103E+01    6.2965E+01    2.3975E+01    1.9317E+01    2.0495E+01    8.2128E+01    6.0122E+01    1.8055E+01    4.9808E+00    2.0278E+01    7.6319E+00    7.1292E+00   
 8.7452E+01    5.1104E+01    6.2963E+01    2.3959E+01    1.9330E+01    2.0551E+01    8.2113E+01    6.0145E+01    1.8055E+01    4.9604E+00    2.0319E+01    7.7482E+00    7.1587E+00   
 8.8031E+01    5.1104E+01    6.2975E+01    2.3941E+01    1.9385E+01    2.0603E+01    8.2096E+01    6.0177E+01    1.8072E+01    4.9808E+00    2.0278E+01    7.7641E+00    7.1587E+00   
 8.8532E+01    5.1089E+01    6.2972E+01    2.3904E+01    1.9385E+01    2.0603E+01    8.2110E+01    6.0188E+01    1.8127E+01    4.9604E+00    2.0319E+01    7.6319E+00    7.1587E+00   
 8.9032E+01    5.1094E+01    6.2970E+01    2.3862E+01    1.9264E+01    2.0643E+01    8.2104E+01    6.0188E+01    1.8148E+01    4.9604E+00    2.0340E+01    7.7482E+00    7.1292E+00   
 8.9532E+01    5.1102E+01    6.2970E+01    2.3855E+01    1.9360E+01    2.0677E+01    8.2088E+01    6.0218E+01    1.8190E+01    4.9808E+00    2.0380E+01    7.9121E+00    7.0398E+00   
 9.0120E+01    5.1091E+01    6.2970E+01    2.3855E+01    1.9324E+01    2.0716E+01    8.2088E+01    6.0225E+01    1.8220E+01    4.9808E+00    2.0074E+01    7.6319E+00    7.0697E+00   
 9.0620E+01    5.1114E+01    6.2997E+01    2.3867E+01    1.9371E+01    2.0763E+01    8.2072E+01    6.0242E+01    1.8220E+01    4.9808E+00    2.0176E+01    7.6319E+00    7.0995E+00   
 9.1120E+01    5.1114E+01    6.3012E+01    2.3865E+01    1.9405E+01    2.0806E+01    8.2047E+01    6.0264E+01    1.8250E+01    5.0011E+00    2.0074E+01    7.8539E+00    7.1587E+00   
 9.1620E+01    5.1135E+01    6.3017E+01    2.3823E+01    1.9405E+01    2.0806E+01    8.2036E+01    6.0280E+01    1.8288E+01    4.9808E+00    2.0319E+01    7.9068E+00    7.1292E+00   
 9.2200E+01    5.1126E+01    6.3008E+01    2.3800E+01    1.9467E+01    2.0853E+01    8.2021E+01    6.0294E+01    1.8337E+01    5.0011E+00    2.0238E+01    7.9279E+00    7.0995E+00   
 9.2700E+01    5.1125E+01    6.3008E+01    2.3792E+01    1.9494E+01    2.0891E+01    8.2002E+01    6.0295E+01    1.8363E+01    4.9808E+00    2.0258E+01    7.6425E+00    7.1292E+00   
 9.3201E+01    5.1110E+01    6.3012E+01    2.3792E+01    1.9571E+01    2.0952E+01    8.2016E+01    6.0319E+01    1.8399E+01    5.0215E+00    2.0258E+01    7.6319E+00    7.0995E+00   
 9.3701E+01    5.1111E+01    6.3028E+01    2.3763E+01    1.9504E+01    2.0991E+01    8.2004E+01    6.0317E+01    1.8399E+01    5.0419E+00    2.0197E+01    7.6848E+00    7.0995E+00   
# Time (s)      T1w (C)       T2w (C)       T1a (C)       T2a (C)       T1r (C)       T2r (C)       T3r (C)       T4r (C)       P1 (bar)      P2 (bar)      Ic (amp)      Qc (l/min)    
 9.4296E+01    5.1111E+01    6.3028E+01    2.3686E+01    1.9492E+01    2.1033E+01    8.2030E+01    6.0348E+01    1.8438E+01    5.0215E+00    2.0258E+01    7.8381E+00    7.1881E+00   
 9.4796E+01    5.1111E+01    6.3026E+01    2.3622E+01    1.9492E+01    2.1033E+01    8.2046E+01    6.0346E+01    1.8478E+01    5.0215E+00    2.0115E+01    7.8539E+00    7.1587E+00   
 9.5297E+01    5.1135E+01    6.3048E+01    2.3563E+01    1.9574E+01    2.1063E+01    8.2103E+01    6.0346E+01    1.8517E+01    5.0419E+00    2.0319E+01    7.7218E+00    7.0697E+00   
 9.5797E+01    5.1139E+01    6.3048E+01    2.3563E+01    1.9582E+01    2.1091E+01    8.2103E+01    6.0371E+01    1.8542E+01    5.0623E+00    2.0176E+01    7.7007E+00    7.1881E+00   
 9.6376E+01    5.1140E+01    6.3056E+01    2.3589E+01    1.9585E+01    2.1124E+01    8.2134E+01    6.0381E+01    1.8580E+01    5.0419E+00    2.0340E+01    7.6584E+00    7.1292E+00   
 9.6877E+01    5.1138E+01    6.3058E+01    2.3666E+01    1.9699E+01    2.1162E+01    8.2154E+01    6.0381E+01    1.8580E+01    5.0419E+00    2.0360E+01    7.7271E+00    7.0398E+00   
 9.7377E+01    5.1138E+01    6.3068E+01    2.3641E+01    1.9699E+01    2.1162E+01    8.2148E+01    6.0393E+01    1.8618E+01    5.0419E+00    2.0115E+01    7.6901E+00    7.1587E+00   
 9.7878E+01    5.1139E+01    6.3072E+01    2.3598E+01    1.9628E+01    2.1170E+01    8.2129E+01    6.0393E+01    1.8634E+01    5.0419E+00    2.0360E+01    7.6954E+00    7.1292E+00   
 9.8473E+01    5.1128E+01    6.3059E+01    2.3593E+01    1.9657E+01    2.1196E+01    8.2113E+01    6.0400E+01    1.8672E+01    5.0215E+00    2.0340E+01    7.7429E+00    7.0995E+00   
 9.8973E+01    5.1127E+01    6.3059E+01    2.3593E+01    1.9564E+01    2.1233E+01    8.2113E+01    6.0397E+01    1.8697E+01    5.0623E+00    2.0360E+01    7.7218E+00    7.0995E+00   
 9.9473E+01    5.1129E+01    6.3050E+01    2.3655E+01    1.9621E+01    2.1271E+01    8.2127E+01    6.0419E+01    1.8713E+01    5.0623E+00    2.0176E+01    7.6584E+00    7.1292E+00   
 9.9974E+01    5.1129E+01    6.3041E+01    2.3630E+01    1.9606E+01    2.1310E+01    8.2096E+01    6.0428E+01    1.8751E+01    5.0623E+00    2.0401E+01    7.7482E+00    7.0995E+00   
 1.0055E+02    5.1148E+01    6.3081E+01    2.3615E+01    1.9684E+01    2.1310E+01    8.2083E+01    6.0447E+01    1.8781E+01    5.0419E+00    2.0299E+01    7.8962E+00    7.0697E+00   
 1.0105E+02    5.1154E+01    6.3075E+01    2.3531E+01    1.9684E+01    2.1308E+01    8.2056E+01    6.0435E+01    1.8797E+01    5.0623E+00    2.0319E+01    7.7112E+00    7.0995E+00   
 1.0155E+02    5.1147E+01    6.3120E+01    2.3499E+01    1.9726E+01    2.1326E+01    8.2038E+01    6.0435E+01    1.8790E+01    5.0419E+00    2.0258E+01    7.7059E+00    7.0995E+00   
 1.0205E+02    5.1149E+01    6.3120E+01    2.3499E+01    1.9801E+01    2.1339E+01    8.2038E+01    6.0440E+01    1.8828E+01    5.0419E+00    2.0258E+01    7.8645E+00    7.0995E+00   
 1.0265E+02    5.1157E+01    6.3111E+01    2.3454E+01    1.9784E+01    2.1389E+01    8.2022E+01    6.0451E+01    1.8855E+01    5.0623E+00    2.0299E+01    7.7112E+00    7.0995E+00   
 1.0315E+02    5.1157E+01    6.3114E+01    2.3473E+01    1.9738E+01    2.1387E+01    8.1996E+01    6.0456E+01    1.8855E+01    5.0623E+00    2.0319E+01    7.7112E+00    7.1292E+00   
 1.0365E+02    5.1172E+01    6.3136E+01    2.3544E+01    1.9753E+01    2.1387E+01    8.2001E+01    6.0468E+01    1.8880E+01    5.0826E+00    2.0217E+01    7.7641E+00    7.1587E+00   
 1.0415E+02    5.1159E+01    6.3139E+01    2.3577E+01    1.9732E+01    2.1412E+01    8.2023E+01    6.0468E+01    1.8871E+01    5.0826E+00    2.0238E+01    7.9596E+00    7.0995E+00   
 1.0474E+02    5.1159E+01    6.3142E+01    2.3636E+01    1.9794E+01    2.1429E+01    8.2028E+01    6.0482E+01    1.8907E+01    5.0826E+00    2.0258E+01    7.6689E+00    7.1292E+00   
 1.0524E+02    5.1139E+01    6.3142E+01    2.3636E+01    1.9837E+01    2.1443E+01    8.2028E+01    6.0489E+01    1.8919E+01    5.0826E+00    2.0258E+01    7.7007E+00    7.0995E+00   
 1.0574E+02    5.1153E+01    6.3117E+01    2.3634E+01    1.9811E+01    2.1467E+01    8.2025E+01    6.0485E+01    1.8919E+01    5.1030E+00    2.0360E+01    7.9491E+00    7.0995E+00   
 1.0624E+02    5.1153E+01    6.3147E+01    2.3725E+01    1.9844E+01    2.1461E+01    8.2008E+01    6.0505E+01    1.8933E+01    5.1030E+00    2.0258E+01    7.7852E+00    7.0995E+00   
 1.0683E+02    5.1155E+01    6.3162E+01    2.3626E+01    1.9844E+01    2.1477E+01    8.2028E+01    6.0535E+01    1.8972E+01    5.1030E+00    2.0238E+01    7.9174E+00    7.1292E+00   
 1.0733E+02    5.1138E+01    6.3148E+01    2.3576E+01    1.9815E+01    2.1487E+01    8.2054E+01    6.0535E+01    1.8999E+01    5.1030E+00    2.0238E+01    7.9015E+00    7.0697E+00   
 1.0783E+02    5.1148E+01    6.3148E+01    2.3669E+01    1.9802E+01    2.1497E+01    8.2104E+01    6.0498E+01    1.9019E+01    5.1030E+00    2.0238E+01    7.6742E+00    7.1881E+00   
 1.0833E+02    5.1141E+01    6.3159E+01    2.3685E+01    1.9818E+01    2.1487E+01    8.2104E+01    6.0505E+01    1.9031E+01    5.1030E+00    2.0258E+01    7.6742E+00    7.1292E+00   
 1.0891E+02    5.1145E+01    6.3170E+01    2.3743E+01    1.9851E+01    2.1495E+01    8.2134E+01    6.0513E+01    1.9031E+01    5.1030E+00    2.0176E+01    7.7112E+00    7.0697E+00   
 1.0941E+02    5.1130E+01    6.3168E+01    2.3739E+01    1.9813E+01    2.1485E+01    8.2170E+01    6.0508E+01    1.9066E+01    5.1030E+00    2.0462E+01    7.7376E+00    7.1292E+00   
# Time (s)      T1w (C)       T2w (C)       T1a (C)       T2a (C)       T1r (C)       T2r (C)       T3r (C)       T4r (C)       P1 (bar)      P2 (bar)      Ic (amp)      Qc (l/min)    
 1.0991E+02    5.1126E+01    6.3168E+01    2.3775E+01    1.9813E+01    2.1485E+01    8.2213E+01    6.0510E+01    1.9093E+01    5.0826E+00    2.0156E+01    7.8909E+00    7.0995E+00   
 1.1041E+02    5.1155E+01    6.3181E+01    2.3804E+01    1.9826E+01    2.1437E+01    8.2220E+01    6.0496E+01    1.9111E+01    5.0623E+00    2.0278E+01    7.7799E+00    7.1292E+00   
 1.1103E+02    5.1153E+01    6.3186E+01    2.3833E+01    1.9816E+01    2.1408E+01    8.2210E+01    6.0538E+01    1.9153E+01    5.0826E+00    2.0278E+01    7.9174E+00    7.1292E+00   
 1.1153E+02    5.1141E+01    6.3186E+01    2.3833E+01    1.9868E+01    2.1373E+01    8.2210E+01    6.0544E+01    1.9199E+01    5.1030E+00    2.0217E+01    7.8909E+00    7.1587E+00   
 1.1203E+02    5.1151E+01    6.3197E+01    2.3849E+01    1.9907E+01    2.1293E+01    8.2225E+01    6.0552E+01    1.9199E+01    5.0826E+00    2.0238E+01    7.6795E+00    7.1587E+00   
 1.1253E+02    5.1151E+01    6.3197E+01    2.3852E+01    1.9944E+01    2.1214E+01    8.2227E+01    6.0550E+01    1.9194E+01    5.1030E+00    2.0176E+01    7.6689E+00    7.1292E+00   
 1.1313E+02    5.1153E+01    6.3189E+01    2.3863E+01    1.9944E+01    2.1214E+01    8.2255E+01    6.0571E+01    1.9217E+01    5.1030E+00    2.0340E+01    7.7218E+00    7.1292E+00   
 1.1363E+02    5.1159E+01    6.3204E+01    2.3937E+01    1.9971E+01    2.1085E+01    8.2264E+01    6.0582E+01    1.9219E+01    5.0826E+00    2.0360E+01    7.8962E+00    7.1292E+00   
 1.1413E+02    5.1162E+01    6.3186E+01    2.3885E+01    1.9974E+01    2.0824E+01    8.2291E+01    6.0582E+01    1.9254E+01    5.1030E+00    2.0299E+01    7.6901E+00    7.0697E+00   
 1.1463E+02    5.1159E+01    6.3171E+01    2.3870E+01    2.0008E+01    2.0362E+01    8.2277E+01    6.0576E+01    1.9263E+01    5.1234E+00    2.0360E+01    7.9808E+00    7.0995E+00   
 1.1522E+02    5.1150E+01    6.3192E+01    2.3906E+01    2.0074E+01    2.0004E+01    8.2284E+01    6.0599E+01    1.9310E+01    5.1030E+00    2.0238E+01    7.9385E+00    7.1587E+00   
 1.1572E+02    5.1156E+01    6.3194E+01    2.3947E+01    2.0055E+01    1.9727E+01    8.2271E+01    6.0588E+01    1.9294E+01    5.1234E+00    2.0197E+01    7.9649E+00    7.1292E+00   
 1.1622E+02    5.1156E+01    6.3202E+01    2.3919E+01    2.0055E+01    1.9727E+01    8.2233E+01    6.0577E+01    1.9300E+01    5.1234E+00    2.0299E+01    7.7165E+00    7.1587E+00   
 1.1672E+02    5.1134E+01    6.3183E+01    2.3896E+01    2.0061E+01    1.9483E+01    8.2193E+01    6.0577E+01    1.9319E+01    5.1234E+00    2.0197E+01    7.7007E+00    7.1292E+00   
 1.1730E+02    5.1140E+01    6.3182E+01    2.3822E+01    2.0092E+01    1.9294E+01    8.2175E+01    6.0571E+01    1.9321E+01    5.1234E+00    2.0319E+01    7.7588E+00    7.1292E+00   
 1.1780E+02    5.1136E+01    6.3182E+01    2.3822E+01    2.0100E+01    1.9108E+01    8.2175E+01    6.0528E+01    1.9301E+01    5.1234E+00    2.0462E+01    7.7376E+00    7.0697E+00   
 1.1830E+02    5.1126E+01    6.3195E+01    2.3667E+01    2.0041E+01    1.8945E+01    8.2108E+01    6.0512E+01    1.9301E+01    5.1234E+00    2.0564E+01    8.0019E+00    7.1587E+00   
 1.1880E+02    5.1126E+01    6.3206E+01    2.3718E+01    2.0060E+01    1.8772E+01    8.2074E+01    6.0481E+01    1.9284E+01    5.1030E+00    2.0544E+01    7.8434E+00    7.1292E+00   
 1.1938E+02    5.1139E+01    6.3211E+01    2.3764E+01    2.0060E+01    1.8772E+01    8.2034E+01    6.0446E+01    1.9274E+01    5.1030E+00    2.0503E+01    7.9702E+00    7.0697E+00   
 1.1988E+02    5.1121E+01    6.3210E+01    2.3706E+01    1.9967E+01    1.8611E+01    8.1990E+01    6.0446E+01    1.9233E+01    5.0623E+00    2.0544E+01    7.7271E+00    7.0995E+00   
 1.2038E+02    5.1124E+01    6.3210E+01    2.3573E+01    2.0071E+01    1.8471E+01    8.1955E+01    6.0403E+01    1.9204E+01    5.0826E+00    2.0482E+01    7.7588E+00    7.1587E+00   
 1.2088E+02    5.1130E+01    6.3243E+01    2.3573E+01    2.0019E+01    1.8339E+01    8.1955E+01    6.0334E+01    1.9164E+01    5.1030E+00    2.0625E+01    7.7535E+00    7.1292E+00   
 1.2146E+02    5.1109E+01    6.3261E+01    2.3613E+01    1.9988E+01    1.8212E+01    8.1919E+01    6.0251E+01    1.9164E+01    5.0826E+00    2.0482E+01    7.7271E+00    7.1587E+00   
 1.2196E+02    5.1109E+01    6.3281E+01    2.3656E+01    2.0001E+01    1.8090E+01    8.1917E+01    6.0207E+01    1.9118E+01    5.0826E+00    2.0482E+01    7.7905E+00    7.0995E+00   
 1.2246E+02    5.1126E+01    6.3299E+01    2.3611E+01    2.0001E+01    1.8090E+01    8.1916E+01    6.0122E+01    1.9073E+01    5.0623E+00    2.0482E+01    7.9755E+00    7.0697E+00   
 1.2296E+02    5.1122E+01    6.3324E+01    2.3605E+01    1.9957E+01    1.7993E+01    8.1943E+01    6.0122E+01    1.9004E+01    5.0419E+00    2.0462E+01    7.7694E+00    7.1292E+00   
 1.2354E+02    5.1106E+01    6.3324E+01    2.3622E+01    1.9970E+01    1.7878E+01    8.1987E+01    6.0082E+01    1.8962E+01    5.0215E+00    2.0482E+01    7.8328E+00    7.1292E+00   
 1.2404E+02    5.1117E+01    6.3340E+01    2.3622E+01    1.9919E+01    1.7780E+01    8.1987E+01    6.0022E+01    1.8906E+01    5.0419E+00    2.0482E+01    7.9544E+00    7.1292E+00   
 1.2454E+02    5.1114E+01    6.3370E+01    2.3565E+01    1.9871E+01    1.7680E+01    8.2009E+01    5.9948E+01    1.8906E+01    5.0215E+00    2.0584E+01    8.0072E+00    7.1292E+00   
 1.2504E+02    5.1114E+01    6.3393E+01    2.3584E+01    1.9871E+01    1.7680E+01    8.2026E+01    5.9896E+01    1.8848E+01    5.0215E+00    2.0421E+01    7.9755E+00    7.0995E+00   
# Time (s)      T1w (C)       T2w (C)       T1a (C)       T2a (C)       T1r (C)       T2r (C)       T3r (C)       T4r (C)       P1 (bar)      P2 (bar)      Ic (amp)      Qc (l/min)    
 1.2562E+02    5.1106E+01    6.3415E+01    2.3607E+01    1.9871E+01    1.7597E+01    8.2054E+01    5.9804E+01    1.8800E+01    5.0215E+00    2.0462E+01    7.7376E+00    7.1292E+00   
 1.2612E+02    5.1109E+01    6.3419E+01    2.3605E+01    1.9884E+01    1.7515E+01    8.2055E+01    5.9804E+01    1.8732E+01    5.0419E+00    2.0462E+01    7.8222E+00    7.0697E+00   
 1.2662E+02    5.1106E+01    6.3419E+01    2.3605E+01    1.9856E+01    1.7431E+01    8.2055E+01    5.9737E+01    1.8670E+01    5.0011E+00    2.0503E+01    7.7482E+00    7.0995E+00   
 1.2712E+02    5.1121E+01    6.3442E+01    2.3586E+01    1.9739E+01    1.7365E+01    8.2061E+01    5.9658E+01    1.8613E+01    5.0419E+00    2.0442E+01    7.7641E+00    7.1292E+00   
 1.2771E+02    5.1109E+01    6.3439E+01    2.3617E+01    1.9758E+01    1.7286E+01    8.2101E+01    5.9567E+01    1.8613E+01    5.0215E+00    2.0564E+01    8.0495E+00    7.1292E+00   
 1.2821E+02    5.1109E+01    6.3460E+01    2.3638E+01    1.9758E+01    1.7286E+01    8.2122E+01    5.9463E+01    1.8548E+01    5.0011E+00    2.0666E+01    8.0442E+00    7.1292E+00   
 1.2871E+02    5.1102E+01    6.3474E+01    2.3643E+01    1.9760E+01    1.7224E+01    8.2153E+01    5.9478E+01    1.8511E+01    4.9604E+00    2.0564E+01    7.7376E+00    7.0995E+00   
 1.2921E+02    5.1099E+01    6.3502E+01    2.3645E+01    1.9687E+01    1.7150E+01    8.2140E+01    5.9387E+01    1.8452E+01    4.9604E+00    2.0646E+01    7.7429E+00    7.1292E+00   
 1.2979E+02    5.1106E+01    6.3502E+01    2.3645E+01    1.9617E+01    1.7078E+01    8.2140E+01    5.9310E+01    1.8408E+01    4.9808E+00    2.0605E+01    7.7429E+00    7.1292E+00   
 1.3029E+02    5.1098E+01    6.3505E+01    2.3689E+01    1.9617E+01    1.7008E+01    8.2133E+01    5.9227E+01    1.8317E+01    4.9808E+00    2.0707E+01    7.8645E+00    7.1292E+00   
 1.3079E+02    5.1098E+01    6.3524E+01    2.3697E+01    1.9606E+01    1.6953E+01    8.2133E+01    5.9151E+01    1.8333E+01    4.9808E+00    2.0584E+01    8.0442E+00    7.1292E+00   
 1.3129E+02    5.1116E+01    6.3536E+01    2.3750E+01    1.9606E+01    1.6953E+01    8.2138E+01    5.9067E+01    1.8287E+01    4.9400E+00    2.0523E+01    7.7271E+00    7.1292E+00   
 1.3187E+02    5.1100E+01    6.3532E+01    2.3750E+01    1.9539E+01    1.6887E+01    8.2150E+01    5.8976E+01    1.8241E+01    4.9400E+00    2.0503E+01    8.0231E+00    7.1587E+00   
 1.3237E+02    5.1102E+01    6.3548E+01    2.3820E+01    1.9480E+01    1.6824E+01    8.2160E+01    5.8976E+01    1.8184E+01    4.9400E+00    2.0503E+01    8.0178E+00    7.1292E+00   
 1.3287E+02    5.1102E+01    6.3548E+01    2.3820E+01    1.9485E+01    1.6767E+01    8.2160E+01    5.8883E+01    1.8134E+01    4.9604E+00    2.0544E+01    7.7324E+00    7.0697E+00   
 1.3337E+02    5.1101E+01    6.3549E+01    2.3931E+01    1.9414E+01    1.6700E+01    8.2172E+01    5.8819E+01    1.8134E+01    4.9196E+00    2.0503E+01    7.7271E+00    7.1292E+00   
 1.3397E+02    5.1089E+01    6.3559E+01    2.3950E+01    1.9223E+01    1.6652E+01    8.2231E+01    5.8732E+01    1.8060E+01    4.9196E+00    2.0788E+01    7.9226E+00    7.0995E+00   
 1.3447E+02    5.1089E+01    6.3566E+01    2.3996E+01    1.9223E+01    1.6652E+01    8.2272E+01    5.8682E+01    1.8012E+01    4.9400E+00    2.0829E+01    8.0336E+00    7.0697E+00   
 1.3497E+02    5.1105E+01    6.3580E+01    2.3982E+01    1.9211E+01    1.6587E+01    8.2317E+01    5.8667E+01    1.7933E+01    4.9196E+00    2.0768E+01    7.7324E+00    7.0697E+00   
 1.3547E+02    5.1095E+01    6.3580E+01    2.3882E+01    1.9157E+01    1.6549E+01    8.2364E+01    5.8565E+01    1.7871E+01    4.9196E+00    2.0727E+01    8.0231E+00    7.0995E+00   
 1.3606E+02    5.1086E+01    6.3570E+01    2.3882E+01    1.9160E+01    1.6520E+01    8.2364E+01    5.8474E+01    1.7795E+01    4.8993E+00    2.0523E+01    7.8116E+00    7.1292E+00   
 1.3656E+02    5.1086E+01    6.3579E+01    2.3826E+01    1.9182E+01    1.6467E+01    8.2413E+01    5.8395E+01    1.7707E+01    4.8993E+00    2.0625E+01    7.9068E+00    7.1587E+00   
 1.3706E+02    5.1086E+01    6.3574E+01    2.3919E+01    1.9159E+01    1.6450E+01    8.2428E+01    5.8311E+01    1.7707E+01    4.8789E+00    2.0523E+01    7.8856E+00    7.1881E+00   
 1.3756E+02    5.1089E+01    6.3591E+01    2.3983E+01    1.9159E+01    1.6450E+01    8.2439E+01    5.8222E+01    1.7660E+01    4.8789E+00    2.0584E+01    7.8486E+00    7.0995E+00   
 1.3814E+02    5.1087E+01    6.3574E+01    2.3968E+01    1.9119E+01    1.6425E+01    8.2458E+01    5.8222E+01    1.7626E+01    4.8382E+00    2.0584E+01    7.7376E+00    7.1587E+00   
 1.3864E+02    5.1074E+01    6.3583E+01    2.4008E+01    1.9201E+01    1.6450E+01    8.2486E+01    5.8165E+01    1.7565E+01    4.8789E+00    2.0523E+01    7.9015E+00    7.0697E+00   
 1.3914E+02    5.1098E+01    6.3583E+01    2.4008E+01    1.9082E+01    1.6438E+01    8.2486E+01    5.8096E+01    1.7519E+01    4.8585E+00    2.0625E+01    7.7007E+00    7.1587E+00   
 1.3964E+02    5.1083E+01    6.3577E+01    2.4003E+01    1.9068E+01    1.6508E+01    8.2545E+01    5.8034E+01    1.7535E+01    4.8585E+00    2.0584E+01    7.7007E+00    7.0995E+00   
 1.4022E+02    5.1083E+01    6.3575E+01    2.4043E+01    1.9063E+01    1.6537E+01    8.2582E+01    5.8003E+01    1.7488E+01    4.8178E+00    2.0788E+01    7.7641E+00    7.0995E+00   
 1.4072E+02    5.1070E+01    6.3578E+01    2.4021E+01    1.9063E+01    1.6553E+01    8.2623E+01    5.7974E+01    1.7436E+01    4.8382E+00    2.0768E+01    7.7112E+00    7.0995E+00   
# Time (s)      T1w (C)       T2w (C)       T1a (C)       T2a (C)       T1r (C)       T2r (C)       T3r (C)       T4r (C)       P1 (bar)      P2 (bar)      Ic (amp)      Qc (l/min)    
 1.4122E+02    5.1085E+01    6.3569E+01    2.3958E+01    1.8998E+01    1.6598E+01    8.2632E+01    5.7974E+01    1.7378E+01    4.7974E+00    2.0707E+01    7.8645E+00    7.1292E+00   
 1.4172E+02    5.1076E+01    6.3569E+01    2.3958E+01    1.8969E+01    1.6679E+01    8.2646E+01    5.7971E+01    1.7354E+01    4.8178E+00    2.0707E+01    7.8434E+00    7.0995E+00   
 1.4230E+02    5.1083E+01    6.3563E+01    2.3861E+01    1.8887E+01    1.6763E+01    8.2673E+01    5.7928E+01    1.7293E+01    4.8178E+00    2.0646E+01    7.7271E+00    7.0995E+00   
 1.4280E+02    5.1076E+01    6.3548E+01    2.3827E+01    1.9003E+01    1.6830E+01    8.2692E+01    5.7893E+01    1.7293E+01    4.7974E+00    2.0666E+01    7.8804E+00    7.1292E+00   
 1.4330E+02    5.1076E+01    6.3546E+01    2.3834E+01    1.9003E+01    1.6830E+01    8.2701E+01    5.7845E+01    1.7231E+01    4.7770E+00    2.0544E+01    7.7641E+00    7.1292E+00   
 1.4380E+02    5.1060E+01    6.3530E+01    2.3993E+01    1.8888E+01    1.6921E+01    8.2688E+01    5.7859E+01    1.7189E+01    4.7974E+00    2.0421E+01    7.7958E+00    7.0995E+00   
 1.4438E+02    5.1069E+01    6.3509E+01    2.4023E+01    1.8875E+01    1.7003E+01    8.2685E+01    5.7859E+01    1.7157E+01    4.7567E+00    2.0401E+01    7.6954E+00    7.1292E+00   
 1.4488E+02    5.1083E+01    6.3523E+01    2.4038E+01    1.8871E+01    1.7101E+01    8.2685E+01    5.7871E+01    1.7143E+01    4.7770E+00    2.0401E+01    7.7059E+00    7.0995E+00   
 1.4538E+02    5.1072E+01    6.3523E+01    2.4182E+01    1.8923E+01    1.7196E+01    8.2688E+01    5.7868E+01    1.7124E+01    4.7567E+00    2.0544E+01    7.9174E+00    7.1587E+00   
 1.4588E+02    5.1086E+01    6.3498E+01    2.4337E+01    1.8861E+01    1.7306E+01    8.2684E+01    5.7873E+01    1.7124E+01    4.7974E+00    2.0340E+01    7.9279E+00    7.0995E+00   
 1.4646E+02    5.1086E+01    6.3465E+01    2.4455E+01    1.8861E+01    1.7306E+01    8.2701E+01    5.7874E+01    1.7116E+01    4.7567E+00    2.0278E+01    7.6742E+00    7.1587E+00   
 1.4696E+02    5.1076E+01    6.3435E+01    2.4381E+01    1.8899E+01    1.7393E+01    8.2671E+01    5.7897E+01    1.7109E+01    4.7770E+00    2.0278E+01    7.8539E+00    7.0995E+00   
 1.4746E+02    5.1072E+01    6.3405E+01    2.4246E+01    1.8826E+01    1.7489E+01    8.2646E+01    5.7897E+01    1.7107E+01    4.7567E+00    2.0258E+01    7.7112E+00    7.1587E+00   
 1.4796E+02    5.1092E+01    6.3420E+01    2.4262E+01    1.8843E+01    1.7616E+01    8.2646E+01    5.7950E+01    1.7099E+01    4.7770E+00    2.0299E+01    7.8064E+00    7.0995E+00   
 1.4855E+02    5.1070E+01    6.3395E+01    2.4200E+01    1.8828E+01    1.7711E+01    8.2603E+01    5.8002E+01    1.7111E+01    4.7567E+00    2.0340E+01    7.8645E+00    7.1292E+00   
 1.4905E+02    5.1091E+01    6.3354E+01    2.4099E+01    1.8826E+01    1.7805E+01    8.2583E+01    5.8066E+01    1.7111E+01    4.7567E+00    2.0380E+01    7.8804E+00    7.1292E+00   
 1.4955E+02    5.1091E+01    6.3335E+01    2.4072E+01    1.8826E+01    1.7805E+01    8.2563E+01    5.8124E+01    1.7107E+01    4.7567E+00    2.0380E+01    7.7112E+00    7.0995E+00   
 1.5005E+02    5.1083E+01    6.3324E+01    2.4019E+01    1.8847E+01    1.7909E+01    8.2556E+01    5.8124E+01    1.7128E+01    4.7770E+00    2.0278E+01    7.6319E+00    7.0995E+00   
 1.5066E+02    5.1091E+01    6.3308E+01    2.4026E+01    1.8860E+01    1.8007E+01    8.2541E+01    5.8194E+01    1.7134E+01    4.7770E+00    2.0197E+01    7.8486E+00    7.1292E+00   
 1.5116E+02    5.1107E+01    6.3322E+01    2.4042E+01    1.8931E+01    1.8119E+01    8.2541E+01    5.8221E+01    1.7148E+01    4.7567E+00    2.0380E+01    7.6848E+00    7.1292E+00   
 1.5166E+02    5.1098E+01    6.3293E+01    2.3994E+01    1.8923E+01    1.8222E+01    8.2537E+01    5.8309E+01    1.7199E+01    4.7770E+00    2.0156E+01    7.6161E+00    7.1292E+00   
 1.5216E+02    5.1098E+01    6.3270E+01    2.3961E+01    1.8854E+01    1.8326E+01    8.2525E+01    5.8406E+01    1.7199E+01    4.7567E+00    2.0238E+01    7.7958E+00    7.0995E+00   
 1.5274E+02    5.1115E+01    6.3268E+01    2.3975E+01    1.8870E+01    1.8326E+01    8.2531E+01    5.8461E+01    1.7217E+01    4.7770E+00    2.0401E+01    7.6002E+00    7.0398E+00   
 1.5324E+02    5.1101E+01    6.3244E+01    2.3982E+01    1.8887E+01    1.8418E+01    8.2495E+01    5.8543E+01    1.7252E+01    4.7770E+00    2.0319E+01    7.6055E+00    7.0995E+00   
 1.5374E+02    5.1105E+01    6.3221E+01    2.3982E+01    1.8927E+01    1.8517E+01    8.2469E+01    5.8543E+01    1.7289E+01    4.7974E+00    2.0340E+01    7.6108E+00    7.0697E+00   
 1.5424E+02    5.1106E+01    6.3221E+01    2.3903E+01    1.8898E+01    1.8601E+01    8.2469E+01    5.8627E+01    1.7325E+01    4.7770E+00    2.0340E+01    7.8751E+00    7.0697E+00   
 1.5485E+02    5.1104E+01    6.3195E+01    2.3902E+01    1.8976E+01    1.8688E+01    8.2456E+01    5.8673E+01    1.7346E+01    4.7974E+00    2.0136E+01    7.8275E+00    7.0995E+00   
 1.5535E+02    5.1112E+01    6.3175E+01    2.3898E+01    1.9015E+01    1.8782E+01    8.2459E+01    5.8751E+01    1.7346E+01    4.7770E+00    2.0340E+01    7.8486E+00    7.1292E+00   
 1.5585E+02    5.1112E+01    6.3168E+01    2.3879E+01    1.9015E+01    1.8766E+01    8.2453E+01    5.8814E+01    1.7374E+01    4.8178E+00    2.0217E+01    7.6478E+00    7.1292E+00   
 1.5635E+02    5.1110E+01    6.3144E+01    2.3940E+01    1.9023E+01    1.8855E+01    8.2447E+01    5.8876E+01    1.7427E+01    4.8178E+00    2.0278E+01    7.6848E+00    7.0995E+00   
# Time (s)      T1w (C)       T2w (C)       T1a (C)       T2a (C)       T1r (C)       T2r (C)       T3r (C)       T4r (C)       P1 (bar)      P2 (bar)      Ic (amp)      Qc (l/min)    
 1.5695E+02    5.1101E+01    6.3138E+01    2.3940E+01    1.9053E+01    1.8946E+01    8.2415E+01    5.8876E+01    1.7456E+01    4.8178E+00    2.0258E+01    7.6214E+00    7.1292E+00   
 1.5745E+02    5.1109E+01    6.3138E+01    2.3940E+01    1.9084E+01    1.9027E+01    8.2415E+01    5.8980E+01    1.7487E+01    4.8178E+00    2.0299E+01    7.8328E+00    7.0697E+00   
 1.5795E+02    5.1105E+01    6.3125E+01    2.3912E+01    1.9109E+01    1.9107E+01    8.2407E+01    5.9043E+01    1.7500E+01    4.8178E+00    2.0278E+01    7.6531E+00    7.1292E+00   
 1.5845E+02    5.1111E+01    6.3126E+01    2.3972E+01    1.9073E+01    1.9189E+01    8.2410E+01    5.9115E+01    1.7500E+01    4.7974E+00    2.0340E+01    7.6478E+00    7.0697E+00   
 1.5903E+02    5.1111E+01    6.3104E+01    2.3929E+01    1.9073E+01    1.9173E+01    8.2379E+01    5.9165E+01    1.7480E+01    4.8178E+00    2.0156E+01    7.5949E+00    7.0995E+00   
 1.5953E+02    5.1105E+01    6.3082E+01    2.3918E+01    1.9140E+01    1.9263E+01    8.2373E+01    5.9227E+01    1.7499E+01    4.8178E+00    2.0176E+01    7.6848E+00    7.0697E+00   
 1.6003E+02    5.1124E+01    6.3093E+01    2.3918E+01    1.9096E+01    1.9327E+01    8.2367E+01    5.9227E+01    1.7524E+01    4.7974E+00    2.0258E+01    7.6214E+00    7.0697E+00   
 1.6053E+02    5.1117E+01    6.3093E+01    2.3855E+01    1.9157E+01    1.9417E+01    8.2367E+01    5.9310E+01    1.7537E+01    4.8382E+00    2.0156E+01    7.6267E+00    7.1292E+00   
 1.6112E+02    5.1105E+01    6.3073E+01    2.3826E+01    1.9182E+01    1.9490E+01    8.2324E+01    5.9392E+01    1.7544E+01    4.7974E+00    2.0340E+01    7.8909E+00    7.1292E+00   
 1.6162E+02    5.1117E+01    6.3066E+01    2.3830E+01    1.9102E+01    1.9557E+01    8.2297E+01    5.9442E+01    1.7544E+01    4.8178E+00    2.0115E+01    7.7958E+00    7.0697E+00   
 1.6212E+02    5.1117E+01    6.3050E+01    2.3857E+01    1.9102E+01    1.9557E+01    8.2272E+01    5.9502E+01    1.7569E+01    4.8382E+00    2.0176E+01    7.6055E+00    7.0697E+00   
 1.6262E+02    5.1132E+01    6.3053E+01    2.3889E+01    1.9169E+01    1.9644E+01    8.2248E+01    5.9567E+01    1.7586E+01    4.8178E+00    2.0197E+01    7.8222E+00    7.0995E+00   
 1.6320E+02    5.1143E+01    6.3053E+01    2.3862E+01    1.9296E+01    1.9730E+01    8.2251E+01    5.9582E+01    1.7633E+01    4.8178E+00    2.0136E+01    7.5949E+00    7.0697E+00   
 1.6370E+02    5.1137E+01    6.3053E+01    2.3862E+01    1.9341E+01    1.9804E+01    8.2251E+01    5.9644E+01    1.7643E+01    4.8585E+00    2.0217E+01    7.6055E+00    7.0697E+00   
 1.6420E+02    5.1144E+01    6.3035E+01    2.3855E+01    1.9324E+01    1.9851E+01    8.2260E+01    5.9699E+01    1.7643E+01    4.8382E+00    2.0319E+01    7.8064E+00    7.0398E+00   
 1.6470E+02    5.1144E+01    6.3039E+01    2.3861E+01    1.9324E+01    1.9851E+01    8.2273E+01    5.9756E+01    1.7674E+01    4.8585E+00    2.0095E+01    7.8222E+00    7.0995E+00   
 1.6529E+02    5.1157E+01    6.3040E+01    2.3922E+01    1.9314E+01    1.9929E+01    8.2294E+01    5.9836E+01    1.7703E+01    4.8789E+00    2.0360E+01    7.7324E+00    7.0697E+00   
 1.6579E+02    5.1148E+01    6.3033E+01    2.3898E+01    1.9348E+01    2.0005E+01    8.2288E+01    5.9870E+01    1.7733E+01    4.8993E+00    2.0238E+01    7.7059E+00    7.0995E+00   
 1.6629E+02    5.1151E+01    6.3033E+01    2.3898E+01    1.9323E+01    2.0070E+01    8.2292E+01    5.9870E+01    1.7773E+01    4.8993E+00    2.0238E+01    7.6214E+00    7.0995E+00   
 1.6679E+02    5.1139E+01    6.3014E+01    2.3950E+01    1.9366E+01    2.0114E+01    8.2278E+01    5.9935E+01    1.7797E+01    4.8789E+00    2.0319E+01    7.6108E+00    7.0995E+00   
 1.6739E+02    5.1140E+01    6.3020E+01    2.3965E+01    1.9426E+01    2.0183E+01    8.2258E+01    5.9987E+01    1.7823E+01    4.8993E+00    2.0258E+01    7.7641E+00    7.0995E+00   
 1.6789E+02    5.1140E+01    6.3004E+01    2.3989E+01    1.9426E+01    2.0230E+01    8.2258E+01    6.0052E+01    1.7823E+01    4.9196E+00    2.0278E+01    7.9121E+00    7.1292E+00   
 1.6839E+02    5.1157E+01    6.3008E+01    2.3931E+01    1.9407E+01    2.0230E+01    8.2255E+01    6.0077E+01    1.7854E+01    4.8993E+00    2.0340E+01    7.6214E+00    7.1292E+00   
 1.6889E+02    5.1134E+01    6.3000E+01    2.3849E+01    1.9309E+01    2.0273E+01    8.2224E+01    6.0063E+01    1.7884E+01    4.8993E+00    2.0299E+01    7.6055E+00    7.0995E+00   
 1.6946E+02    5.1133E+01    6.3002E+01    2.3849E+01    1.9453E+01    2.0347E+01    8.2223E+01    6.0101E+01    1.7916E+01    4.9196E+00    2.0156E+01    7.6161E+00    7.0697E+00   
 1.6996E+02    5.1143E+01    6.3002E+01    2.3865E+01    1.9428E+01    2.0379E+01    8.2209E+01    6.0105E+01    1.7940E+01    4.9400E+00    2.0074E+01    7.6161E+00    7.0995E+00   
 1.7046E+02    5.1138E+01    6.3004E+01    2.3841E+01    1.9324E+01    2.0431E+01    8.2220E+01    6.0143E+01    1.7940E+01    4.9400E+00    2.0278E+01    7.8064E+00    7.1292E+00   
 1.7096E+02    5.1138E+01    6.2991E+01    2.3825E+01    1.9324E+01    2.0431E+01    8.2241E+01    6.0188E+01    1.7971E+01    4.9400E+00    2.0156E+01    7.8116E+00    7.0995E+00   
 1.7156E+02    5.1149E+01    6.2999E+01    2.3744E+01    1.9391E+01    2.0487E+01    8.2247E+01    6.0189E+01    1.8016E+01    4.9400E+00    2.0136E+01    7.6372E+00    7.0995E+00   
 1.7206E+02    5.1139E+01    6.3009E+01    2.3787E+01    1.9470E+01    2.0547E+01    8.2213E+01    6.0189E+01    1.8065E+01    4.9604E+00    2.0156E+01    7.9174E+00    7.1292E+00   
# Time (s)      T1w (C)       T2w (C)       T1a (C)       T2a (C)       T1r (C)       T2r (C)       T3r (C)       T4r (C)       P1 (bar)      P2 (bar)      Ic (amp)      Qc (l/min)    
 1.7256E+02    5.1146E+01    6.3009E+01    2.3787E+01    1.9517E+01    2.0590E+01    8.2213E+01    6.0234E+01    1.8115E+01    4.9604E+00    2.0299E+01    7.7905E+00    7.0995E+00   
 1.7306E+02    5.1146E+01    6.3000E+01    2.3860E+01    1.9534E+01    2.0653E+01    8.2217E+01    6.0265E+01    1.8140E+01    4.9808E+00    2.0278E+01    7.6372E+00    7.0995E+00   
 1.7364E+02    5.1160E+01    6.3015E+01    2.3933E+01    1.9421E+01    2.0699E+01    8.2200E+01    6.0281E+01    1.8140E+01    4.9604E+00    2.0136E+01    7.9121E+00    7.0697E+00   
 1.7414E+02    5.1160E+01    6.3015E+01    2.3967E+01    1.9421E+01    2.0699E+01    8.2179E+01    6.0300E+01    1.8181E+01    4.9604E+00    2.0176E+01    7.9226E+00    7.0995E+00   
 1.7464E+02    5.1166E+01    6.3036E+01    2.4257E+01    1.9513E+01    2.0747E+01    8.2161E+01    6.0308E+01    1.8213E+01    4.9808E+00    2.0095E+01    7.6372E+00    7.1587E+00   
 1.7515E+02    5.1154E+01    6.3052E+01    2.4203E+01    1.9380E+01    2.0787E+01    8.2132E+01    6.0308E+01    1.8259E+01    4.9604E+00    2.0176E+01    7.6267E+00    7.0995E+00   
 1.7576E+02    5.1163E+01    6.3048E+01    2.4203E+01    1.9484E+01    2.0833E+01    8.2142E+01    6.0322E+01    1.8291E+01    4.9808E+00    2.0176E+01    7.6531E+00    7.0697E+00   
 1.7626E+02    5.1165E+01    6.3048E+01    2.4049E+01    1.9554E+01    2.0855E+01    8.2128E+01    6.0322E+01    1.8308E+01    5.0011E+00    2.0238E+01    7.8064E+00    7.0995E+00   
 1.7676E+02    5.1159E+01    6.3040E+01    2.3886E+01    1.9456E+01    2.0899E+01    8.2134E+01    6.0344E+01    1.8308E+01    5.0011E+00    2.0197E+01    7.7746E+00    7.0995E+00   
 1.7726E+02    5.1159E+01    6.3043E+01    2.3802E+01    1.9456E+01    2.0883E+01    8.2141E+01    6.0342E+01    1.8360E+01    5.0215E+00    2.0156E+01    7.7694E+00    7.0995E+00   
 1.7783E+02    5.1163E+01    6.3055E+01    2.3802E+01    1.9420E+01    2.0927E+01    8.2140E+01    6.0341E+01    1.8368E+01    5.0215E+00    2.0299E+01    7.6478E+00    7.0995E+00   
 1.7833E+02    5.1176E+01    6.3060E+01    2.3758E+01    1.9405E+01    2.0959E+01    8.2160E+01    6.0341E+01    1.8409E+01    5.0011E+00    2.0340E+01    7.6478E+00    7.0995E+00   
 1.7883E+02    5.1164E+01    6.3060E+01    2.3758E+01    1.9519E+01    2.0998E+01    8.2160E+01    6.0356E+01    1.8433E+01    5.0215E+00    2.0319E+01    7.9332E+00    7.1292E+00   
 1.7933E+02    5.1161E+01    6.3052E+01    2.3743E+01    1.9583E+01    2.1031E+01    8.2186E+01    6.0336E+01    1.8473E+01    5.0215E+00    2.0360E+01    7.9544E+00    7.0697E+00   
 1.7992E+02    5.1156E+01    6.3057E+01    2.3806E+01    1.9590E+01    2.1045E+01    8.2171E+01    6.0316E+01    1.8484E+01    5.0419E+00    2.0319E+01    7.6584E+00    7.1292E+00   
 1.8043E+02    5.1156E+01    6.3064E+01    2.3814E+01    1.9590E+01    2.1045E+01    8.2135E+01    6.0351E+01    1.8484E+01    5.0011E+00    2.0360E+01    7.6637E+00    7.0995E+00   
 1.8093E+02    5.1156E+01    6.3075E+01    2.3831E+01    1.9615E+01    2.1070E+01    8.2128E+01    6.0345E+01    1.8509E+01    5.0623E+00    2.0176E+01    7.7588E+00    7.1292E+00   
 1.8143E+02    5.1152E+01    6.3080E+01    2.3831E+01    1.9565E+01    2.1110E+01    8.2109E+01    6.0345E+01    1.8540E+01    5.0419E+00    2.0299E+01    7.7852E+00    7.0995E+00   
 1.8201E+02    5.1154E+01    6.3080E+01    2.3826E+01    1.9629E+01    2.1126E+01    8.2109E+01    6.0353E+01    1.8583E+01    5.0419E+00    2.0136E+01    7.8804E+00    7.1587E+00   
 1.8251E+02    5.1169E+01    6.3069E+01    2.3856E+01    1.9567E+01    2.1156E+01    8.2127E+01    6.0338E+01    1.8604E+01    5.0419E+00    2.0380E+01    7.9385E+00    7.0995E+00   
 1.8301E+02    5.1177E+01    6.3097E+01    2.3907E+01    1.9667E+01    2.1178E+01    8.2143E+01    6.0334E+01    1.8604E+01    5.0215E+00    2.0238E+01    7.6689E+00    7.0697E+00   
 1.8351E+02    5.1177E+01    6.3094E+01    2.3915E+01    1.9667E+01    2.1178E+01    8.2193E+01    6.0362E+01    1.8620E+01    5.0419E+00    2.0136E+01    7.6637E+00    7.1292E+00   
 1.8411E+02    5.1180E+01    6.3113E+01    2.3896E+01    1.9594E+01    2.1215E+01    8.2182E+01    6.0385E+01    1.8656E+01    5.0419E+00    2.0136E+01    7.8856E+00    7.0697E+00   
 1.8461E+02    5.1174E+01    6.3110E+01    2.3887E+01    1.9602E+01    2.1240E+01    8.2174E+01    6.0385E+01    1.8698E+01    5.0623E+00    2.0095E+01    7.9332E+00    7.0995E+00   
 1.8511E+02    5.1169E+01    6.3110E+01    2.3887E+01    1.9593E+01    2.1261E+01    8.2174E+01    6.0393E+01    1.8741E+01    5.0419E+00    2.0176E+01    7.6637E+00    7.0995E+00   
 1.8561E+02    5.1169E+01    6.3121E+01    2.3862E+01    1.9642E+01    2.1279E+01    8.2158E+01    6.0411E+01    1.8754E+01    5.0623E+00    2.0156E+01    7.6795E+00    7.0697E+00   
 1.8618E+02    5.1171E+01    6.3126E+01    2.3805E+01    1.9664E+01    2.1294E+01    8.2155E+01    6.0415E+01    1.8754E+01    5.0419E+00    2.0136E+01    7.7059E+00    7.0697E+00   
 1.8668E+02    5.1171E+01    6.3120E+01    2.3775E+01    1.9664E+01    2.1294E+01    8.2134E+01    6.0403E+01    1.8782E+01    5.0623E+00    2.0238E+01    7.6689E+00    7.0995E+00   
 1.8718E+02    5.1163E+01    6.3126E+01    2.3773E+01    1.9747E+01    2.1313E+01    8.2129E+01    6.0413E+01    1.8807E+01    5.0623E+00    2.0299E+01    7.6848E+00    7.1292E+00   
 1.8768E+02    5.1170E+01    6.3141E+01    2.3773E+01    1.9723E+01    2.1330E+01    8.2129E+01    6.0413E+01    1.8831E+01    5.0623E+00    2.0380E+01    7.7007E+00    7.0995E+00   
# Time (s)      T1w (C)       T2w (C)       T1a (C)       T2a (C)       T1r (C)       T2r (C)       T3r (C)       T4r (C)       P1 (bar)      P2 (bar)      Ic (amp)      Qc (l/min)    
 1.8828E+02    5.1174E+01    6.3141E+01    2.3770E+01    1.9672E+01    2.1343E+01    8.2089E+01    6.0392E+01    1.8843E+01    5.0623E+00    2.0278E+01    7.7059E+00    7.0995E+00   
 1.8878E+02    5.1166E+01    6.3133E+01    2.3833E+01    1.9704E+01    2.1381E+01    8.2083E+01    6.0395E+01    1.8867E+01    5.0623E+00    2.0238E+01    7.9226E+00    7.1292E+00   
 1.8928E+02    5.1142E+01    6.3135E+01    2.3808E+01    1.9689E+01    2.1378E+01    8.2070E+01    6.0403E+01    1.8867E+01    5.0826E+00    2.0197E+01    7.7218E+00    7.0697E+00   
 1.8978E+02    5.1142E+01    6.3140E+01    2.3833E+01    1.9802E+01    2.1378E+01    8.2080E+01    6.0416E+01    1.8890E+01    5.1030E+00    2.0197E+01    7.6689E+00    7.1587E+00   
 1.9035E+02    5.1167E+01    6.3152E+01    2.3812E+01    1.9772E+01    2.1390E+01    8.2070E+01    6.0419E+01    1.8908E+01    5.1030E+00    2.0238E+01    7.6637E+00    7.1292E+00   
 1.9085E+02    5.1158E+01    6.3151E+01    2.3812E+01    1.9734E+01    2.1405E+01    8.2099E+01    6.0419E+01    1.8917E+01    5.1030E+00    2.0299E+01    7.6848E+00    7.1292E+00   
 1.9135E+02    5.1156E+01    6.3137E+01    2.3807E+01    1.9692E+01    2.1389E+01    8.2099E+01    6.0431E+01    1.8907E+01    5.1030E+00    2.0258E+01    7.9121E+00    7.0995E+00   
 1.9185E+02    5.1142E+01    6.3149E+01    2.3858E+01    1.9758E+01    2.1393E+01    8.2119E+01    6.0417E+01    1.8943E+01    5.1030E+00    2.0197E+01    7.9385E+00    7.1587E+00   
 1.9245E+02    5.1122E+01    6.3135E+01    2.3882E+01    1.9742E+01    2.1397E+01    8.2143E+01    6.0441E+01    1.8943E+01    5.1030E+00    2.0278E+01    7.6848E+00    7.0995E+00   
 1.9295E+02    5.1122E+01    6.3137E+01    2.3861E+01    1.9843E+01    2.1397E+01    8.2138E+01    6.0441E+01    1.8958E+01    5.0826E+00    2.0176E+01    7.6901E+00    7.0697E+00   
 1.9345E+02    5.1122E+01    6.3154E+01    2.3917E+01    1.9824E+01    2.1404E+01    8.2127E+01    6.0419E+01    1.8982E+01    5.0826E+00    2.0278E+01    7.8909E+00    7.0995E+00   
 1.9395E+02    5.1122E+01    6.3152E+01    2.3917E+01    1.9794E+01    2.1371E+01    8.2127E+01    6.0419E+01    1.9036E+01    5.0826E+00    2.0258E+01    7.7007E+00    7.0995E+00   
 1.9452E+02    5.1128E+01    6.3137E+01    2.3873E+01    1.9826E+01    2.1335E+01    8.2127E+01    6.0438E+01    1.9082E+01    5.0419E+00    2.0299E+01    7.6848E+00    7.0697E+00   
 1.9502E+02    5.1094E+01    6.3162E+01    2.3870E+01    1.9873E+01    2.1285E+01    8.2132E+01    6.0474E+01    1.9110E+01    5.0419E+00    2.0421E+01    7.6742E+00    7.0995E+00   
 1.9552E+02    5.1109E+01    6.3149E+01    2.3818E+01    1.9873E+01    2.1285E+01    8.2120E+01    6.0470E+01    1.9110E+01    5.1030E+00    2.0176E+01    7.7694E+00    7.1587E+00   
 1.9602E+02    5.1135E+01    6.3175E+01    2.3776E+01    1.9813E+01    2.1112E+01    8.2129E+01    6.0467E+01    1.9136E+01    5.1030E+00    2.0360E+01    7.9491E+00    7.1587E+00   
 1.9662E+02    5.1109E+01    6.3163E+01    2.3750E+01    1.9818E+01    2.0725E+01    8.2185E+01    6.0467E+01    1.9173E+01    5.1030E+00    2.0340E+01    7.6901E+00    7.0995E+00   
 1.9712E+02    5.1120E+01    6.3180E+01    2.3750E+01    1.9870E+01    2.0299E+01    8.2199E+01    6.0481E+01    1.9230E+01    5.1030E+00    2.0360E+01    7.6954E+00    7.0995E+00   
 1.9762E+02    5.1125E+01    6.3180E+01    2.3730E+01    1.9836E+01    1.9973E+01    8.2234E+01    6.0514E+01    1.9245E+01    5.1030E+00    2.0319E+01    7.9808E+00    7.0697E+00   
 1.9812E+02    5.1121E+01    6.3161E+01    2.3734E+01    1.9890E+01    1.9699E+01    8.2251E+01    6.0529E+01    1.9245E+01    5.1234E+00    2.0360E+01    7.8856E+00    7.1292E+00   
 1.9869E+02    5.1119E+01    6.3170E+01    2.3754E+01    1.9890E+01    1.9699E+01    8.2252E+01    6.0544E+01    1.9271E+01    5.1030E+00    2.0442E+01    7.8222E+00    7.1587E+00   
 1.9919E+02    5.1119E+01    6.3160E+01    2.3805E+01    1.9934E+01    1.9475E+01    8.2233E+01    6.0530E+01    1.9280E+01    5.1030E+00    2.0421E+01    7.8486E+00    7.1587E+00   
 1.9969E+02    5.1137E+01    6.3180E+01    2.3805E+01    1.9955E+01    1.9262E+01    8.2219E+01    6.0530E+01    1.9298E+01    5.1030E+00    2.0462E+01    7.8434E+00    7.0697E+00   
 2.0019E+02    5.1149E+01    6.3194E+01    2.3869E+01    2.0000E+01    1.9093E+01    8.2233E+01    6.0529E+01    1.9329E+01    5.1030E+00    2.0482E+01    7.8169E+00    7.1587E+00   
 2.0078E+02    5.1142E+01    6.3187E+01    2.3889E+01    2.0086E+01    1.8918E+01    8.2196E+01    6.0514E+01    1.9304E+01    5.0826E+00    2.0503E+01    7.8328E+00    7.1587E+00   
 2.0128E+02    5.1155E+01    6.3220E+01    2.3904E+01    1.9994E+01    1.8745E+01    8.2176E+01    6.0468E+01    1.9272E+01    5.0826E+00    2.0278E+01    8.0019E+00    7.1292E+00   
 2.0178E+02    5.1155E+01    6.3234E+01    2.3917E+01    1.9994E+01    1.8745E+01    8.2138E+01    6.0417E+01    1.9272E+01    5.1030E+00    2.0340E+01    8.0072E+00    7.1292E+00   
 2.0228E+02    5.1182E+01    6.3246E+01    2.3973E+01    2.0013E+01    1.8593E+01    8.2111E+01    6.0362E+01    1.9248E+01    5.1030E+00    2.0544E+01    8.0178E+00    7.0995E+00   
 2.0286E+02    5.1164E+01    6.3271E+01    2.3973E+01    1.9980E+01    1.8458E+01    8.2075E+01    6.0362E+01    1.9217E+01    5.1234E+00    2.0421E+01    8.0072E+00    7.1292E+00   
 2.0336E+02    5.1159E+01    6.3256E+01    2.3953E+01    1.9973E+01    1.8329E+01    8.2075E+01    6.0286E+01    1.9190E+01    5.1234E+00    2.0319E+01    8.0231E+00    7.0697E+00   
# Time (s)      T1w (C)       T2w (C)       T1a (C)       T2a (C)       T1r (C)       T2r (C)       T3r (C)       T4r (C)       P1 (bar)      P2 (bar)      Ic (amp)      Qc (l/min)    
 2.0386E+02    5.1139E+01    6.3269E+01    2.4007E+01    1.9976E+01    1.8201E+01    8.2069E+01    6.0259E+01    1.9142E+01    5.0826E+00    2.0462E+01    7.7429E+00    7.1292E+00   
 2.0436E+02    5.1136E+01    6.3277E+01    2.3980E+01    1.9960E+01    1.8217E+01    8.2100E+01    6.0198E+01    1.9158E+01    5.0826E+00    2.0401E+01    7.7218E+00    7.0995E+00   
 2.0494E+02    5.1136E+01    6.3303E+01    2.3917E+01    1.9901E+01    1.8101E+01    8.2124E+01    6.0134E+01    1.9124E+01    5.0623E+00    2.0625E+01    7.7271E+00    7.1292E+00   
 2.0544E+02    5.1131E+01    6.3335E+01    2.3869E+01    1.9915E+01    1.7998E+01    8.2147E+01    6.0077E+01    1.9083E+01    5.0623E+00    2.0605E+01    7.7324E+00    7.1292E+00   
 2.0594E+02    5.1132E+01    6.3343E+01    2.3869E+01    1.9876E+01    1.7884E+01    8.2147E+01    6.0077E+01    1.9043E+01    5.0419E+00    2.0401E+01    7.9226E+00    7.1292E+00   
 2.0644E+02    5.1138E+01    6.3343E+01    2.3871E+01    1.9900E+01    1.7792E+01    8.2197E+01    6.0019E+01    1.8982E+01    5.0623E+00    2.0584E+01    7.9544E+00    7.0995E+00   
 2.0701E+02    5.1128E+01    6.3363E+01    2.3891E+01    1.9866E+01    1.7689E+01    8.2230E+01    5.9912E+01    1.8916E+01    5.0419E+00    2.0401E+01    8.0231E+00    7.1292E+00   
 2.0751E+02    5.1136E+01    6.3404E+01    2.3862E+01    1.9882E+01    1.7689E+01    8.2262E+01    5.9854E+01    1.8916E+01    5.0419E+00    2.0442E+01    7.9174E+00    7.0995E+00   
 2.0801E+02    5.1136E+01    6.3426E+01    2.3807E+01    1.9893E+01    1.7591E+01    8.2305E+01    5.9775E+01    1.8841E+01    5.0215E+00    2.0564E+01    8.0336E+00    7.0697E+00   
 2.0851E+02    5.1150E+01    6.3468E+01    2.3811E+01    1.9833E+01    1.7498E+01    8.2352E+01    5.9692E+01    1.8817E+01    5.0419E+00    2.0686E+01    7.7376E+00    7.0995E+00   
 2.0910E+02    5.1146E+01    6.3488E+01    2.3811E+01    1.9930E+01    1.7411E+01    8.2352E+01    5.9692E+01    1.8762E+01    4.9808E+00    2.0564E+01    7.7324E+00    7.0697E+00   
 2.0960E+02    5.1139E+01    6.3474E+01    2.3827E+01    1.9813E+01    1.7352E+01    8.2366E+01    5.9589E+01    1.8684E+01    4.9808E+00    2.0646E+01    7.7376E+00    7.0697E+00   
 2.1010E+02    5.1132E+01    6.3488E+01    2.3839E+01    1.9775E+01    1.7295E+01    8.2408E+01    5.9536E+01    1.8632E+01    4.9808E+00    2.0584E+01    8.0178E+00    7.0995E+00   
 2.1060E+02    5.1132E+01    6.3505E+01    2.3799E+01    1.9775E+01    1.7311E+01    8.2456E+01    5.9455E+01    1.8632E+01    5.0011E+00    2.0625E+01    8.0178E+00    7.0995E+00   
 2.1118E+02    5.1143E+01    6.3510E+01    2.3790E+01    1.9714E+01    1.7245E+01    8.2502E+01    5.9409E+01    1.8590E+01    4.9808E+00    2.0584E+01    7.8856E+00    7.1292E+00   
 2.1168E+02    5.1141E+01    6.3521E+01    2.3773E+01    1.9720E+01    1.7177E+01    8.2516E+01    5.9344E+01    1.8540E+01    4.9604E+00    2.0605E+01    8.0336E+00    7.0697E+00   
 2.1218E+02    5.1137E+01    6.3553E+01    2.3773E+01    1.9680E+01    1.7106E+01    8.2516E+01    5.9344E+01    1.8471E+01    4.9604E+00    2.0564E+01    7.7376E+00    7.0697E+00   
 2.1268E+02    5.1143E+01    6.3553E+01    2.3708E+01    1.9717E+01    1.7020E+01    8.2525E+01    5.9267E+01    1.8410E+01    4.9400E+00    2.0625E+01    7.7271E+00    7.0995E+00   
 2.1327E+02    5.1151E+01    6.3555E+01    2.3690E+01    1.9598E+01    1.6972E+01    8.2525E+01    5.9188E+01    1.8342E+01    4.9400E+00    2.0747E+01    7.8856E+00    7.0995E+00   
 2.1377E+02    5.1163E+01    6.3570E+01    2.3738E+01    1.9598E+01    1.6972E+01    8.2536E+01    5.9077E+01    1.8342E+01    4.9400E+00    2.0686E+01    7.8909E+00    7.0995E+00   
 2.1427E+02    5.1163E+01    6.3572E+01    2.3724E+01    1.9602E+01    1.6922E+01    8.2515E+01    5.9004E+01    1.8304E+01    4.9196E+00    2.0605E+01    7.7218E+00    7.0995E+00   
 2.1477E+02    5.1136E+01    6.3583E+01    2.3724E+01    1.9608E+01    1.6857E+01    8.2530E+01    5.9004E+01    1.8230E+01    4.9400E+00    2.0707E+01    7.8381E+00    7.0995E+00   
 2.1535E+02    5.1148E+01    6.3588E+01    2.3709E+01    1.9584E+01    1.6810E+01    8.2530E+01    5.8911E+01    1.8157E+01    4.9400E+00    2.0727E+01    7.7429E+00    7.0697E+00   
 2.1585E+02    5.1149E+01    6.3588E+01    2.3728E+01    1.9547E+01    1.6775E+01    8.2536E+01    5.8845E+01    1.8105E+01    4.8993E+00    2.0768E+01    7.8751E+00    7.0995E+00   
 2.1635E+02    5.1157E+01    6.3593E+01    2.3776E+01    1.9547E+01    1.6775E+01    8.2550E+01    5.8788E+01    1.8105E+01    4.8993E+00    2.0707E+01    7.8962E+00    7.0697E+00   
 2.1685E+02    5.1157E+01    6.3602E+01    2.3808E+01    1.9514E+01    1.6732E+01    8.2567E+01    5.8687E+01    1.8040E+01    4.8993E+00    2.0768E+01    7.7324E+00    7.1587E+00   
 2.1743E+02    5.1155E+01    6.3605E+01    2.3768E+01    1.9394E+01    1.6709E+01    8.2603E+01    5.8608E+01    1.7992E+01    4.8993E+00    2.0544E+01    8.0019E+00    7.1292E+00   
 2.1793E+02    5.1152E+01    6.3614E+01    2.3768E+01    1.9378E+01    1.6702E+01    8.2612E+01    5.8608E+01    1.7945E+01    4.8993E+00    2.0544E+01    8.0125E+00    7.0995E+00   
 2.1844E+02    5.1160E+01    6.3614E+01    2.3653E+01    1.9334E+01    1.6685E+01    8.2612E+01    5.8529E+01    1.7873E+01    4.9196E+00    2.0625E+01    7.7165E+00    7.0995E+00   
 2.1894E+02    5.1167E+01    6.3609E+01    2.3539E+01    1.9373E+01    1.6689E+01    8.2644E+01    5.8464E+01    1.7846E+01    4.8789E+00    2.0503E+01    7.7324E+00    7.1292E+00   
# Time (s)      T1w (C)       T2w (C)       T1a (C)       T2a (C)       T1r (C)       T2r (C)       T3r (C)       T4r (C)       P1 (bar)      P2 (bar)      Ic (amp)      Qc (l/min)    
 2.1951E+02    5.1145E+01    6.3615E+01    2.3539E+01    1.9373E+01    1.6685E+01    8.2681E+01    5.8397E+01    1.7846E+01    4.8585E+00    2.0747E+01    7.7112E+00    7.0995E+00   
 2.2002E+02    5.1145E+01    6.3626E+01    2.3651E+01    1.9309E+01    1.6685E+01    8.2710E+01    5.8340E+01    1.7784E+01    4.8993E+00    2.0727E+01    7.7165E+00    7.1587E+00   
 2.2052E+02    5.1161E+01    6.3612E+01    2.3720E+01    1.9210E+01    1.6684E+01    8.2739E+01    5.8272E+01    1.7728E+01    4.8585E+00    2.0788E+01    8.0019E+00    7.0995E+00   
 2.2102E+02    5.1150E+01    6.3610E+01    2.3720E+01    1.9243E+01    1.6705E+01    8.2739E+01    5.8272E+01    1.7664E+01    4.8382E+00    2.0747E+01    7.8486E+00    7.1587E+00   
 2.2162E+02    5.1144E+01    6.3619E+01    2.3786E+01    1.9224E+01    1.6720E+01    8.2758E+01    5.8180E+01    1.7599E+01    4.8585E+00    2.0625E+01    7.6954E+00    7.1292E+00   
 2.2212E+02    5.1152E+01    6.3619E+01    2.3831E+01    1.9136E+01    1.6780E+01    8.2751E+01    5.8111E+01    1.7558E+01    4.8382E+00    2.0625E+01    7.7007E+00    7.1292E+00   
 2.2262E+02    5.1156E+01    6.3616E+01    2.3889E+01    1.9136E+01    1.6780E+01    8.2782E+01    5.8075E+01    1.7558E+01    4.8382E+00    2.0564E+01    7.9755E+00    7.0995E+00   
 2.2312E+02    5.1156E+01    6.3604E+01    2.3926E+01    1.9073E+01    1.6825E+01    8.2803E+01    5.8025E+01    1.7520E+01    4.8382E+00    2.0564E+01    7.9702E+00    7.0995E+00   
 2.2370E+02    5.1156E+01    6.3610E+01    2.3975E+01    1.9094E+01    1.6885E+01    8.2809E+01    5.8022E+01    1.7471E+01    4.8382E+00    2.0503E+01    7.9438E+00    7.0995E+00   
 2.2420E+02    5.1154E+01    6.3595E+01    2.3975E+01    1.8999E+01    1.6956E+01    8.2809E+01    5.8022E+01    1.7432E+01    4.8178E+00    2.0666E+01    7.7271E+00    7.0697E+00   
 2.2470E+02    5.1163E+01    6.3595E+01    2.3992E+01    1.8959E+01    1.7022E+01    8.2817E+01    5.7977E+01    1.7397E+01    4.7974E+00    2.0401E+01    7.6742E+00    7.1292E+00   
 2.2520E+02    5.1160E+01    6.3583E+01    2.4004E+01    1.8896E+01    1.7110E+01    8.2804E+01    5.7983E+01    1.7372E+01    4.7974E+00    2.0401E+01    7.6901E+00    7.1292E+00   
 2.2578E+02    5.1156E+01    6.3564E+01    2.3973E+01    1.8896E+01    1.7110E+01    8.2778E+01    5.7988E+01    1.7372E+01    4.8178E+00    2.0442E+01    7.6531E+00    7.0697E+00   
 2.2628E+02    5.1156E+01    6.3554E+01    2.4004E+01    1.8891E+01    1.7185E+01    8.2780E+01    5.7977E+01    1.7334E+01    4.7974E+00    2.0319E+01    7.6319E+00    7.0995E+00   
 2.2678E+02    5.1162E+01    6.3530E+01    2.3995E+01    1.8911E+01    1.7276E+01    8.2803E+01    5.7970E+01    1.7340E+01    4.7770E+00    2.0462E+01    7.8962E+00    7.1292E+00   
 2.2728E+02    5.1157E+01    6.3508E+01    2.3995E+01    1.9049E+01    1.7369E+01    8.2789E+01    5.7955E+01    1.7305E+01    4.7770E+00    2.0340E+01    7.8856E+00    7.0995E+00   
 2.2786E+02    5.1159E+01    6.3508E+01    2.4011E+01    1.9004E+01    1.7445E+01    8.2817E+01    5.7982E+01    1.7310E+01    4.7770E+00    2.0544E+01    7.9385E+00    7.0697E+00   
 2.2836E+02    5.1173E+01    6.3512E+01    2.4030E+01    1.8962E+01    1.7534E+01    8.2824E+01    5.8005E+01    1.7287E+01    4.7770E+00    2.0544E+01    7.8592E+00    7.1292E+00   
 2.2886E+02    5.1181E+01    6.3484E+01    2.4022E+01    1.8962E+01    1.7534E+01    8.2816E+01    5.8053E+01    1.7287E+01    4.7770E+00    2.0523E+01    7.6267E+00    7.0995E+00   
 2.2936E+02    5.1181E+01    6.3455E+01    2.4030E+01    1.8967E+01    1.7620E+01    8.2815E+01    5.8066E+01    1.7262E+01    4.7567E+00    2.0482E+01    7.6954E+00    7.0995E+00   
 2.2995E+02    5.1188E+01    6.3431E+01    2.3975E+01    1.9012E+01    1.7724E+01    8.2787E+01    5.8112E+01    1.7272E+01    4.7974E+00    2.0217E+01    7.6267E+00    7.0995E+00   
 2.3045E+02    5.1201E+01    6.3441E+01    2.3991E+01    1.8947E+01    1.7804E+01    8.2773E+01    5.8097E+01    1.7255E+01    4.7770E+00    2.0278E+01    7.6267E+00    7.1292E+00   
 2.3095E+02    5.1196E+01    6.3441E+01    2.3944E+01    1.9001E+01    1.7902E+01    8.2756E+01    5.8179E+01    1.7281E+01    4.7770E+00    2.0238E+01    7.9015E+00    7.0995E+00   
 2.3145E+02    5.1195E+01    6.3397E+01    2.3928E+01    1.9001E+01    1.7992E+01    8.2752E+01    5.8231E+01    1.7317E+01    4.7770E+00    2.0197E+01    7.8751E+00    7.1292E+00   
 2.3203E+02    5.1184E+01    6.3384E+01    2.3936E+01    1.9171E+01    1.7992E+01    8.2722E+01    5.8286E+01    1.7317E+01    4.7770E+00    2.0360E+01    7.7482E+00    7.0995E+00   
 2.3253E+02    5.1170E+01    6.3348E+01    2.3929E+01    1.9032E+01    1.8101E+01    8.2681E+01    5.8336E+01    1.7333E+01    4.7974E+00    2.0319E+01    7.9015E+00    7.0995E+00   
 2.3303E+02    5.1174E+01    6.3322E+01    2.3929E+01    1.8952E+01    1.8177E+01    8.2681E+01    5.8336E+01    1.7385E+01    4.7974E+00    2.0217E+01    7.6108E+00    7.0995E+00   
 2.3353E+02    5.1189E+01    6.3322E+01    2.3954E+01    1.8891E+01    1.8287E+01    8.2666E+01    5.8408E+01    1.7421E+01    4.7770E+00    2.0380E+01    7.6108E+00    7.1292E+00   
 2.3411E+02    5.1171E+01    6.3301E+01    2.3905E+01    1.9026E+01    1.8373E+01    8.2661E+01    5.8474E+01    1.7465E+01    4.7974E+00    2.0176E+01    7.7535E+00    7.1292E+00   
 2.3461E+02    5.1162E+01    6.3274E+01    2.3905E+01    1.9011E+01    1.8454E+01    8.2650E+01    5.8549E+01    1.7462E+01    4.7770E+00    2.0421E+01    7.6108E+00    7.0697E+00   
# Time (s)      T1w (C)       T2w (C)       T1a (C)       T2a (C)       T1r (C)       T2r (C)       T3r (C)       T4r (C)       P1 (bar)      P2 (bar)      Ic (amp)      Qc (l/min)    
 2.3511E+02    5.1162E+01    6.3247E+01    2.3891E+01    1.8861E+01    1.8454E+01    8.2628E+01    5.8625E+01    1.7462E+01    4.7974E+00    2.0278E+01    7.8962E+00    7.0697E+00   
 2.3561E+02    5.1169E+01    6.3221E+01    2.3882E+01    1.8956E+01    1.8549E+01    8.2628E+01    5.8686E+01    1.7493E+01    4.7974E+00    2.0340E+01    7.9015E+00    7.0697E+00   
 2.3619E+02    5.1155E+01    6.3216E+01    2.3882E+01    1.8993E+01    1.8647E+01    8.2614E+01    5.8765E+01    1.7514E+01    4.7974E+00    2.0217E+01    7.7905E+00    7.1292E+00   
 2.3669E+02    5.1160E+01    6.3193E+01    2.3952E+01    1.8939E+01    1.8731E+01    8.2614E+01    5.8765E+01    1.7538E+01    4.8178E+00    2.0258E+01    7.8962E+00    7.0995E+00   
 2.3719E+02    5.1164E+01    6.3193E+01    2.3984E+01    1.8813E+01    1.8815E+01    8.2599E+01    5.8848E+01    1.7586E+01    4.8178E+00    2.0217E+01    7.6108E+00    7.0995E+00   
 2.3769E+02    5.1169E+01    6.3182E+01    2.3989E+01    1.8813E+01    1.8799E+01    8.2569E+01    5.8894E+01    1.7570E+01    4.8178E+00    2.0217E+01    7.6108E+00    7.0995E+00   
 2.3827E+02    5.1169E+01    6.3181E+01    2.3994E+01    1.9003E+01    1.8892E+01    8.2550E+01    5.8964E+01    1.7622E+01    4.7974E+00    2.0156E+01    7.6055E+00    7.0995E+00   
 2.3877E+02    5.1170E+01    6.3163E+01    2.4050E+01    1.9067E+01    1.8964E+01    8.2527E+01    5.9024E+01    1.7626E+01    4.7974E+00    2.0176E+01    7.6108E+00    7.1292E+00   
 2.3927E+02    5.1176E+01    6.3149E+01    2.4050E+01    1.9127E+01    1.9038E+01    8.2527E+01    5.9024E+01    1.7627E+01    4.7974E+00    2.0197E+01    7.7218E+00    7.1587E+00   
 2.3977E+02    5.1165E+01    6.3149E+01    2.4033E+01    1.9190E+01    1.9114E+01    8.2513E+01    5.9069E+01    1.7595E+01    4.7974E+00    2.0156E+01    7.8962E+00    7.1292E+00   
 2.4035E+02    5.1169E+01    6.3144E+01    2.4027E+01    1.9106E+01    1.9182E+01    8.2510E+01    5.9152E+01    1.7610E+01    4.8178E+00    2.0095E+01    7.6055E+00    7.1292E+00   
 2.4085E+02    5.1169E+01    6.3128E+01    2.3958E+01    1.9106E+01    1.9182E+01    8.2487E+01    5.9207E+01    1.7610E+01    4.8178E+00    2.0217E+01    7.8698E+00    7.1587E+00   
 2.4135E+02    5.1169E+01    6.3123E+01    2.3787E+01    1.9089E+01    1.9262E+01    8.2452E+01    5.9265E+01    1.7617E+01    4.8382E+00    2.0115E+01    7.6214E+00    7.0995E+00   
 2.4185E+02    5.1174E+01    6.3105E+01    2.3787E+01    1.9061E+01    1.9326E+01    8.2423E+01    5.9326E+01    1.7619E+01    4.8178E+00    2.0319E+01    7.6055E+00    7.1292E+00   
 2.4244E+02    5.1174E+01    6.3107E+01    2.3638E+01    1.9175E+01    1.9406E+01    8.2423E+01    5.9326E+01    1.7624E+01    4.8382E+00    2.0136E+01    7.6267E+00    7.1292E+00   
 2.4294E+02    5.1169E+01    6.3107E+01    2.3589E+01    1.9184E+01    1.9470E+01    8.2407E+01    5.9385E+01    1.7633E+01    4.8382E+00    2.0156E+01    7.6478E+00    7.1292E+00   
 2.4344E+02    5.1189E+01    6.3090E+01    2.3688E+01    1.9184E+01    1.9552E+01    8.2432E+01    5.9460E+01    1.7656E+01    4.8585E+00    2.0034E+01    7.8275E+00    7.0995E+00   
 2.4394E+02    5.1181E+01    6.3079E+01    2.3777E+01    1.9235E+01    1.9552E+01    8.2419E+01    5.9522E+01    1.7656E+01    4.8382E+00    2.0115E+01    7.8011E+00    7.0398E+00   
 2.4452E+02    5.1181E+01    6.3079E+01    2.3856E+01    1.9203E+01    1.9606E+01    8.2392E+01    5.9571E+01    1.7669E+01    4.8789E+00    2.0074E+01    7.6689E+00    7.1292E+00   
 2.4502E+02    5.1167E+01    6.3071E+01    2.3856E+01    1.9104E+01    1.9675E+01    8.2408E+01    5.9626E+01    1.7687E+01    4.8585E+00    2.0115E+01    7.8698E+00    7.1292E+00   
 2.4552E+02    5.1169E+01    6.3052E+01    2.3889E+01    1.9188E+01    1.9749E+01    8.2408E+01    5.9626E+01    1.7723E+01    4.8585E+00    2.0197E+01    7.6478E+00    7.1292E+00   
 2.4602E+02    5.1171E+01    6.3052E+01    2.3925E+01    1.9239E+01    1.9823E+01    8.2420E+01    5.9659E+01    1.7761E+01    4.8993E+00    2.0136E+01    7.6108E+00    7.0697E+00   
 2.4661E+02    5.1170E+01    6.3043E+01    2.3951E+01    1.9285E+01    1.9885E+01    8.2421E+01    5.9705E+01    1.7791E+01    4.8993E+00    2.0156E+01    7.8169E+00    7.0697E+00   
 2.4711E+02    5.1182E+01    6.3026E+01    2.3983E+01    1.9285E+01    1.9885E+01    8.2418E+01    5.9737E+01    1.7791E+01    4.8993E+00    2.0095E+01    7.8645E+00    7.1587E+00   
 2.4761E+02    5.1182E+01    6.3029E+01    2.3987E+01    1.9304E+01    1.9951E+01    8.2418E+01    5.9787E+01    1.7850E+01    4.9196E+00    2.0340E+01    7.8539E+00    7.0697E+00   
 2.4811E+02    5.1177E+01    6.3015E+01    2.3987E+01    1.9358E+01    2.0020E+01    8.2418E+01    5.9787E+01    1.7886E+01    4.8993E+00    2.0156E+01    7.6478E+00    7.0995E+00   
 2.4869E+02    5.1182E+01    6.3008E+01    2.3938E+01    1.9298E+01    2.0107E+01    8.2398E+01    5.9854E+01    1.7937E+01    4.8993E+00    2.0074E+01    7.6161E+00    7.0995E+00   
 2.4919E+02    5.1169E+01    6.3008E+01    2.3918E+01    1.9309E+01    2.0166E+01    8.2379E+01    5.9903E+01    1.7967E+01    4.9196E+00    2.0054E+01    7.6742E+00    7.1292E+00   
 2.4969E+02    5.1178E+01    6.3015E+01    2.3964E+01    1.9309E+01    2.0182E+01    8.2361E+01    5.9979E+01    1.7982E+01    4.9196E+00    2.0054E+01    7.8698E+00    7.0697E+00   
 2.5019E+02    5.1178E+01    6.3013E+01    2.3903E+01    1.9385E+01    2.0236E+01    8.2342E+01    6.0026E+01    1.8029E+01    4.8993E+00    2.0115E+01    7.6214E+00    7.0697E+00   
# Time (s)      T1w (C)       T2w (C)       T1a (C)       T2a (C)       T1r (C)       T2r (C)       T3r (C)       T4r (C)       P1 (bar)      P2 (bar)      Ic (amp)      Qc (l/min)    
 2.5076E+02    5.1176E+01    6.3018E+01    2.3881E+01    1.9341E+01    2.0316E+01    8.2339E+01    6.0057E+01    1.8064E+01    4.9400E+00    2.0136E+01    7.6372E+00    7.1587E+00   
 2.5126E+02    5.1177E+01    6.3003E+01    2.3881E+01    1.9492E+01    2.0369E+01    8.2339E+01    6.0057E+01    1.8109E+01    4.9400E+00    2.0156E+01    7.6531E+00    7.1292E+00   
