# Run number  1 on Mon 2026-05-25T11:05:22 BST
# Time (s)      T1w (C)       T2w (C)       T1a (C)       T2a (C)       T1r (C)       T2r (C)       T3r (C)       T4r (C)       P1 (bar)      P2 (bar)      Ic (amp)      Qc (l/min)    
 3.2731E-01    5.0662E+01    6.0463E+01    2.4081E+01    1.9176E+01    2.0743E+01    7.8431E+01    5.8058E+01    1.8385E+01    5.0011E+00    1.9157E+01    7.3941E+00    8.9411E+00   
 9.1990E-01    5.0672E+01    6.0480E+01    2.4110E+01    1.9234E+01    2.0749E+01    7.8450E+01    5.8065E+01    1.8397E+01    4.9604E+00    1.9320E+01    7.6848E+00    8.9411E+00   
 1.4201E+00    5.0676E+01    6.0494E+01    2.4125E+01    1.9229E+01    2.0778E+01    7.8450E+01    5.8051E+01    1.8397E+01    4.9808E+00    1.9197E+01    7.5474E+00    8.9646E+00   
 1.9204E+00    5.0690E+01    6.0515E+01    2.4211E+01    1.9228E+01    2.0777E+01    7.8488E+01    5.8032E+01    1.8415E+01    4.9808E+00    1.9177E+01    7.6689E+00    8.9174E+00   
 2.4206E+00    5.0690E+01    6.0522E+01    2.4165E+01    1.9205E+01    2.0761E+01    7.8485E+01    5.8034E+01    1.8415E+01    4.9808E+00    1.9157E+01    7.6531E+00    8.9174E+00   
 2.9209E+00    5.0677E+01    6.0529E+01    2.3966E+01    1.9205E+01    2.0787E+01    7.8495E+01    5.8034E+01    1.8443E+01    4.9808E+00    1.9177E+01    7.5474E+00    8.9411E+00   
 3.4212E+00    5.0684E+01    6.0520E+01    2.4043E+01    1.9227E+01    2.0816E+01    7.8512E+01    5.8065E+01    1.8449E+01    4.9808E+00    1.9279E+01    7.6848E+00    8.9646E+00   
 3.9214E+00    5.0704E+01    6.0520E+01    2.4043E+01    1.9229E+01    2.0828E+01    7.8512E+01    5.8046E+01    1.8449E+01    4.9808E+00    1.9177E+01    7.4470E+00    8.9174E+00   
 4.4218E+00    5.0690E+01    6.0521E+01    2.4153E+01    1.9249E+01    2.0839E+01    7.8539E+01    5.8061E+01    1.8496E+01    5.0011E+00    1.9157E+01    7.4734E+00    8.9411E+00   
 4.9221E+00    5.0690E+01    6.0535E+01    2.4210E+01    1.9242E+01    2.0839E+01    7.8550E+01    5.8067E+01    1.8498E+01    5.0011E+00    1.9197E+01    7.6055E+00    8.9646E+00   
 5.4226E+00    5.0702E+01    6.0531E+01    2.4218E+01    1.9242E+01    2.0863E+01    7.8551E+01    5.8067E+01    1.8507E+01    5.0011E+00    1.9095E+01    7.6689E+00    8.9411E+00   
 5.9231E+00    5.0698E+01    6.0547E+01    2.4191E+01    1.9234E+01    2.0872E+01    7.8527E+01    5.8092E+01    1.8538E+01    4.9808E+00    1.9197E+01    7.4681E+00    8.9411E+00   
 6.4234E+00    5.0705E+01    6.0547E+01    2.4191E+01    1.9268E+01    2.0880E+01    7.8541E+01    5.8111E+01    1.8554E+01    5.0215E+00    1.9177E+01    7.6161E+00    8.9411E+00   
 6.9237E+00    5.0704E+01    6.0543E+01    2.4098E+01    1.9342E+01    2.0880E+01    7.8507E+01    5.8130E+01    1.8569E+01    5.0011E+00    1.9238E+01    7.4628E+00    8.8938E+00   
 7.4241E+00    5.0704E+01    6.0545E+01    2.4070E+01    1.9341E+01    2.0880E+01    7.8486E+01    5.8130E+01    1.8583E+01    5.0011E+00    1.9177E+01    7.4787E+00    8.9174E+00   
 7.9244E+00    5.0703E+01    6.0564E+01    2.4201E+01    1.9341E+01    2.0876E+01    7.8462E+01    5.8112E+01    1.8605E+01    5.0011E+00    1.9095E+01    7.4205E+00    8.9174E+00   
 8.4247E+00    5.0680E+01    6.0561E+01    2.4111E+01    1.9302E+01    2.0853E+01    7.8451E+01    5.8119E+01    1.8622E+01    4.9808E+00    1.9177E+01    7.5844E+00    8.9646E+00   
 8.9250E+00    5.0687E+01    6.0546E+01    2.4095E+01    1.9265E+01    2.0814E+01    7.8451E+01    5.8144E+01    1.8622E+01    5.0011E+00    1.9095E+01    7.6531E+00    8.8938E+00   
 9.4253E+00    5.0689E+01    6.0555E+01    2.3959E+01    1.9316E+01    2.0787E+01    7.8442E+01    5.8149E+01    1.8633E+01    4.9604E+00    1.9299E+01    7.4100E+00    8.9174E+00   
 9.9256E+00    5.0689E+01    6.0558E+01    2.3862E+01    1.9302E+01    2.0787E+01    7.8446E+01    5.8149E+01    1.8671E+01    4.9808E+00    1.9320E+01    7.4152E+00    8.9411E+00   
 1.0426E+01    5.0680E+01    6.0572E+01    2.3802E+01    1.9302E+01    2.0717E+01    7.8439E+01    5.8161E+01    1.8712E+01    4.9604E+00    1.9157E+01    7.5527E+00    8.8938E+00   
 1.0983E+01    5.0669E+01    6.0560E+01    2.3762E+01    1.9375E+01    2.0589E+01    7.8439E+01    5.8190E+01    1.8743E+01    5.0011E+00    1.9116E+01    7.4205E+00    8.9411E+00   
 1.1483E+01    5.0664E+01    6.0575E+01    2.3777E+01    1.9397E+01    2.0409E+01    7.8439E+01    5.8216E+01    1.8743E+01    5.0011E+00    1.9075E+01    7.5421E+00    8.9646E+00   
 1.1983E+01    5.0677E+01    6.0573E+01    2.3766E+01    1.9468E+01    2.0073E+01    7.8414E+01    5.8227E+01    1.8784E+01    4.9808E+00    1.9136E+01    7.6901E+00    8.9646E+00   
 1.2484E+01    5.0677E+01    6.0565E+01    2.3740E+01    1.9511E+01    2.0073E+01    7.8401E+01    5.8209E+01    1.8795E+01    4.9808E+00    1.9197E+01    7.4417E+00    8.8938E+00   
 1.3063E+01    5.0698E+01    6.0595E+01    2.3759E+01    1.9511E+01    1.9649E+01    7.8384E+01    5.8209E+01    1.8835E+01    5.0215E+00    1.9157E+01    7.5844E+00    8.9411E+00   
 1.3563E+01    5.0706E+01    6.0576E+01    2.3731E+01    1.9522E+01    1.9347E+01    7.8391E+01    5.8251E+01    1.8880E+01    5.0011E+00    1.9116E+01    7.4998E+00    8.9646E+00   
 1.4064E+01    5.0696E+01    6.0576E+01    2.3739E+01    1.9576E+01    1.9099E+01    7.8391E+01    5.8264E+01    1.8882E+01    5.0215E+00    1.9197E+01    7.6742E+00    8.9411E+00   
 1.4564E+01    5.0730E+01    6.0603E+01    2.3754E+01    1.9587E+01    1.8903E+01    7.8412E+01    5.8253E+01    1.8897E+01    5.0215E+00    1.9340E+01    7.4417E+00    8.9646E+00   
 1.5175E+01    5.0716E+01    6.0609E+01    2.3794E+01    1.9601E+01    1.8705E+01    7.8412E+01    5.8272E+01    1.8885E+01    5.0419E+00    1.9361E+01    7.4892E+00    8.9646E+00   
# Time (s)      T1w (C)       T2w (C)       T1a (C)       T2a (C)       T1r (C)       T2r (C)       T3r (C)       T4r (C)       P1 (bar)      P2 (bar)      Ic (amp)      Qc (l/min)    
 1.5676E+01    5.0718E+01    6.0590E+01    2.3755E+01    1.9545E+01    1.8537E+01    7.8430E+01    5.8242E+01    1.8889E+01    5.0419E+00    1.9401E+01    7.7059E+00    8.9411E+00   
 1.6176E+01    5.0718E+01    6.0600E+01    2.3734E+01    1.9545E+01    1.8537E+01    7.8399E+01    5.8242E+01    1.8893E+01    5.0011E+00    1.9320E+01    7.5579E+00    8.9411E+00   
 1.6676E+01    5.0690E+01    6.0595E+01    2.3716E+01    1.9544E+01    1.8352E+01    7.8394E+01    5.8193E+01    1.8874E+01    5.0215E+00    1.9299E+01    7.7271E+00    8.9411E+00   
 1.7272E+01    5.0690E+01    6.0624E+01    2.3666E+01    1.9581E+01    1.8187E+01    7.8401E+01    5.8155E+01    1.8849E+01    5.0215E+00    1.9279E+01    7.5527E+00    8.9174E+00   
 1.7772E+01    5.0677E+01    6.0610E+01    2.3651E+01    1.9541E+01    1.8017E+01    7.8387E+01    5.8094E+01    1.8833E+01    5.0011E+00    1.9463E+01    7.4522E+00    8.9411E+00   
 1.8272E+01    5.0674E+01    6.0609E+01    2.3619E+01    1.9566E+01    1.7893E+01    7.8392E+01    5.8030E+01    1.8815E+01    5.0011E+00    1.9401E+01    7.7271E+00    8.9411E+00   
 1.8773E+01    5.0674E+01    6.0641E+01    2.3584E+01    1.9499E+01    1.7893E+01    7.8393E+01    5.7974E+01    1.8786E+01    5.0011E+00    1.9259E+01    7.4575E+00    8.9174E+00   
 1.9368E+01    5.0677E+01    6.0637E+01    2.3577E+01    1.9496E+01    1.7765E+01    7.8389E+01    5.7974E+01    1.8762E+01    4.9808E+00    1.9422E+01    7.7007E+00    8.9174E+00   
 1.9868E+01    5.0683E+01    6.0673E+01    2.3616E+01    1.9496E+01    1.7644E+01    7.8392E+01    5.7931E+01    1.8719E+01    4.9808E+00    1.9401E+01    7.4787E+00    8.8938E+00   
 2.0368E+01    5.0685E+01    6.0693E+01    2.3722E+01    1.9450E+01    1.7519E+01    7.8392E+01    5.7868E+01    1.8663E+01    4.9604E+00    1.9320E+01    7.6584E+00    8.9646E+00   
 2.0869E+01    5.0674E+01    6.0693E+01    2.3722E+01    1.9531E+01    1.7404E+01    7.8440E+01    5.7794E+01    1.8663E+01    4.9808E+00    1.9320E+01    7.4522E+00    8.9174E+00   
 2.1472E+01    5.0683E+01    6.0710E+01    2.3752E+01    1.9510E+01    1.7321E+01    7.8457E+01    5.7738E+01    1.8625E+01    5.0011E+00    1.9299E+01    7.5738E+00    8.8938E+00   
 2.1972E+01    5.0698E+01    6.0745E+01    2.3733E+01    1.9486E+01    1.7231E+01    7.8472E+01    5.7682E+01    1.8559E+01    4.9604E+00    1.9442E+01    7.4681E+00    8.9174E+00   
 2.2473E+01    5.0698E+01    6.0749E+01    2.3744E+01    1.9486E+01    1.7231E+01    7.8510E+01    5.7682E+01    1.8512E+01    4.9808E+00    1.9361E+01    7.7271E+00    8.9411E+00   
 2.2973E+01    5.0703E+01    6.0779E+01    2.3735E+01    1.9459E+01    1.7107E+01    7.8514E+01    5.7603E+01    1.8434E+01    4.9604E+00    1.9524E+01    7.4681E+00    8.9411E+00   
 2.3560E+01    5.0684E+01    6.0788E+01    2.3737E+01    1.9427E+01    1.7011E+01    7.8539E+01    5.7507E+01    1.8363E+01    4.9400E+00    1.9401E+01    7.4681E+00    8.9174E+00   
 2.4061E+01    5.0701E+01    6.0788E+01    2.3737E+01    1.9384E+01    1.6926E+01    7.8539E+01    5.7389E+01    1.8363E+01    4.9196E+00    1.9381E+01    7.5104E+00    8.9174E+00   
 2.4561E+01    5.0696E+01    6.0803E+01    2.3737E+01    1.9352E+01    1.6840E+01    7.8561E+01    5.7313E+01    1.8298E+01    4.9604E+00    1.9565E+01    7.4681E+00    8.9411E+00   
 2.5061E+01    5.0710E+01    6.0832E+01    2.3751E+01    1.9413E+01    1.6824E+01    7.8583E+01    5.7220E+01    1.8231E+01    4.9196E+00    1.9524E+01    7.4681E+00    8.9174E+00   
 2.5657E+01    5.0703E+01    6.0849E+01    2.3727E+01    1.9413E+01    1.6745E+01    7.8622E+01    5.7220E+01    1.8155E+01    4.9196E+00    1.9585E+01    7.4681E+00    8.9411E+00   
 2.6157E+01    5.0700E+01    6.0864E+01    2.3682E+01    1.9390E+01    1.6655E+01    7.8628E+01    5.7148E+01    1.8122E+01    4.8789E+00    1.9483E+01    7.7482E+00    8.9411E+00   
 2.6657E+01    5.0707E+01    6.0867E+01    2.3665E+01    1.9255E+01    1.6598E+01    7.8628E+01    5.7091E+01    1.8073E+01    4.8993E+00    1.9463E+01    7.4628E+00    8.9174E+00   
 2.7158E+01    5.0700E+01    6.0867E+01    2.3665E+01    1.9273E+01    1.6541E+01    7.8661E+01    5.7031E+01    1.8073E+01    4.8993E+00    1.9401E+01    7.7324E+00    8.9174E+00   
 2.7745E+01    5.0715E+01    6.0875E+01    2.3674E+01    1.9260E+01    1.6472E+01    7.8670E+01    5.6949E+01    1.8020E+01    4.8993E+00    1.9463E+01    7.7429E+00    8.9411E+00   
 2.8246E+01    5.0716E+01    6.0897E+01    2.3674E+01    1.9172E+01    1.6413E+01    7.8678E+01    5.6865E+01    1.7957E+01    4.8993E+00    1.9605E+01    7.4734E+00    8.9411E+00   
 2.8746E+01    5.0716E+01    6.0896E+01    2.3665E+01    1.9172E+01    1.6429E+01    7.8694E+01    5.6879E+01    1.7936E+01    4.8789E+00    1.9442E+01    7.4787E+00    8.8938E+00   
 2.9247E+01    5.0711E+01    6.0905E+01    2.3632E+01    1.9155E+01    1.6375E+01    7.8702E+01    5.6807E+01    1.7889E+01    4.8585E+00    1.9605E+01    7.5104E+00    8.9411E+00   
 2.9841E+01    5.0713E+01    6.0890E+01    2.3645E+01    1.9210E+01    1.6333E+01    7.8688E+01    5.6739E+01    1.7824E+01    4.8993E+00    1.9667E+01    7.7376E+00    8.9411E+00   
 3.0342E+01    5.0699E+01    6.0890E+01    2.3645E+01    1.9182E+01    1.6285E+01    7.8688E+01    5.6682E+01    1.7824E+01    4.8789E+00    1.9626E+01    7.4734E+00    8.9174E+00   
 3.0842E+01    5.0703E+01    6.0905E+01    2.3632E+01    1.9122E+01    1.6274E+01    7.8700E+01    5.6587E+01    1.7775E+01    4.8585E+00    1.9442E+01    7.6689E+00    8.8938E+00   
# Time (s)      T1w (C)       T2w (C)       T1a (C)       T2a (C)       T1r (C)       T2r (C)       T3r (C)       T4r (C)       P1 (bar)      P2 (bar)      Ic (amp)      Qc (l/min)    
 3.1342E+01    5.0703E+01    6.0910E+01    2.3599E+01    1.9065E+01    1.6274E+01    7.8711E+01    5.6510E+01    1.7715E+01    4.8789E+00    1.9442E+01    7.4628E+00    8.9174E+00   
 3.1930E+01    5.0722E+01    6.0921E+01    2.3655E+01    1.9081E+01    1.6207E+01    7.8709E+01    5.6496E+01    1.7630E+01    4.8585E+00    1.9544E+01    7.4681E+00    8.9411E+00   
 3.2430E+01    5.0728E+01    6.0940E+01    2.3627E+01    1.9082E+01    1.6155E+01    7.8698E+01    5.6438E+01    1.7580E+01    4.8178E+00    1.9463E+01    7.5527E+00    8.9411E+00   
 3.2930E+01    5.0727E+01    6.0940E+01    2.3660E+01    1.9019E+01    1.6138E+01    7.8698E+01    5.6354E+01    1.7546E+01    4.8178E+00    1.9361E+01    7.4575E+00    8.9174E+00   
 3.3431E+01    5.0726E+01    6.0936E+01    2.3660E+01    1.9017E+01    1.6121E+01    7.8677E+01    5.6266E+01    1.7546E+01    4.8178E+00    1.9361E+01    7.6161E+00    8.9174E+00   
 3.4026E+01    5.0733E+01    6.0941E+01    2.3699E+01    1.8947E+01    1.6089E+01    7.8659E+01    5.6211E+01    1.7484E+01    4.7974E+00    1.9544E+01    7.4470E+00    8.9411E+00   
 3.4526E+01    5.0730E+01    6.0935E+01    2.3681E+01    1.8979E+01    1.6089E+01    7.8670E+01    5.6156E+01    1.7412E+01    4.7974E+00    1.9442E+01    7.7059E+00    8.9411E+00   
 3.5027E+01    5.0730E+01    6.0941E+01    2.3647E+01    1.8979E+01    1.6067E+01    7.8675E+01    5.6156E+01    1.7384E+01    4.7974E+00    1.9565E+01    7.4575E+00    8.9174E+00   
 3.5527E+01    5.0737E+01    6.0945E+01    2.3629E+01    1.8948E+01    1.6054E+01    7.8714E+01    5.6082E+01    1.7296E+01    4.7770E+00    1.9585E+01    7.5104E+00    8.9882E+00   
 3.6114E+01    5.0732E+01    6.0942E+01    2.3607E+01    1.8908E+01    1.6097E+01    7.8786E+01    5.6015E+01    1.7259E+01    4.7770E+00    1.9524E+01    7.7165E+00    8.9174E+00   
 3.6615E+01    5.0736E+01    6.0942E+01    2.3607E+01    1.8886E+01    1.6109E+01    7.8786E+01    5.5925E+01    1.7259E+01    4.7567E+00    1.9544E+01    7.5157E+00    8.8938E+00   
 3.7115E+01    5.0737E+01    6.0935E+01    2.3611E+01    1.8760E+01    1.6150E+01    7.8838E+01    5.5864E+01    1.7188E+01    4.7567E+00    1.9401E+01    7.6848E+00    8.9411E+00   
 3.7615E+01    5.0737E+01    6.0930E+01    2.3624E+01    1.8697E+01    1.6150E+01    7.8872E+01    5.5864E+01    1.7148E+01    4.7363E+00    1.9381E+01    7.4575E+00    8.9646E+00   
 3.8227E+01    5.0733E+01    6.0923E+01    2.3599E+01    1.8697E+01    1.6213E+01    7.8858E+01    5.5827E+01    1.7136E+01    4.7567E+00    1.9340E+01    7.4470E+00    8.9646E+00   
 3.8727E+01    5.0720E+01    6.0929E+01    2.3555E+01    1.8710E+01    1.6267E+01    7.8853E+01    5.5778E+01    1.7088E+01    4.7363E+00    1.9626E+01    7.6584E+00    8.9411E+00   
 3.9227E+01    5.0739E+01    6.0929E+01    2.3559E+01    1.8588E+01    1.6329E+01    7.8853E+01    5.5755E+01    1.7052E+01    4.7770E+00    1.9503E+01    7.4892E+00    8.9174E+00   
 3.9728E+01    5.0730E+01    6.0899E+01    2.3559E+01    1.8538E+01    1.6421E+01    7.8838E+01    5.5734E+01    1.7052E+01    4.7567E+00    1.9340E+01    7.5051E+00    8.9174E+00   
 4.0323E+01    5.0734E+01    6.0905E+01    2.3549E+01    1.8683E+01    1.6497E+01    7.8843E+01    5.5733E+01    1.7016E+01    4.7159E+00    1.9340E+01    7.6372E+00    8.9646E+00   
 4.0823E+01    5.0734E+01    6.0879E+01    2.3549E+01    1.8666E+01    1.6497E+01    7.8844E+01    5.5703E+01    1.6975E+01    4.7159E+00    1.9401E+01    7.6055E+00    8.9174E+00   
 4.1324E+01    5.0726E+01    6.0879E+01    2.3524E+01    1.8666E+01    1.6591E+01    7.8877E+01    5.5703E+01    1.6951E+01    4.6956E+00    1.9238E+01    7.6478E+00    8.9411E+00   
 4.1824E+01    5.0724E+01    6.0853E+01    2.3498E+01    1.8634E+01    1.6701E+01    7.8928E+01    5.5721E+01    1.6962E+01    4.7159E+00    1.9279E+01    7.5474E+00    8.8938E+00   
 4.2427E+01    5.0728E+01    6.0830E+01    2.3477E+01    1.8586E+01    1.6785E+01    7.8954E+01    5.5742E+01    1.6919E+01    4.6956E+00    1.9299E+01    7.6372E+00    8.9411E+00   
 4.2928E+01    5.0713E+01    6.0830E+01    2.3477E+01    1.8619E+01    1.6908E+01    7.8968E+01    5.5766E+01    1.6935E+01    4.7159E+00    1.9340E+01    7.5315E+00    8.9411E+00   
 4.3428E+01    5.0724E+01    6.0812E+01    2.3459E+01    1.8492E+01    1.7012E+01    7.8984E+01    5.5796E+01    1.6941E+01    4.7159E+00    1.9238E+01    7.5315E+00    8.9411E+00   
 4.3928E+01    5.0724E+01    6.0781E+01    2.3446E+01    1.8510E+01    1.7012E+01    7.9013E+01    5.5802E+01    1.6940E+01    4.7159E+00    1.9320E+01    7.4311E+00    8.9174E+00   
 4.4516E+01    5.0722E+01    6.0783E+01    2.3478E+01    1.8510E+01    1.7125E+01    7.9007E+01    5.5802E+01    1.6935E+01    4.6956E+00    1.9218E+01    7.4892E+00    8.8938E+00   
 4.5016E+01    5.0712E+01    6.0738E+01    2.3525E+01    1.8393E+01    1.7218E+01    7.9022E+01    5.5816E+01    1.6931E+01    4.6956E+00    1.9320E+01    7.3782E+00    8.9174E+00   
 4.5516E+01    5.0732E+01    6.0738E+01    2.3546E+01    1.8457E+01    1.7318E+01    7.9022E+01    5.5895E+01    1.6951E+01    4.7159E+00    1.9340E+01    7.3888E+00    8.9646E+00   
 4.6017E+01    5.0740E+01    6.0730E+01    2.3562E+01    1.8436E+01    1.7387E+01    7.8994E+01    5.5939E+01    1.6935E+01    4.6956E+00    1.9157E+01    7.4258E+00    8.9174E+00   
 4.6604E+01    5.0742E+01    6.0723E+01    2.3589E+01    1.8499E+01    1.7500E+01    7.8992E+01    5.5980E+01    1.6922E+01    4.6956E+00    1.9136E+01    7.5738E+00    8.9174E+00   
# Time (s)      T1w (C)       T2w (C)       T1a (C)       T2a (C)       T1r (C)       T2r (C)       T3r (C)       T4r (C)       P1 (bar)      P2 (bar)      Ic (amp)      Qc (l/min)    
 4.7104E+01    5.0742E+01    6.0688E+01    2.3608E+01    1.8405E+01    1.7500E+01    7.9003E+01    5.6046E+01    1.6964E+01    4.7159E+00    1.9340E+01    7.6108E+00    8.9174E+00   
 4.7604E+01    5.0736E+01    6.0669E+01    2.3601E+01    1.8405E+01    1.7589E+01    7.9003E+01    5.6046E+01    1.6963E+01    4.7363E+00    1.9095E+01    7.3518E+00    8.9174E+00   
 4.8105E+01    5.0738E+01    6.0666E+01    2.3623E+01    1.8547E+01    1.7718E+01    7.9048E+01    5.6108E+01    1.7009E+01    4.7159E+00    1.9218E+01    7.6055E+00    8.9411E+00   
 4.8676E+01    5.0745E+01    6.0654E+01    2.3614E+01    1.8488E+01    1.7803E+01    7.9048E+01    5.6166E+01    1.7022E+01    4.7159E+00    1.9259E+01    7.6108E+00    8.8938E+00   
 4.9176E+01    5.0765E+01    6.0669E+01    2.3630E+01    1.8504E+01    1.7930E+01    7.9074E+01    5.6247E+01    1.7038E+01    4.7159E+00    1.9116E+01    7.3624E+00    8.8938E+00   
 4.9677E+01    5.0770E+01    6.0642E+01    2.3665E+01    1.8529E+01    1.8022E+01    7.9065E+01    5.6297E+01    1.7064E+01    4.7363E+00    1.9238E+01    7.3518E+00    8.9174E+00   
 5.0177E+01    5.0770E+01    6.0627E+01    2.3666E+01    1.8472E+01    1.8038E+01    7.9070E+01    5.6311E+01    1.7085E+01    4.7363E+00    1.9361E+01    7.5949E+00    8.9646E+00   
 5.0781E+01    5.0756E+01    6.0610E+01    2.3658E+01    1.8488E+01    1.8126E+01    7.9061E+01    5.6373E+01    1.7114E+01    4.7363E+00    1.9320E+01    7.5897E+00    8.9411E+00   
 5.1281E+01    5.0778E+01    6.0617E+01    2.3679E+01    1.8496E+01    1.8222E+01    7.9033E+01    5.6408E+01    1.7131E+01    4.7363E+00    1.9157E+01    7.3677E+00    8.9174E+00   
 5.1782E+01    5.0773E+01    6.0617E+01    2.3715E+01    1.8559E+01    1.8296E+01    7.9033E+01    5.6477E+01    1.7157E+01    4.7363E+00    1.9075E+01    7.3412E+00    8.9174E+00   
 5.2282E+01    5.0751E+01    6.0573E+01    2.3700E+01    1.8616E+01    1.8387E+01    7.9022E+01    5.6535E+01    1.7157E+01    4.7567E+00    1.9259E+01    7.4839E+00    8.9411E+00   
 5.2869E+01    5.0750E+01    6.0557E+01    2.3714E+01    1.8508E+01    1.8467E+01    7.8992E+01    5.6604E+01    1.7181E+01    4.7159E+00    1.9259E+01    7.4522E+00    8.9411E+00   
 5.3369E+01    5.0750E+01    6.0552E+01    2.3704E+01    1.8517E+01    1.8467E+01    7.8999E+01    5.6705E+01    1.7199E+01    4.7363E+00    1.9299E+01    7.6267E+00    8.8938E+00   
 5.3869E+01    5.0717E+01    6.0518E+01    2.3711E+01    1.8501E+01    1.8550E+01    7.9015E+01    5.6719E+01    1.7254E+01    4.7159E+00    1.9116E+01    7.5157E+00    8.8938E+00   
 5.4370E+01    5.0736E+01    6.0501E+01    2.3707E+01    1.8605E+01    1.8659E+01    7.8989E+01    5.6793E+01    1.7275E+01    4.7363E+00    1.9075E+01    7.5949E+00    8.8700E+00   
 5.4965E+01    5.0726E+01    6.0493E+01    2.3645E+01    1.8493E+01    1.8736E+01    7.8989E+01    5.6863E+01    1.7281E+01    4.7363E+00    1.9095E+01    7.4998E+00    8.9411E+00   
 5.5465E+01    5.0725E+01    6.0493E+01    2.3645E+01    1.8576E+01    1.8797E+01    7.8989E+01    5.6940E+01    1.7281E+01    4.7363E+00    1.9014E+01    7.4047E+00    8.8700E+00   
 5.5966E+01    5.0731E+01    6.0502E+01    2.3655E+01    1.8639E+01    1.8883E+01    7.8962E+01    5.6994E+01    1.7283E+01    4.7567E+00    1.9238E+01    7.5897E+00    8.9411E+00   
 5.6466E+01    5.0731E+01    6.0491E+01    2.3641E+01    1.8639E+01    1.8883E+01    7.8942E+01    5.6994E+01    1.7314E+01    4.7567E+00    1.9055E+01    7.6108E+00    8.9174E+00   
 5.7053E+01    5.0755E+01    6.0508E+01    2.3715E+01    1.8697E+01    1.8969E+01    7.8914E+01    5.7038E+01    1.7304E+01    4.7567E+00    1.9218E+01    7.3730E+00    8.8938E+00   
 5.7554E+01    5.0749E+01    6.0481E+01    2.3771E+01    1.8681E+01    1.9037E+01    7.8903E+01    5.7127E+01    1.7295E+01    4.7363E+00    1.9197E+01    7.3518E+00    8.8462E+00   
 5.8054E+01    5.0771E+01    6.0495E+01    2.3787E+01    1.8718E+01    1.9097E+01    7.8903E+01    5.7194E+01    1.7331E+01    4.7567E+00    1.9157E+01    7.3518E+00    8.9174E+00   
 5.8554E+01    5.0767E+01    6.0488E+01    2.3795E+01    1.8778E+01    1.9174E+01    7.8874E+01    5.7240E+01    1.7331E+01    4.7567E+00    1.9136E+01    7.3624E+00    8.9411E+00   
 5.9150E+01    5.0780E+01    6.0515E+01    2.3745E+01    1.8790E+01    1.9245E+01    7.8869E+01    5.7302E+01    1.7370E+01    4.7770E+00    1.9055E+01    7.3465E+00    8.9411E+00   
 5.9650E+01    5.0780E+01    6.0494E+01    2.3713E+01    1.8713E+01    1.9245E+01    7.8857E+01    5.7383E+01    1.7372E+01    4.7363E+00    1.9279E+01    7.3677E+00    8.9174E+00   
 6.0150E+01    5.0765E+01    6.0482E+01    2.3729E+01    1.8698E+01    1.9335E+01    7.8874E+01    5.7398E+01    1.7394E+01    4.7770E+00    1.9177E+01    7.3518E+00    8.9411E+00   
 6.0651E+01    5.0774E+01    6.0473E+01    2.3765E+01    1.8789E+01    1.9395E+01    7.8855E+01    5.7470E+01    1.7410E+01    4.7770E+00    1.9279E+01    7.5738E+00    8.9174E+00   
 6.1246E+01    5.0773E+01    6.0468E+01    2.3764E+01    1.8867E+01    1.9476E+01    7.8869E+01    5.7558E+01    1.7477E+01    4.7770E+00    1.9116E+01    7.3730E+00    8.9411E+00   
 6.1747E+01    5.0770E+01    6.0468E+01    2.3764E+01    1.8853E+01    1.9532E+01    7.8842E+01    5.7621E+01    1.7477E+01    4.7770E+00    1.9116E+01    7.5897E+00    8.9646E+00   
 6.2247E+01    5.0784E+01    6.0462E+01    2.3756E+01    1.8864E+01    1.9609E+01    7.8821E+01    5.7654E+01    1.7519E+01    4.8178E+00    1.9136E+01    7.5527E+00    8.9411E+00   
# Time (s)      T1w (C)       T2w (C)       T1a (C)       T2a (C)       T1r (C)       T2r (C)       T3r (C)       T4r (C)       P1 (bar)      P2 (bar)      Ic (amp)      Qc (l/min)    
 6.2747E+01    5.0784E+01    6.0444E+01    2.3731E+01    1.8864E+01    1.9609E+01    7.8822E+01    5.7654E+01    1.7546E+01    4.8178E+00    1.9157E+01    7.5209E+00    8.9411E+00   
 6.3358E+01    5.0750E+01    6.0438E+01    2.3749E+01    1.8844E+01    1.9693E+01    7.8830E+01    5.7727E+01    1.7596E+01    4.8382E+00    1.9055E+01    7.3624E+00    8.9411E+00   
 6.3859E+01    5.0762E+01    6.0435E+01    2.3737E+01    1.8860E+01    1.9747E+01    7.8816E+01    5.7771E+01    1.7632E+01    4.8382E+00    1.9218E+01    7.4681E+00    8.8938E+00   
 6.4359E+01    5.0757E+01    6.0435E+01    2.3775E+01    1.8904E+01    1.9796E+01    7.8802E+01    5.7847E+01    1.7670E+01    4.8178E+00    1.9238E+01    7.6267E+00    8.8938E+00   
 6.4859E+01    5.0759E+01    6.0431E+01    2.3775E+01    1.8950E+01    1.9848E+01    7.8817E+01    5.7877E+01    1.7654E+01    4.8382E+00    1.9136E+01    7.5368E+00    8.9411E+00   
 6.5431E+01    5.0730E+01    6.0400E+01    2.3688E+01    1.8878E+01    1.9893E+01    7.8827E+01    5.7906E+01    1.7723E+01    4.8585E+00    1.9075E+01    7.3518E+00    8.8938E+00   
 6.5931E+01    5.0715E+01    6.0389E+01    2.3644E+01    1.8889E+01    1.9893E+01    7.8838E+01    5.7914E+01    1.7734E+01    4.8382E+00    1.8993E+01    7.4892E+00    8.8938E+00   
 6.6431E+01    5.0724E+01    6.0398E+01    2.3612E+01    1.8889E+01    1.9937E+01    7.8864E+01    5.7914E+01    1.7774E+01    4.8585E+00    1.9055E+01    7.4575E+00    8.8938E+00   
 6.6932E+01    5.0728E+01    6.0412E+01    2.3586E+01    1.8844E+01    1.9996E+01    7.8864E+01    5.7960E+01    1.7789E+01    4.8382E+00    1.9136E+01    7.6002E+00    8.8938E+00   
 6.7535E+01    5.0738E+01    6.0412E+01    2.3554E+01    1.8931E+01    2.0057E+01    7.8883E+01    5.7992E+01    1.7807E+01    4.8789E+00    1.9095E+01    7.6478E+00    8.8700E+00   
 6.8035E+01    5.0752E+01    6.0440E+01    2.3569E+01    1.8918E+01    2.0129E+01    7.8865E+01    5.8043E+01    1.7823E+01    4.8789E+00    1.9095E+01    7.3782E+00    8.8938E+00   
 6.8536E+01    5.0762E+01    6.0437E+01    2.3562E+01    1.8981E+01    2.0177E+01    7.8866E+01    5.8031E+01    1.7846E+01    4.8789E+00    1.8993E+01    7.5949E+00    8.9411E+00   
 6.9036E+01    5.0762E+01    6.0443E+01    2.3589E+01    1.8981E+01    2.0177E+01    7.8838E+01    5.8048E+01    1.7883E+01    4.8789E+00    1.9157E+01    7.3782E+00    8.9174E+00   
 6.9615E+01    5.0764E+01    6.0440E+01    2.3609E+01    1.8980E+01    2.0209E+01    7.8827E+01    5.8048E+01    1.7876E+01    4.8789E+00    1.9177E+01    7.4152E+00    8.9411E+00   
 7.0116E+01    5.0772E+01    6.0456E+01    2.3656E+01    1.9032E+01    2.0274E+01    7.8826E+01    5.8094E+01    1.7898E+01    4.8993E+00    1.9157E+01    7.6214E+00    8.8938E+00   
 7.0616E+01    5.0770E+01    6.0456E+01    2.3656E+01    1.8995E+01    2.0325E+01    7.8826E+01    5.8096E+01    1.7914E+01    4.9196E+00    1.9034E+01    7.4522E+00    8.8938E+00   
 7.1116E+01    5.0756E+01    6.0470E+01    2.3623E+01    1.9040E+01    2.0359E+01    7.8843E+01    5.8075E+01    1.7914E+01    4.8993E+00    1.9075E+01    7.6531E+00    8.8938E+00   
 7.1728E+01    5.0768E+01    6.0484E+01    2.3554E+01    1.9018E+01    2.0394E+01    7.8879E+01    5.8104E+01    1.7949E+01    4.8993E+00    1.9055E+01    7.4047E+00    8.8938E+00   
 7.2228E+01    5.0768E+01    6.0479E+01    2.3534E+01    1.9107E+01    2.0378E+01    7.8878E+01    5.8110E+01    1.7944E+01    4.8789E+00    1.9259E+01    7.5738E+00    8.8938E+00   
 7.2729E+01    5.0764E+01    6.0502E+01    2.3558E+01    1.9107E+01    2.0426E+01    7.8862E+01    5.8110E+01    1.7976E+01    4.8993E+00    1.9157E+01    7.5474E+00    8.9174E+00   
 7.3229E+01    5.0763E+01    6.0497E+01    2.3547E+01    1.9155E+01    2.0463E+01    7.8862E+01    5.8128E+01    1.8017E+01    4.9196E+00    1.9116E+01    7.6689E+00    8.9411E+00   
 7.3800E+01    5.0772E+01    6.0497E+01    2.3522E+01    1.9088E+01    2.0494E+01    7.8842E+01    5.8163E+01    1.8054E+01    4.9196E+00    1.9116E+01    7.6584E+00    8.8938E+00   
 7.4300E+01    5.0757E+01    6.0493E+01    2.3506E+01    1.9055E+01    2.0513E+01    7.8812E+01    5.8151E+01    1.8038E+01    4.9400E+00    1.9218E+01    7.3941E+00    8.8938E+00   
 7.4801E+01    5.0757E+01    6.0499E+01    2.3490E+01    1.9062E+01    2.0513E+01    7.8807E+01    5.8148E+01    1.8095E+01    4.8993E+00    1.9136E+01    7.4998E+00    8.8938E+00   
 7.5301E+01    5.0757E+01    6.0497E+01    2.3471E+01    1.9062E+01    2.0523E+01    7.8778E+01    5.8134E+01    1.8098E+01    4.9400E+00    1.9116E+01    7.3941E+00    8.9411E+00   
 7.5896E+01    5.0763E+01    6.0506E+01    2.3457E+01    1.9097E+01    2.0570E+01    7.8757E+01    5.8131E+01    1.8132E+01    4.9196E+00    1.9136E+01    7.5474E+00    8.9646E+00   
 7.6397E+01    5.0738E+01    6.0504E+01    2.3455E+01    1.9104E+01    2.0605E+01    7.8749E+01    5.8152E+01    1.8177E+01    4.9196E+00    1.9340E+01    7.4205E+00    8.9411E+00   
 7.6897E+01    5.0750E+01    6.0504E+01    2.3455E+01    1.9080E+01    2.0632E+01    7.8749E+01    5.8177E+01    1.8177E+01    4.9604E+00    1.9259E+01    7.4470E+00    8.8938E+00   
 7.7397E+01    5.0754E+01    6.0510E+01    2.3490E+01    1.9123E+01    2.0667E+01    7.8758E+01    5.8192E+01    1.8212E+01    4.9400E+00    1.9279E+01    7.4100E+00    8.9174E+00   
 7.7969E+01    5.0750E+01    6.0521E+01    2.3567E+01    1.9091E+01    2.0667E+01    7.8766E+01    5.8170E+01    1.8232E+01    4.9196E+00    1.9177E+01    7.6584E+00    8.8938E+00   
# Time (s)      T1w (C)       T2w (C)       T1a (C)       T2a (C)       T1r (C)       T2r (C)       T3r (C)       T4r (C)       P1 (bar)      P2 (bar)      Ic (amp)      Qc (l/min)    
 7.8469E+01    5.0764E+01    6.0523E+01    2.3569E+01    1.9107E+01    2.0696E+01    7.8775E+01    5.8170E+01    1.8265E+01    4.9604E+00    1.9197E+01    7.4364E+00    8.9174E+00   
 7.8969E+01    5.0774E+01    6.0536E+01    2.3549E+01    1.9163E+01    2.0718E+01    7.8755E+01    5.8160E+01    1.8263E+01    4.9196E+00    1.9095E+01    7.6002E+00    8.9411E+00   
 7.9469E+01    5.0767E+01    6.0524E+01    2.3608E+01    1.9095E+01    2.0738E+01    7.8755E+01    5.8176E+01    1.8287E+01    4.9400E+00    1.9116E+01    7.4205E+00    8.9411E+00   
 8.0057E+01    5.0781E+01    6.0539E+01    2.3624E+01    1.9129E+01    2.0774E+01    7.8739E+01    5.8166E+01    1.8303E+01    4.9808E+00    1.9136E+01    7.4311E+00    8.8938E+00   
 8.0557E+01    5.0791E+01    6.0567E+01    2.3653E+01    1.9203E+01    2.0786E+01    7.8710E+01    5.8158E+01    1.8303E+01    4.9400E+00    1.9320E+01    7.4311E+00    8.9411E+00   
 8.1058E+01    5.0791E+01    6.0572E+01    2.3705E+01    1.9258E+01    2.0771E+01    7.8656E+01    5.8142E+01    1.8323E+01    4.9808E+00    1.9320E+01    7.4258E+00    8.9411E+00   
 8.1558E+01    5.0791E+01    6.0583E+01    2.3687E+01    1.9258E+01    2.0791E+01    7.8620E+01    5.8142E+01    1.8347E+01    4.9808E+00    1.9361E+01    7.6002E+00    8.9411E+00   
 8.2129E+01    5.0794E+01    6.0593E+01    2.3697E+01    1.9212E+01    2.0800E+01    7.8598E+01    5.8131E+01    1.8358E+01    4.9808E+00    1.9340E+01    7.5844E+00    8.8938E+00   
 8.2630E+01    5.0797E+01    6.0592E+01    2.3663E+01    1.9204E+01    2.0817E+01    7.8598E+01    5.8185E+01    1.8396E+01    4.9808E+00    1.9157E+01    7.5262E+00    8.9411E+00   
 8.3130E+01    5.0798E+01    6.0592E+01    2.3663E+01    1.9210E+01    2.0826E+01    7.8577E+01    5.8167E+01    1.8380E+01    4.9604E+00    1.9157E+01    7.4945E+00    8.8938E+00   
 8.3630E+01    5.0790E+01    6.0592E+01    2.3628E+01    1.9229E+01    2.0842E+01    7.8572E+01    5.8170E+01    1.8415E+01    4.9604E+00    1.9197E+01    7.4100E+00    8.9174E+00   
 8.4233E+01    5.0792E+01    6.0610E+01    2.3591E+01    1.9278E+01    2.0842E+01    7.8556E+01    5.8160E+01    1.8414E+01    5.0011E+00    1.9279E+01    7.4470E+00    8.9174E+00   
 8.4734E+01    5.0792E+01    6.0613E+01    2.3569E+01    1.9278E+01    2.0867E+01    7.8576E+01    5.8160E+01    1.8465E+01    4.9808E+00    1.9238E+01    7.4258E+00    8.9174E+00   
 8.5234E+01    5.0795E+01    6.0614E+01    2.3554E+01    1.9255E+01    2.0894E+01    7.8614E+01    5.8186E+01    1.8506E+01    5.0419E+00    1.9218E+01    7.6267E+00    8.8938E+00   
 8.5734E+01    5.0808E+01    6.0620E+01    2.3541E+01    1.9228E+01    2.0918E+01    7.8614E+01    5.8202E+01    1.8530E+01    5.0011E+00    1.9136E+01    7.4258E+00    8.9174E+00   
 8.6306E+01    5.0801E+01    6.0620E+01    2.3541E+01    1.9301E+01    2.0933E+01    7.8648E+01    5.8212E+01    1.8530E+01    5.0011E+00    1.9136E+01    7.6637E+00    8.8700E+00   
 8.6806E+01    5.0804E+01    6.0630E+01    2.3539E+01    1.9337E+01    2.0950E+01    7.8708E+01    5.8226E+01    1.8556E+01    5.0011E+00    1.9177E+01    7.5157E+00    8.8700E+00   
 8.7306E+01    5.0804E+01    6.0620E+01    2.3607E+01    1.9337E+01    2.0966E+01    7.8765E+01    5.8202E+01    1.8591E+01    5.0215E+00    1.9401E+01    7.7112E+00    8.9411E+00   
 8.7807E+01    5.0807E+01    6.0637E+01    2.3565E+01    1.9311E+01    2.0970E+01    7.8788E+01    5.8202E+01    1.8604E+01    5.0011E+00    1.9401E+01    7.5579E+00    8.8938E+00   
 8.8410E+01    5.0807E+01    6.0638E+01    2.3584E+01    1.9330E+01    2.0975E+01    7.8803E+01    5.8171E+01    1.8617E+01    5.0011E+00    1.9157E+01    7.5262E+00    8.9411E+00   
 8.8910E+01    5.0804E+01    6.0637E+01    2.3577E+01    1.9405E+01    2.0983E+01    7.8803E+01    5.8182E+01    1.8620E+01    5.0215E+00    1.9177E+01    7.5632E+00    8.9411E+00   
 8.9411E+01    5.0804E+01    6.0637E+01    2.3577E+01    1.9358E+01    2.0977E+01    7.8826E+01    5.8194E+01    1.8620E+01    5.0419E+00    1.9422E+01    7.6002E+00    8.8938E+00   
 8.9911E+01    5.0802E+01    6.0638E+01    2.3581E+01    1.9414E+01    2.0977E+01    7.8834E+01    5.8205E+01    1.8631E+01    5.0419E+00    1.9381E+01    7.4998E+00    8.8938E+00   
 9.0522E+01    5.0802E+01    6.0646E+01    2.3629E+01    1.9430E+01    2.0982E+01    7.8859E+01    5.8246E+01    1.8655E+01    5.0215E+00    1.9361E+01    7.4470E+00    8.8938E+00   
 9.1023E+01    5.0802E+01    6.0645E+01    2.3654E+01    1.9430E+01    2.0970E+01    7.8868E+01    5.8241E+01    1.8656E+01    5.0011E+00    1.9320E+01    7.6372E+00    8.8938E+00   
 9.1523E+01    5.0810E+01    6.0653E+01    2.3629E+01    1.9427E+01    2.0959E+01    7.8883E+01    5.8241E+01    1.8663E+01    5.0215E+00    1.9218E+01    7.4734E+00    8.9174E+00   
 9.2023E+01    5.0801E+01    6.0662E+01    2.3629E+01    1.9445E+01    2.0927E+01    7.8883E+01    5.8208E+01    1.8669E+01    5.0011E+00    1.9259E+01    7.6901E+00    8.8938E+00   
 9.2619E+01    5.0791E+01    6.0662E+01    2.3701E+01    1.9451E+01    2.0918E+01    7.8907E+01    5.8274E+01    1.8708E+01    5.0011E+00    1.9218E+01    7.4734E+00    8.9646E+00   
 9.3119E+01    5.0802E+01    6.0653E+01    2.3876E+01    1.9364E+01    2.0872E+01    7.8924E+01    5.8238E+01    1.8708E+01    4.9808E+00    1.9259E+01    7.4417E+00    8.9646E+00   
 9.3620E+01    5.0792E+01    6.0657E+01    2.4003E+01    1.9396E+01    2.0872E+01    7.8927E+01    5.8263E+01    1.8726E+01    5.0011E+00    1.9381E+01    7.5051E+00    8.9174E+00   
# Time (s)      T1w (C)       T2w (C)       T1a (C)       T2a (C)       T1r (C)       T2r (C)       T3r (C)       T4r (C)       P1 (bar)      P2 (bar)      Ic (amp)      Qc (l/min)    
 9.4120E+01    5.0792E+01    6.0669E+01    2.3920E+01    1.9396E+01    2.0792E+01    7.8950E+01    5.8263E+01    1.8743E+01    4.9808E+00    1.9218E+01    7.4258E+00    8.9174E+00   
 9.4691E+01    5.0792E+01    6.0662E+01    2.3859E+01    1.9386E+01    2.0659E+01    7.8958E+01    5.8265E+01    1.8787E+01    5.0215E+00    1.9259E+01    7.4364E+00    8.9411E+00   
 9.5191E+01    5.0793E+01    6.0665E+01    2.3767E+01    1.9426E+01    2.0414E+01    7.8958E+01    5.8313E+01    1.8816E+01    5.0419E+00    1.9238E+01    7.5315E+00    8.9411E+00   
 9.5692E+01    5.0793E+01    6.0665E+01    2.3767E+01    1.9503E+01    1.9984E+01    7.8948E+01    5.8326E+01    1.8816E+01    5.0011E+00    1.9157E+01    7.4364E+00    8.9411E+00   
 9.6192E+01    5.0802E+01    6.0666E+01    2.3655E+01    1.9412E+01    1.9984E+01    7.8960E+01    5.8343E+01    1.8850E+01    5.0419E+00    1.9177E+01    7.5949E+00    8.8938E+00   
 9.6803E+01    5.0782E+01    6.0668E+01    2.3644E+01    1.9444E+01    1.9603E+01    7.8932E+01    5.8342E+01    1.8871E+01    5.0419E+00    1.9177E+01    7.6055E+00    8.9411E+00   
 9.7304E+01    5.0782E+01    6.0660E+01    2.3646E+01    1.9444E+01    1.9303E+01    7.8893E+01    5.8342E+01    1.8896E+01    5.0419E+00    1.9197E+01    7.4522E+00    8.8938E+00   
 9.7804E+01    5.0801E+01    6.0664E+01    2.3609E+01    1.9571E+01    1.9063E+01    7.8866E+01    5.8322E+01    1.8914E+01    5.0215E+00    1.9422E+01    7.5368E+00    8.9882E+00   
 9.8304E+01    5.0792E+01    6.0650E+01    2.3609E+01    1.9545E+01    1.8875E+01    7.8880E+01    5.8327E+01    1.8921E+01    5.0419E+00    1.9381E+01    7.6795E+00    8.9411E+00   
 9.8908E+01    5.0798E+01    6.0650E+01    2.3600E+01    1.9560E+01    1.8668E+01    7.8847E+01    5.8300E+01    1.8922E+01    5.0215E+00    1.9299E+01    7.4734E+00    8.9646E+00   
 9.9408E+01    5.0793E+01    6.0667E+01    2.3589E+01    1.9477E+01    1.8525E+01    7.8780E+01    5.8309E+01    1.8937E+01    5.0419E+00    1.9401E+01    7.4628E+00    8.9411E+00   
 9.9909E+01    5.0808E+01    6.0671E+01    2.3615E+01    1.9454E+01    1.8525E+01    7.8759E+01    5.8285E+01    1.8902E+01    5.0419E+00    1.9483E+01    7.5051E+00    8.9411E+00   
 1.0041E+02    5.0808E+01    6.0697E+01    2.3566E+01    1.9454E+01    1.8366E+01    7.8720E+01    5.8299E+01    1.8912E+01    5.0215E+00    1.9238E+01    7.5368E+00    8.9174E+00   
 1.0099E+02    5.0807E+01    6.0683E+01    2.3520E+01    1.9469E+01    1.8215E+01    7.8688E+01    5.8256E+01    1.8865E+01    5.0215E+00    1.9401E+01    7.4998E+00    8.9174E+00   
 1.0149E+02    5.0811E+01    6.0724E+01    2.3501E+01    1.9485E+01    1.8088E+01    7.8702E+01    5.8235E+01    1.8863E+01    5.0215E+00    1.9320E+01    7.6848E+00    8.9174E+00   
 1.0199E+02    5.0814E+01    6.0724E+01    2.3501E+01    1.9527E+01    1.7948E+01    7.8672E+01    5.8192E+01    1.8863E+01    5.0215E+00    1.9422E+01    7.5791E+00    8.9411E+00   
 1.0249E+02    5.0835E+01    6.0754E+01    2.3521E+01    1.9605E+01    1.7807E+01    7.8684E+01    5.8122E+01    1.8802E+01    4.9604E+00    1.9524E+01    7.6319E+00    8.9174E+00   
 1.0306E+02    5.0838E+01    6.0785E+01    2.3513E+01    1.9605E+01    1.7807E+01    7.8674E+01    5.8061E+01    1.8785E+01    5.0011E+00    1.9340E+01    7.6689E+00    8.9411E+00   
 1.0356E+02    5.0838E+01    6.0804E+01    2.3566E+01    1.9479E+01    1.7687E+01    7.8642E+01    5.8061E+01    1.8754E+01    5.0011E+00    1.9605E+01    7.5949E+00    8.8938E+00   
 1.0406E+02    5.0829E+01    6.0822E+01    2.3568E+01    1.9463E+01    1.7584E+01    7.8649E+01    5.8002E+01    1.8709E+01    5.0011E+00    1.9401E+01    7.6267E+00    8.9174E+00   
 1.0456E+02    5.0830E+01    6.0822E+01    2.3568E+01    1.9527E+01    1.7460E+01    7.8649E+01    5.7950E+01    1.8665E+01    5.0011E+00    1.9442E+01    7.6637E+00    8.9174E+00   
 1.0517E+02    5.0839E+01    6.0844E+01    2.3562E+01    1.9437E+01    1.7375E+01    7.8625E+01    5.7885E+01    1.8665E+01    5.0011E+00    1.9442E+01    7.6267E+00    8.9646E+00   
 1.0567E+02    5.0822E+01    6.0847E+01    2.3520E+01    1.9412E+01    1.7267E+01    7.8614E+01    5.7802E+01    1.8621E+01    4.9604E+00    1.9463E+01    7.5051E+00    8.8938E+00   
 1.0617E+02    5.0818E+01    6.0877E+01    2.3634E+01    1.9412E+01    1.7267E+01    7.8642E+01    5.7709E+01    1.8567E+01    5.0011E+00    1.9381E+01    7.5527E+00    8.9411E+00   
 1.0667E+02    5.0804E+01    6.0873E+01    2.3626E+01    1.9362E+01    1.7179E+01    7.8645E+01    5.7709E+01    1.8532E+01    4.9604E+00    1.9463E+01    7.5368E+00    8.9174E+00   
 1.0724E+02    5.0793E+01    6.0887E+01    2.3612E+01    1.9252E+01    1.7071E+01    7.8687E+01    5.7629E+01    1.8468E+01    4.9808E+00    1.9565E+01    7.7535E+00    8.9882E+00   
 1.0775E+02    5.0810E+01    6.0918E+01    2.3612E+01    1.9273E+01    1.6990E+01    7.8687E+01    5.7562E+01    1.8395E+01    4.9604E+00    1.9544E+01    7.5315E+00    8.9646E+00   
 1.0825E+02    5.0797E+01    6.0918E+01    2.3737E+01    1.9200E+01    1.6924E+01    7.8700E+01    5.7475E+01    1.8395E+01    4.9400E+00    1.9585E+01    7.7059E+00    8.9174E+00   
 1.0875E+02    5.0805E+01    6.0920E+01    2.3877E+01    1.9165E+01    1.6924E+01    7.8726E+01    5.7391E+01    1.8338E+01    4.9400E+00    1.9585E+01    7.4892E+00    8.9646E+00   
 1.0934E+02    5.0804E+01    6.0956E+01    2.3840E+01    1.9181E+01    1.6855E+01    7.8779E+01    5.7318E+01    1.8294E+01    4.9196E+00    1.9483E+01    7.4787E+00    8.9174E+00   
# Time (s)      T1w (C)       T2w (C)       T1a (C)       T2a (C)       T1r (C)       T2r (C)       T3r (C)       T4r (C)       P1 (bar)      P2 (bar)      Ic (amp)      Qc (l/min)    
 1.0984E+02    5.0804E+01    6.0968E+01    2.3725E+01    1.9215E+01    1.6790E+01    7.8813E+01    5.7318E+01    1.8224E+01    4.9400E+00    1.9646E+01    7.4892E+00    8.9411E+00   
 1.1034E+02    5.0825E+01    6.0978E+01    2.3646E+01    1.9228E+01    1.6697E+01    7.8813E+01    5.7241E+01    1.8182E+01    4.9400E+00    1.9463E+01    7.6478E+00    8.8938E+00   
 1.1084E+02    5.0814E+01    6.0978E+01    2.3646E+01    1.9227E+01    1.6646E+01    7.8874E+01    5.7179E+01    1.8117E+01    4.9196E+00    1.9524E+01    7.6161E+00    8.8938E+00   
 1.1142E+02    5.0824E+01    6.1002E+01    2.3579E+01    1.9224E+01    1.6597E+01    7.8910E+01    5.7116E+01    1.8117E+01    4.8789E+00    1.9524E+01    7.5791E+00    8.9174E+00   
 1.1192E+02    5.0828E+01    6.0992E+01    2.3538E+01    1.9204E+01    1.6597E+01    7.8949E+01    5.7047E+01    1.8057E+01    4.9196E+00    1.9503E+01    7.7588E+00    8.9411E+00   
 1.1242E+02    5.0828E+01    6.0998E+01    2.3515E+01    1.9204E+01    1.6562E+01    7.8983E+01    5.6992E+01    1.8012E+01    4.8993E+00    1.9503E+01    7.7535E+00    8.9174E+00   
 1.1292E+02    5.0815E+01    6.1022E+01    2.3477E+01    1.9069E+01    1.6530E+01    7.9023E+01    5.6992E+01    1.7965E+01    4.8993E+00    1.9646E+01    7.6584E+00    8.9174E+00   
 1.1353E+02    5.0813E+01    6.1003E+01    2.3489E+01    1.9032E+01    1.6467E+01    7.9063E+01    5.6914E+01    1.7895E+01    4.8993E+00    1.9422E+01    7.4787E+00    8.9174E+00   
 1.1403E+02    5.0798E+01    6.0999E+01    2.3489E+01    1.8971E+01    1.6420E+01    7.9063E+01    5.6858E+01    1.7842E+01    4.8585E+00    1.9646E+01    7.4998E+00    8.9174E+00   
 1.1453E+02    5.0810E+01    6.0999E+01    2.3472E+01    1.9017E+01    1.6373E+01    7.9107E+01    5.6775E+01    1.7842E+01    4.8382E+00    1.9667E+01    7.5209E+00    8.8938E+00   
 1.1503E+02    5.0814E+01    6.1012E+01    2.3517E+01    1.9007E+01    1.6373E+01    7.9126E+01    5.6699E+01    1.7786E+01    4.8585E+00    1.9646E+01    7.7165E+00    8.9411E+00   
 1.1561E+02    5.0814E+01    6.1006E+01    2.3567E+01    1.9007E+01    1.6370E+01    7.9147E+01    5.6631E+01    1.7776E+01    4.8382E+00    1.9687E+01    7.5527E+00    8.9411E+00   
 1.1611E+02    5.0812E+01    6.1020E+01    2.3556E+01    1.8886E+01    1.6314E+01    7.9154E+01    5.6631E+01    1.7712E+01    4.8178E+00    1.9687E+01    7.7165E+00    8.8938E+00   
 1.1661E+02    5.0815E+01    6.1012E+01    2.3600E+01    1.8958E+01    1.6304E+01    7.9154E+01    5.6533E+01    1.7659E+01    4.8178E+00    1.9483E+01    7.4945E+00    8.9174E+00   
 1.1711E+02    5.0801E+01    6.1012E+01    2.3600E+01    1.8831E+01    1.6284E+01    7.9164E+01    5.6447E+01    1.7659E+01    4.8382E+00    1.9483E+01    7.4681E+00    8.9411E+00   
 1.1772E+02    5.0817E+01    6.1021E+01    2.3599E+01    1.8781E+01    1.6284E+01    7.9133E+01    5.6395E+01    1.7605E+01    4.7974E+00    1.9463E+01    7.6954E+00    8.9411E+00   
 1.1822E+02    5.0816E+01    6.1006E+01    2.3597E+01    1.8859E+01    1.6284E+01    7.9131E+01    5.6367E+01    1.7585E+01    4.8382E+00    1.9422E+01    7.4839E+00    8.9174E+00   
 1.1872E+02    5.0831E+01    6.1033E+01    2.3592E+01    1.8875E+01    1.6307E+01    7.9134E+01    5.6335E+01    1.7549E+01    4.8178E+00    1.9667E+01    7.7376E+00    8.9411E+00   
 1.1922E+02    5.0823E+01    6.1016E+01    2.3510E+01    1.8832E+01    1.6332E+01    7.9136E+01    5.6335E+01    1.7484E+01    4.8178E+00    1.9667E+01    7.4628E+00    8.9174E+00   
 1.1982E+02    5.0834E+01    6.1017E+01    2.3419E+01    1.8751E+01    1.6367E+01    7.9110E+01    5.6247E+01    1.7405E+01    4.7974E+00    1.9565E+01    7.4470E+00    8.9174E+00   
 1.2032E+02    5.0837E+01    6.1011E+01    2.3419E+01    1.8745E+01    1.6413E+01    7.9096E+01    5.6187E+01    1.7328E+01    4.7974E+00    1.9401E+01    7.6267E+00    8.9411E+00   
 1.2082E+02    5.0838E+01    6.1011E+01    2.3390E+01    1.8718E+01    1.6441E+01    7.9086E+01    5.6148E+01    1.7328E+01    4.7974E+00    1.9422E+01    7.5949E+00    8.9174E+00   
 1.2132E+02    5.0830E+01    6.1006E+01    2.3389E+01    1.8663E+01    1.6441E+01    7.9087E+01    5.6103E+01    1.7277E+01    4.7567E+00    1.9544E+01    7.4734E+00    8.8938E+00   
 1.2190E+02    5.0825E+01    6.1007E+01    2.3472E+01    1.8663E+01    1.6529E+01    7.9093E+01    5.6079E+01    1.7247E+01    4.7567E+00    1.9463E+01    7.6055E+00    8.8700E+00   
 1.2240E+02    5.0811E+01    6.0996E+01    2.3533E+01    1.8672E+01    1.6597E+01    7.9086E+01    5.6079E+01    1.7221E+01    4.7567E+00    1.9422E+01    7.5791E+00    8.8938E+00   
 1.2290E+02    5.0829E+01    6.0993E+01    2.3568E+01    1.8648E+01    1.6668E+01    7.9086E+01    5.6042E+01    1.7162E+01    4.7770E+00    1.9463E+01    7.4522E+00    8.8938E+00   
 1.2340E+02    5.0816E+01    6.0993E+01    2.3568E+01    1.8564E+01    1.6735E+01    7.9083E+01    5.5981E+01    1.7162E+01    4.7363E+00    1.9381E+01    7.6742E+00    8.9174E+00   
 1.2397E+02    5.0822E+01    6.0986E+01    2.3534E+01    1.8551E+01    1.6827E+01    7.9072E+01    5.5987E+01    1.7146E+01    4.7567E+00    1.9361E+01    7.4258E+00    8.9411E+00   
 1.2447E+02    5.0832E+01    6.0971E+01    2.3534E+01    1.8495E+01    1.6827E+01    7.9053E+01    5.5997E+01    1.7116E+01    4.7363E+00    1.9381E+01    7.4311E+00    8.8938E+00   
 1.2497E+02    5.0832E+01    6.0959E+01    2.3504E+01    1.8495E+01    1.6917E+01    7.9059E+01    5.5997E+01    1.7105E+01    4.7363E+00    1.9503E+01    7.4364E+00    8.8938E+00   
# Time (s)      T1w (C)       T2w (C)       T1a (C)       T2a (C)       T1r (C)       T2r (C)       T3r (C)       T4r (C)       P1 (bar)      P2 (bar)      Ic (amp)      Qc (l/min)    
 1.2547E+02    5.0823E+01    6.0944E+01    2.3528E+01    1.8456E+01    1.7013E+01    7.9086E+01    5.5999E+01    1.7088E+01    4.7363E+00    1.9503E+01    7.4522E+00    8.9174E+00   
 1.2609E+02    5.0825E+01    6.0941E+01    2.3588E+01    1.8397E+01    1.7101E+01    7.9086E+01    5.6032E+01    1.7078E+01    4.6956E+00    1.9401E+01    7.6055E+00    8.9174E+00   
 1.2659E+02    5.0830E+01    6.0941E+01    2.3588E+01    1.8423E+01    1.7195E+01    7.9118E+01    5.6025E+01    1.7052E+01    4.7363E+00    1.9340E+01    7.4152E+00    8.9411E+00   
 1.2709E+02    5.0826E+01    6.0907E+01    2.3586E+01    1.8416E+01    1.7272E+01    7.9126E+01    5.6055E+01    1.7052E+01    4.7363E+00    1.9259E+01    7.6425E+00    8.9411E+00   
 1.2759E+02    5.0834E+01    6.0894E+01    2.3661E+01    1.8585E+01    1.7272E+01    7.9170E+01    5.6096E+01    1.7034E+01    4.7159E+00    1.9361E+01    7.3888E+00    8.9882E+00   
 1.2816E+02    5.0834E+01    6.0873E+01    2.3678E+01    1.8585E+01    1.7372E+01    7.9175E+01    5.6143E+01    1.7032E+01    4.7159E+00    1.9401E+01    7.4417E+00    8.9174E+00   
 1.2866E+02    5.0845E+01    6.0845E+01    2.3732E+01    1.8554E+01    1.7464E+01    7.9173E+01    5.6129E+01    1.7022E+01    4.7159E+00    1.9361E+01    7.6478E+00    8.9411E+00   
 1.2916E+02    5.0850E+01    6.0829E+01    2.3732E+01    1.8497E+01    1.7541E+01    7.9173E+01    5.6154E+01    1.7062E+01    4.7363E+00    1.9463E+01    7.3782E+00    8.9411E+00   
 1.2966E+02    5.0850E+01    6.0829E+01    2.3750E+01    1.8531E+01    1.7632E+01    7.9170E+01    5.6197E+01    1.7046E+01    4.7159E+00    1.9299E+01    7.6478E+00    8.8938E+00   
 1.3026E+02    5.0851E+01    6.0800E+01    2.3674E+01    1.8388E+01    1.7724E+01    7.9183E+01    5.6223E+01    1.7059E+01    4.7363E+00    1.9136E+01    7.3835E+00    8.9174E+00   
 1.3076E+02    5.0844E+01    6.0787E+01    2.3626E+01    1.8386E+01    1.7708E+01    7.9169E+01    5.6266E+01    1.7066E+01    4.7159E+00    1.9259E+01    7.5051E+00    8.8938E+00   
 1.3127E+02    5.0844E+01    6.0773E+01    2.3497E+01    1.8386E+01    1.7811E+01    7.9169E+01    5.6266E+01    1.7100E+01    4.7159E+00    1.9259E+01    7.3888E+00    8.8700E+00   
 1.3177E+02    5.0837E+01    6.0734E+01    2.3406E+01    1.8422E+01    1.7883E+01    7.9150E+01    5.6289E+01    1.7101E+01    4.7363E+00    1.9442E+01    7.4522E+00    8.8938E+00   
 1.3234E+02    5.0830E+01    6.0718E+01    2.3385E+01    1.8442E+01    1.7990E+01    7.9150E+01    5.6326E+01    1.7132E+01    4.7159E+00    1.9218E+01    7.4839E+00    8.9174E+00   
 1.3284E+02    5.0843E+01    6.0718E+01    2.3385E+01    1.8419E+01    1.8072E+01    7.9159E+01    5.6401E+01    1.7152E+01    4.7363E+00    1.9197E+01    7.3782E+00    8.9411E+00   
 1.3335E+02    5.0847E+01    6.0710E+01    2.3359E+01    1.8542E+01    1.8072E+01    7.9154E+01    5.6468E+01    1.7152E+01    4.7159E+00    1.9361E+01    7.4152E+00    8.9174E+00   
 1.3385E+02    5.0836E+01    6.0683E+01    2.3467E+01    1.8542E+01    1.8154E+01    7.9154E+01    5.6549E+01    1.7188E+01    4.7363E+00    1.9299E+01    7.3677E+00    8.9411E+00   
 1.3445E+02    5.0836E+01    6.0675E+01    2.3538E+01    1.8534E+01    1.8267E+01    7.9164E+01    5.6626E+01    1.7211E+01    4.7567E+00    1.9238E+01    7.6214E+00    8.9411E+00   
 1.3495E+02    5.0834E+01    6.0665E+01    2.3563E+01    1.8524E+01    1.8323E+01    7.9164E+01    5.6626E+01    1.7237E+01    4.7567E+00    1.9279E+01    7.3677E+00    8.9411E+00   
 1.3545E+02    5.0836E+01    6.0650E+01    2.3563E+01    1.8547E+01    1.8404E+01    7.9164E+01    5.6688E+01    1.7260E+01    4.7363E+00    1.9197E+01    7.3730E+00    8.8700E+00   
 1.3595E+02    5.0840E+01    6.0650E+01    2.3612E+01    1.8588E+01    1.8484E+01    7.9187E+01    5.6771E+01    1.7260E+01    4.7363E+00    1.9157E+01    7.3835E+00    8.8938E+00   
 1.3652E+02    5.0841E+01    6.0644E+01    2.3633E+01    1.8528E+01    1.8579E+01    7.9171E+01    5.6826E+01    1.7288E+01    4.7363E+00    1.9157E+01    7.6214E+00    8.9174E+00   
 1.3702E+02    5.0824E+01    6.0627E+01    2.3632E+01    1.8528E+01    1.8579E+01    7.9148E+01    5.6894E+01    1.7336E+01    4.7567E+00    1.9218E+01    7.5527E+00    8.9411E+00   
 1.3752E+02    5.0824E+01    6.0621E+01    2.3612E+01    1.8512E+01    1.8652E+01    7.9112E+01    5.6894E+01    1.7347E+01    4.7363E+00    1.9095E+01    7.6425E+00    8.9646E+00   
 1.3802E+02    5.0842E+01    6.0611E+01    2.3639E+01    1.8597E+01    1.8734E+01    7.9112E+01    5.6951E+01    1.7335E+01    4.7770E+00    1.9197E+01    7.4839E+00    8.9174E+00   
 1.3863E+02    5.0844E+01    6.0613E+01    2.3655E+01    1.8558E+01    1.8822E+01    7.9087E+01    5.7022E+01    1.7334E+01    4.7567E+00    1.9157E+01    7.5262E+00    8.9174E+00   
 1.3913E+02    5.0842E+01    6.0613E+01    2.3655E+01    1.8654E+01    1.8896E+01    7.9065E+01    5.7102E+01    1.7318E+01    4.7567E+00    1.9197E+01    7.4998E+00    8.9174E+00   
 1.3963E+02    5.0841E+01    6.0602E+01    2.3632E+01    1.8668E+01    1.8896E+01    7.9041E+01    5.7180E+01    1.7318E+01    4.7363E+00    1.9157E+01    7.5315E+00    8.8938E+00   
 1.4013E+02    5.0850E+01    6.0599E+01    2.3641E+01    1.8668E+01    1.8953E+01    7.9016E+01    5.7247E+01    1.7317E+01    4.7363E+00    1.9299E+01    7.4152E+00    8.9174E+00   
 1.4070E+02    5.0850E+01    6.0594E+01    2.3629E+01    1.8675E+01    1.9034E+01    7.9024E+01    5.7247E+01    1.7322E+01    4.7567E+00    1.9320E+01    7.5209E+00    8.9174E+00   
# Time (s)      T1w (C)       T2w (C)       T1a (C)       T2a (C)       T1r (C)       T2r (C)       T3r (C)       T4r (C)       P1 (bar)      P2 (bar)      Ic (amp)      Qc (l/min)    
 1.4120E+02    5.0834E+01    6.0583E+01    2.3657E+01    1.8751E+01    1.9118E+01    7.9024E+01    5.7315E+01    1.7335E+01    4.7770E+00    1.9157E+01    7.3782E+00    8.9174E+00   
 1.4170E+02    5.0848E+01    6.0581E+01    2.3657E+01    1.8744E+01    1.9169E+01    7.9032E+01    5.7374E+01    1.7341E+01    4.7363E+00    1.9177E+01    7.4100E+00    8.9174E+00   
 1.4220E+02    5.0850E+01    6.0581E+01    2.3631E+01    1.8746E+01    1.9231E+01    7.9034E+01    5.7427E+01    1.7341E+01    4.7567E+00    1.9055E+01    7.4311E+00    8.9411E+00   
 1.4278E+02    5.0859E+01    6.0575E+01    2.3572E+01    1.8702E+01    1.9231E+01    7.9026E+01    5.7485E+01    1.7358E+01    4.7567E+00    1.9136E+01    7.6055E+00    8.9411E+00   
 1.4328E+02    5.0865E+01    6.0579E+01    2.3522E+01    1.8702E+01    1.9302E+01    7.9036E+01    5.7562E+01    1.7356E+01    4.7974E+00    1.9218E+01    7.3624E+00    8.9174E+00   
 1.4378E+02    5.0880E+01    6.0583E+01    2.3567E+01    1.8726E+01    1.9367E+01    7.9046E+01    5.7562E+01    1.7396E+01    4.7974E+00    1.9197E+01    7.5632E+00    8.8938E+00   
 1.4428E+02    5.0881E+01    6.0575E+01    2.3576E+01    1.8714E+01    1.9422E+01    7.9046E+01    5.7627E+01    1.7409E+01    4.7974E+00    1.9136E+01    7.3782E+00    8.9174E+00   
 1.4486E+02    5.0888E+01    6.0572E+01    2.3576E+01    1.8880E+01    1.9463E+01    7.9047E+01    5.7685E+01    1.7434E+01    4.7974E+00    1.9075E+01    7.4522E+00    8.9411E+00   
 1.4536E+02    5.0874E+01    6.0572E+01    2.3579E+01    1.8763E+01    1.9549E+01    7.9025E+01    5.7749E+01    1.7434E+01    4.8178E+00    1.9136E+01    7.6372E+00    8.9174E+00   
 1.4586E+02    5.0888E+01    6.0581E+01    2.3588E+01    1.8823E+01    1.9549E+01    7.9017E+01    5.7773E+01    1.7454E+01    4.8178E+00    1.9197E+01    7.6425E+00    8.8938E+00   
 1.4636E+02    5.0888E+01    6.0558E+01    2.3613E+01    1.8823E+01    1.9618E+01    7.9002E+01    5.7804E+01    1.7500E+01    4.8178E+00    1.9218E+01    7.6214E+00    8.8938E+00   
 1.4695E+02    5.0885E+01    6.0550E+01    2.3642E+01    1.8848E+01    1.9666E+01    7.8993E+01    5.7804E+01    1.7509E+01    4.8178E+00    1.9361E+01    7.6425E+00    8.8938E+00   
 1.4745E+02    5.0886E+01    6.0551E+01    2.3616E+01    1.8859E+01    1.9735E+01    7.8993E+01    5.7854E+01    1.7532E+01    4.8382E+00    1.9259E+01    7.3835E+00    8.8938E+00   
 1.4795E+02    5.0867E+01    6.0536E+01    2.3601E+01    1.8729E+01    1.9788E+01    7.9008E+01    5.7898E+01    1.7554E+01    4.8382E+00    1.9116E+01    7.4205E+00    8.8938E+00   
 1.4845E+02    5.0873E+01    6.0530E+01    2.3666E+01    1.8818E+01    1.9835E+01    7.9032E+01    5.7951E+01    1.7554E+01    4.8585E+00    1.9116E+01    7.3677E+00    8.9174E+00   
 1.4903E+02    5.0870E+01    6.0536E+01    2.3684E+01    1.8800E+01    1.9835E+01    7.9028E+01    5.7992E+01    1.7593E+01    4.8585E+00    1.9157E+01    7.3888E+00    8.9174E+00   
 1.4953E+02    5.0870E+01    6.0535E+01    2.3620E+01    1.8800E+01    1.9891E+01    7.9021E+01    5.8058E+01    1.7634E+01    4.8789E+00    1.9299E+01    7.6478E+00    8.9174E+00   
 1.5003E+02    5.0865E+01    6.0544E+01    2.3461E+01    1.8801E+01    1.9948E+01    7.9004E+01    5.8058E+01    1.7657E+01    4.8585E+00    1.9238E+01    7.3941E+00    8.9646E+00   
 1.5053E+02    5.0859E+01    6.0534E+01    2.3461E+01    1.8874E+01    1.9997E+01    7.9004E+01    5.8072E+01    1.7682E+01    4.8789E+00    1.9177E+01    7.6689E+00    8.8462E+00   
 1.5112E+02    5.0871E+01    6.0534E+01    2.3351E+01    1.8901E+01    2.0047E+01    7.9002E+01    5.8075E+01    1.7700E+01    4.8789E+00    1.9238E+01    7.3888E+00    8.9174E+00   
 1.5162E+02    5.0883E+01    6.0557E+01    2.3338E+01    1.8957E+01    2.0086E+01    7.9020E+01    5.8113E+01    1.7716E+01    4.8585E+00    1.9340E+01    7.5527E+00    8.9411E+00   
 1.5212E+02    5.0886E+01    6.0549E+01    2.3269E+01    1.8957E+01    2.0086E+01    7.9012E+01    5.8130E+01    1.7766E+01    4.8789E+00    1.9136E+01    7.6637E+00    8.8700E+00   
 1.5262E+02    5.0886E+01    6.0598E+01    2.3250E+01    1.8981E+01    2.0167E+01    7.9018E+01    5.8144E+01    1.7809E+01    4.8789E+00    1.9279E+01    7.4047E+00    8.9174E+00   
 1.5322E+02    5.0899E+01    6.0588E+01    2.3372E+01    1.8951E+01    2.0201E+01    7.9026E+01    5.8148E+01    1.7841E+01    4.8789E+00    1.9299E+01    7.5844E+00    8.8938E+00   
 1.5372E+02    5.0904E+01    6.0605E+01    2.3473E+01    1.9009E+01    2.0253E+01    7.9040E+01    5.8179E+01    1.7897E+01    4.8993E+00    1.9218E+01    7.4522E+00    8.9174E+00   
 1.5422E+02    5.0905E+01    6.0605E+01    2.3473E+01    1.9017E+01    2.0302E+01    7.9006E+01    5.8193E+01    1.7916E+01    4.8789E+00    1.9157E+01    7.6425E+00    8.9646E+00   
 1.5472E+02    5.0916E+01    6.0600E+01    2.3522E+01    1.9060E+01    2.0318E+01    7.8986E+01    5.8231E+01    1.7932E+01    4.8993E+00    1.9095E+01    7.4152E+00    8.9174E+00   
 1.5532E+02    5.0911E+01    6.0615E+01    2.3531E+01    1.9051E+01    2.0347E+01    7.8986E+01    5.8238E+01    1.7955E+01    4.9400E+00    1.9320E+01    7.6425E+00    8.9411E+00   
 1.5582E+02    5.0911E+01    6.0621E+01    2.3544E+01    1.9051E+01    2.0391E+01    7.8968E+01    5.8269E+01    1.7991E+01    4.8993E+00    1.9320E+01    7.4205E+00    8.9411E+00   
 1.5632E+02    5.0910E+01    6.0612E+01    2.3572E+01    1.9040E+01    2.0428E+01    7.8984E+01    5.8269E+01    1.8034E+01    4.9196E+00    1.9197E+01    7.3994E+00    8.9646E+00   
# Time (s)      T1w (C)       T2w (C)       T1a (C)       T2a (C)       T1r (C)       T2r (C)       T3r (C)       T4r (C)       P1 (bar)      P2 (bar)      Ic (amp)      Qc (l/min)    
 1.5682E+02    5.0911E+01    6.0621E+01    2.3572E+01    1.9158E+01    2.0462E+01    7.8984E+01    5.8236E+01    1.8063E+01    4.9604E+00    1.9218E+01    7.4047E+00    8.9646E+00   
 1.5741E+02    5.0933E+01    6.0621E+01    2.3627E+01    1.9099E+01    2.0498E+01    7.8982E+01    5.8238E+01    1.8089E+01    4.9196E+00    1.9197E+01    7.6002E+00    8.8700E+00   
 1.5791E+02    5.0902E+01    6.0636E+01    2.3660E+01    1.9060E+01    2.0534E+01    7.9002E+01    5.8282E+01    1.8105E+01    4.9400E+00    1.9136E+01    7.4152E+00    8.9411E+00   
 1.5841E+02    5.0905E+01    6.0633E+01    2.3696E+01    1.9060E+01    2.0534E+01    7.9041E+01    5.8295E+01    1.8112E+01    4.9196E+00    1.9299E+01    7.5368E+00    8.9882E+00   
 1.5891E+02    5.0905E+01    6.0650E+01    2.3738E+01    1.9117E+01    2.0576E+01    7.9058E+01    5.8295E+01    1.8156E+01    4.9196E+00    1.9401E+01    7.4364E+00    8.8700E+00   
 1.5950E+02    5.0911E+01    6.0633E+01    2.3749E+01    1.9086E+01    2.0603E+01    7.9059E+01    5.8287E+01    1.8182E+01    4.9400E+00    1.9197E+01    7.4258E+00    8.9174E+00   
 1.6000E+02    5.0914E+01    6.0642E+01    2.3749E+01    1.9119E+01    2.0631E+01    7.9059E+01    5.8288E+01    1.8229E+01    4.9400E+00    1.9279E+01    7.4364E+00    8.9411E+00   
 1.6050E+02    5.0914E+01    6.0642E+01    2.3773E+01    1.9187E+01    2.0656E+01    7.9049E+01    5.8274E+01    1.8257E+01    4.9400E+00    1.9340E+01    7.4470E+00    8.8938E+00   
 1.6100E+02    5.0916E+01    6.0660E+01    2.3756E+01    1.9139E+01    2.0672E+01    7.9033E+01    5.8321E+01    1.8273E+01    4.9604E+00    1.9299E+01    7.6478E+00    8.9174E+00   
 1.6161E+02    5.0928E+01    6.0656E+01    2.3760E+01    1.9201E+01    2.0697E+01    7.9003E+01    5.8305E+01    1.8302E+01    4.9400E+00    1.9340E+01    7.5949E+00    8.9646E+00   
 1.6211E+02    5.0928E+01    6.0662E+01    2.3719E+01    1.9201E+01    2.0720E+01    7.8957E+01    5.8319E+01    1.8336E+01    4.9400E+00    1.9218E+01    7.4575E+00    8.9174E+00   
 1.6261E+02    5.0926E+01    6.0675E+01    2.3681E+01    1.9097E+01    2.0739E+01    7.8957E+01    5.8319E+01    1.8379E+01    4.9604E+00    1.9320E+01    7.4311E+00    8.8938E+00   
 1.6311E+02    5.0944E+01    6.0662E+01    2.3681E+01    1.9185E+01    2.0780E+01    7.8955E+01    5.8327E+01    1.8420E+01    4.9604E+00    1.9340E+01    7.6372E+00    8.9174E+00   
 1.6370E+02    5.0927E+01    6.0687E+01    2.3650E+01    1.9203E+01    2.0806E+01    7.8961E+01    5.8315E+01    1.8446E+01    4.9604E+00    1.9218E+01    7.4522E+00    8.9646E+00   
 1.6420E+02    5.0919E+01    6.0673E+01    2.3663E+01    1.9221E+01    2.0828E+01    7.8955E+01    5.8359E+01    1.8446E+01    4.9604E+00    1.9218E+01    7.6637E+00    8.9646E+00   
 1.6470E+02    5.0919E+01    6.0673E+01    2.3675E+01    1.9205E+01    2.0828E+01    7.8946E+01    5.8360E+01    1.8460E+01    4.9604E+00    1.9279E+01    7.4364E+00    8.9646E+00   
 1.6520E+02    5.0904E+01    6.0666E+01    2.3660E+01    1.9233E+01    2.0849E+01    7.8943E+01    5.8360E+01    1.8481E+01    5.0011E+00    1.9340E+01    7.6848E+00    8.9174E+00   
 1.6578E+02    5.0901E+01    6.0673E+01    2.3632E+01    1.9181E+01    2.0863E+01    7.8921E+01    5.8381E+01    1.8507E+01    4.9604E+00    1.9259E+01    7.6848E+00    8.9411E+00   
 1.6628E+02    5.0919E+01    6.0671E+01    2.3632E+01    1.9171E+01    2.0875E+01    7.8921E+01    5.8380E+01    1.8538E+01    4.9808E+00    1.9238E+01    7.4258E+00    8.8700E+00   
 1.6678E+02    5.0903E+01    6.0671E+01    2.3605E+01    1.9152E+01    2.0877E+01    7.8924E+01    5.8365E+01    1.8533E+01    5.0011E+00    1.9197E+01    7.4470E+00    8.9174E+00   
 1.6728E+02    5.0893E+01    6.0681E+01    2.3574E+01    1.9224E+01    2.0877E+01    7.8927E+01    5.8359E+01    1.8533E+01    5.0011E+00    1.9197E+01    7.4417E+00    8.9411E+00   
 1.6787E+02    5.0904E+01    6.0707E+01    2.3604E+01    1.9240E+01    2.0915E+01    7.8964E+01    5.8374E+01    1.8568E+01    4.9808E+00    1.9422E+01    7.4734E+00    8.9174E+00   
 1.6837E+02    5.0904E+01    6.0697E+01    2.3768E+01    1.9266E+01    2.0921E+01    7.8998E+01    5.8364E+01    1.8583E+01    4.9808E+00    1.9197E+01    7.4945E+00    8.9174E+00   
 1.6887E+02    5.0924E+01    6.0721E+01    2.3760E+01    1.9303E+01    2.0938E+01    7.8998E+01    5.8364E+01    1.8599E+01    5.0011E+00    1.9401E+01    7.4417E+00    8.9174E+00   
 1.6937E+02    5.0926E+01    6.0726E+01    2.3760E+01    1.9274E+01    2.0952E+01    7.8997E+01    5.8358E+01    1.8610E+01    5.0011E+00    1.9401E+01    7.5527E+00    8.9174E+00   
 1.6997E+02    5.0921E+01    6.0726E+01    2.3676E+01    1.9250E+01    2.0964E+01    7.8981E+01    5.8347E+01    1.8612E+01    5.0011E+00    1.9361E+01    7.4575E+00    8.9174E+00   
 1.7047E+02    5.0919E+01    6.0737E+01    2.3638E+01    1.9266E+01    2.0964E+01    7.8955E+01    5.8359E+01    1.8612E+01    5.0011E+00    1.9299E+01    7.7165E+00    8.9174E+00   
 1.7097E+02    5.0921E+01    6.0735E+01    2.3638E+01    1.9266E+01    2.0984E+01    7.8937E+01    5.8385E+01    1.8647E+01    5.0215E+00    1.9279E+01    7.4470E+00    8.8938E+00   
 1.7147E+02    5.0921E+01    6.0753E+01    2.3641E+01    1.9309E+01    2.0989E+01    7.8899E+01    5.8385E+01    1.8663E+01    5.0215E+00    1.9218E+01    7.7271E+00    8.9174E+00   
 1.7205E+02    5.0915E+01    6.0742E+01    2.3638E+01    1.9341E+01    2.1000E+01    7.8886E+01    5.8397E+01    1.8698E+01    5.0215E+00    1.9422E+01    7.6478E+00    8.9411E+00   
# Time (s)      T1w (C)       T2w (C)       T1a (C)       T2a (C)       T1r (C)       T2r (C)       T3r (C)       T4r (C)       P1 (bar)      P2 (bar)      Ic (amp)      Qc (l/min)    
 1.7256E+02    5.0914E+01    6.0746E+01    2.3638E+01    1.9304E+01    2.1001E+01    7.8886E+01    5.8382E+01    1.8716E+01    5.0011E+00    1.9320E+01    7.7324E+00    8.9411E+00   
 1.7306E+02    5.0916E+01    6.0746E+01    2.3644E+01    1.9349E+01    2.0991E+01    7.8882E+01    5.8395E+01    1.8716E+01    5.0011E+00    1.9259E+01    7.7271E+00    8.9411E+00   
 1.7356E+02    5.0915E+01    6.0770E+01    2.3662E+01    1.9372E+01    2.0991E+01    7.8895E+01    5.8419E+01    1.8720E+01    5.0011E+00    1.9299E+01    7.4470E+00    8.9174E+00   
 1.7415E+02    5.0909E+01    6.0767E+01    2.3685E+01    1.9372E+01    2.0994E+01    7.8896E+01    5.8442E+01    1.8714E+01    5.0011E+00    1.9463E+01    7.7271E+00    8.8938E+00   
 1.7465E+02    5.0909E+01    6.0768E+01    2.3683E+01    1.9364E+01    2.0959E+01    7.8898E+01    5.8454E+01    1.8730E+01    4.9808E+00    1.9442E+01    7.4470E+00    8.9174E+00   
 1.7515E+02    5.0904E+01    6.0755E+01    2.3710E+01    1.9403E+01    2.0925E+01    7.8898E+01    5.8454E+01    1.8755E+01    4.9808E+00    1.9279E+01    7.7112E+00    8.8938E+00   
 1.7565E+02    5.0906E+01    6.0776E+01    2.3710E+01    1.9289E+01    2.0854E+01    7.8929E+01    5.8441E+01    1.8767E+01    4.9604E+00    1.9238E+01    7.4311E+00    8.9174E+00   
 1.7624E+02    5.0921E+01    6.0790E+01    2.3815E+01    1.9342E+01    2.0739E+01    7.8960E+01    5.8442E+01    1.8774E+01    4.9808E+00    1.9299E+01    7.4417E+00    8.9411E+00   
 1.7674E+02    5.0935E+01    6.0779E+01    2.3841E+01    1.9320E+01    2.0739E+01    7.8998E+01    5.8441E+01    1.8774E+01    5.0419E+00    1.9299E+01    7.4522E+00    8.9411E+00   
 1.7724E+02    5.0917E+01    6.0793E+01    2.3814E+01    1.9320E+01    2.0543E+01    7.9025E+01    5.8466E+01    1.8828E+01    5.0011E+00    1.9157E+01    7.4470E+00    8.9174E+00   
 1.7774E+02    5.0917E+01    6.0789E+01    2.3726E+01    1.9403E+01    2.0255E+01    7.9035E+01    5.8466E+01    1.8860E+01    5.0215E+00    1.9422E+01    7.4575E+00    8.9411E+00   
 1.7834E+02    5.0924E+01    6.0778E+01    2.3696E+01    1.9399E+01    1.9835E+01    7.9035E+01    5.8491E+01    1.8902E+01    5.0419E+00    1.9299E+01    7.4470E+00    8.8938E+00   
 1.7884E+02    5.0929E+01    6.0767E+01    2.3696E+01    1.9410E+01    1.9500E+01    7.9047E+01    5.8495E+01    1.8947E+01    5.0419E+00    1.9401E+01    7.6161E+00    8.9411E+00   
 1.7934E+02    5.0927E+01    6.0767E+01    2.3744E+01    1.9411E+01    1.9240E+01    7.9024E+01    5.8483E+01    1.8947E+01    5.0419E+00    1.9401E+01    7.4681E+00    8.8938E+00   
 1.7984E+02    5.0921E+01    6.0750E+01    2.3616E+01    1.9406E+01    1.9240E+01    7.9020E+01    5.8488E+01    1.8923E+01    5.0419E+00    1.9320E+01    7.7165E+00    8.9174E+00   
 1.8042E+02    5.0898E+01    6.0754E+01    2.3543E+01    1.9406E+01    1.9005E+01    7.9025E+01    5.8483E+01    1.8965E+01    5.0215E+00    1.9238E+01    7.5897E+00    8.9411E+00   
 1.8092E+02    5.0898E+01    6.0742E+01    2.3566E+01    1.9436E+01    1.8797E+01    7.9006E+01    5.8483E+01    1.8957E+01    5.0419E+00    1.9279E+01    7.5579E+00    8.9174E+00   
 1.8142E+02    5.0898E+01    6.0758E+01    2.3565E+01    1.9407E+01    1.8606E+01    7.9006E+01    5.8478E+01    1.8960E+01    5.0419E+00    1.9503E+01    7.7271E+00    8.9411E+00   
 1.8192E+02    5.0912E+01    6.0770E+01    2.3581E+01    1.9445E+01    1.8429E+01    7.8995E+01    5.8445E+01    1.8944E+01    5.0419E+00    1.9503E+01    7.5157E+00    8.9174E+00   
 1.8251E+02    5.0905E+01    6.0770E+01    2.3612E+01    1.9442E+01    1.8278E+01    7.9013E+01    5.8428E+01    1.8933E+01    5.0215E+00    1.9381E+01    7.4839E+00    8.8938E+00   
 1.8301E+02    5.0914E+01    6.0768E+01    2.3630E+01    1.9409E+01    1.8278E+01    7.9056E+01    5.8406E+01    1.8933E+01    5.0419E+00    1.9361E+01    7.5579E+00    8.9411E+00   
 1.8351E+02    5.0911E+01    6.0801E+01    2.3650E+01    1.9409E+01    1.8139E+01    7.9055E+01    5.8354E+01    1.8896E+01    4.9808E+00    1.9320E+01    7.7324E+00    8.8700E+00   
 1.8401E+02    5.0911E+01    6.0802E+01    2.3682E+01    1.9512E+01    1.7963E+01    7.9043E+01    5.8340E+01    1.8869E+01    5.0419E+00    1.9422E+01    7.5368E+00    8.8938E+00   
 1.8460E+02    5.0912E+01    6.0823E+01    2.3623E+01    1.9504E+01    1.7833E+01    7.9043E+01    5.8264E+01    1.8841E+01    5.0215E+00    1.9381E+01    7.4892E+00    8.9646E+00   
 1.8510E+02    5.0904E+01    6.0834E+01    2.3623E+01    1.9495E+01    1.7693E+01    7.9023E+01    5.8194E+01    1.8772E+01    5.0215E+00    1.9401E+01    7.5209E+00    8.9411E+00   
 1.8560E+02    5.0906E+01    6.0834E+01    2.3639E+01    1.9514E+01    1.7582E+01    7.9005E+01    5.8150E+01    1.8772E+01    5.0215E+00    1.9524E+01    7.4998E+00    8.9174E+00   
 1.8610E+02    5.0908E+01    6.0853E+01    2.3608E+01    1.9514E+01    1.7582E+01    7.8993E+01    5.8088E+01    1.8734E+01    5.0215E+00    1.9565E+01    7.5527E+00    8.9174E+00   
 1.8670E+02    5.0896E+01    6.0873E+01    2.3565E+01    1.9516E+01    1.7474E+01    7.8968E+01    5.8001E+01    1.8683E+01    4.9808E+00    1.9646E+01    7.4945E+00    8.9174E+00   
 1.8720E+02    5.0896E+01    6.0897E+01    2.3581E+01    1.9509E+01    1.7344E+01    7.8946E+01    5.7986E+01    1.8618E+01    4.9808E+00    1.9544E+01    7.7324E+00    8.9174E+00   
 1.8770E+02    5.0906E+01    6.0903E+01    2.3581E+01    1.9457E+01    1.7232E+01    7.8946E+01    5.7944E+01    1.8584E+01    4.9808E+00    1.9442E+01    7.4998E+00    8.9174E+00   
# Time (s)      T1w (C)       T2w (C)       T1a (C)       T2a (C)       T1r (C)       T2r (C)       T3r (C)       T4r (C)       P1 (bar)      P2 (bar)      Ic (amp)      Qc (l/min)    
 1.8820E+02    5.0905E+01    6.0941E+01    2.3571E+01    1.9457E+01    1.7147E+01    7.8964E+01    5.7867E+01    1.8544E+01    4.9808E+00    1.9442E+01    7.7535E+00    8.9174E+00   
 1.8878E+02    5.0920E+01    6.0941E+01    2.3588E+01    1.9374E+01    1.7061E+01    7.8974E+01    5.7792E+01    1.8526E+01    4.9808E+00    1.9442E+01    7.5315E+00    8.8700E+00   
 1.8928E+02    5.0911E+01    6.0960E+01    2.3621E+01    1.9351E+01    1.7076E+01    7.9028E+01    5.7725E+01    1.8542E+01    4.9604E+00    1.9687E+01    7.5262E+00    8.9411E+00   
 1.8978E+02    5.0913E+01    6.0979E+01    2.3691E+01    1.9351E+01    1.6984E+01    7.9071E+01    5.7649E+01    1.8472E+01    4.9604E+00    1.9565E+01    7.7059E+00    8.8938E+00   
 1.9028E+02    5.0913E+01    6.0993E+01    2.3608E+01    1.9280E+01    1.6884E+01    7.9057E+01    5.7634E+01    1.8411E+01    4.9604E+00    1.9585E+01    7.5051E+00    8.8938E+00   
 1.9088E+02    5.0911E+01    6.0997E+01    2.3610E+01    1.9312E+01    1.6806E+01    7.9083E+01    5.7558E+01    1.8374E+01    4.9400E+00    1.9646E+01    7.7271E+00    8.9411E+00   
 1.9138E+02    5.0904E+01    6.1010E+01    2.3610E+01    1.9259E+01    1.6761E+01    7.9123E+01    5.7476E+01    1.8301E+01    4.9400E+00    1.9687E+01    7.5368E+00    8.9411E+00   
 1.9188E+02    5.0905E+01    6.1010E+01    2.3605E+01    1.9255E+01    1.6761E+01    7.9143E+01    5.7378E+01    1.8317E+01    4.9196E+00    1.9626E+01    7.7535E+00    8.9174E+00   
 1.9238E+02    5.0893E+01    6.1002E+01    2.3593E+01    1.9239E+01    1.6709E+01    7.9177E+01    5.7318E+01    1.8277E+01    4.9400E+00    1.9524E+01    7.4998E+00    8.9174E+00   
 1.9297E+02    5.0885E+01    6.1019E+01    2.3587E+01    1.9243E+01    1.6627E+01    7.9194E+01    5.7229E+01    1.8183E+01    4.8993E+00    1.9646E+01    7.5421E+00    8.9646E+00   
 1.9347E+02    5.0885E+01    6.1034E+01    2.3612E+01    1.9237E+01    1.6568E+01    7.9213E+01    5.7229E+01    1.8117E+01    4.8993E+00    1.9483E+01    7.5262E+00    8.9174E+00   
 1.9397E+02    5.0876E+01    6.1025E+01    2.3596E+01    1.9214E+01    1.6502E+01    7.9213E+01    5.7160E+01    1.8043E+01    4.8789E+00    1.9524E+01    7.5157E+00    8.9174E+00   
 1.9447E+02    5.0871E+01    6.1025E+01    2.3550E+01    1.9157E+01    1.6457E+01    7.9213E+01    5.7088E+01    1.7991E+01    4.8789E+00    1.9707E+01    7.5738E+00    8.9174E+00   
 1.9507E+02    5.0887E+01    6.1040E+01    2.3527E+01    1.9129E+01    1.6385E+01    7.9222E+01    5.6992E+01    1.7975E+01    4.8993E+00    1.9463E+01    7.5579E+00    8.8938E+00   
 1.9557E+02    5.0869E+01    6.1036E+01    2.3468E+01    1.9129E+01    1.6385E+01    7.9232E+01    5.6927E+01    1.7942E+01    4.8993E+00    1.9544E+01    7.5315E+00    8.9174E+00   
 1.9607E+02    5.0869E+01    6.1052E+01    2.3453E+01    1.9209E+01    1.6319E+01    7.9259E+01    5.6808E+01    1.7871E+01    4.8993E+00    1.9728E+01    7.5262E+00    8.9646E+00   
 1.9657E+02    5.0880E+01    6.1057E+01    2.3490E+01    1.9109E+01    1.6278E+01    7.9259E+01    5.6808E+01    1.7845E+01    4.8789E+00    1.9769E+01    7.5579E+00    8.8938E+00   
 1.9715E+02    5.0885E+01    6.1048E+01    2.3490E+01    1.9170E+01    1.6265E+01    7.9308E+01    5.6769E+01    1.7797E+01    4.8585E+00    1.9707E+01    7.6848E+00    8.9411E+00   
 1.9765E+02    5.0881E+01    6.1046E+01    2.3479E+01    1.9054E+01    1.6218E+01    7.9332E+01    5.6696E+01    1.7735E+01    4.8789E+00    1.9667E+01    7.7059E+00    8.9174E+00   
 1.9815E+02    5.0880E+01    6.1046E+01    2.3405E+01    1.8963E+01    1.6218E+01    7.9364E+01    5.6623E+01    1.7735E+01    4.8585E+00    1.9565E+01    7.5368E+00    8.9174E+00   
 1.9866E+02    5.0874E+01    6.1059E+01    2.3391E+01    1.8963E+01    1.6189E+01    7.9391E+01    5.6554E+01    1.7664E+01    4.8382E+00    1.9585E+01    7.7376E+00    8.9174E+00   
 1.9925E+02    5.0876E+01    6.1047E+01    2.3423E+01    1.8877E+01    1.6151E+01    7.9400E+01    5.6495E+01    1.7589E+01    4.8178E+00    1.9565E+01    7.5051E+00    8.8938E+00   
 1.9975E+02    5.0876E+01    6.1063E+01    2.3354E+01    1.8824E+01    1.6127E+01    7.9396E+01    5.6495E+01    1.7549E+01    4.8382E+00    1.9503E+01    7.7376E+00    8.9174E+00   
 2.0025E+02    5.0893E+01    6.1075E+01    2.3370E+01    1.8843E+01    1.6114E+01    7.9396E+01    5.6423E+01    1.7498E+01    4.8178E+00    1.9565E+01    7.5157E+00    8.9411E+00   
 2.0075E+02    5.0905E+01    6.1075E+01    2.3316E+01    1.8811E+01    1.6132E+01    7.9369E+01    5.6364E+01    1.7452E+01    4.8178E+00    1.9626E+01    7.6954E+00    8.9411E+00   
 2.0133E+02    5.0886E+01    6.1060E+01    2.3254E+01    1.8712E+01    1.6111E+01    7.9343E+01    5.6305E+01    1.7436E+01    4.8178E+00    1.9687E+01    7.6584E+00    8.8938E+00   
 2.0183E+02    5.0910E+01    6.1069E+01    2.3247E+01    1.8712E+01    1.6111E+01    7.9342E+01    5.6217E+01    1.7395E+01    4.7974E+00    1.9626E+01    7.4787E+00    8.9411E+00   
 2.0233E+02    5.0910E+01    6.1075E+01    2.3317E+01    1.8749E+01    1.6138E+01    7.9344E+01    5.6160E+01    1.7340E+01    4.7974E+00    1.9503E+01    7.5315E+00    8.8700E+00   
 2.0283E+02    5.0903E+01    6.1058E+01    2.3372E+01    1.8688E+01    1.6202E+01    7.9344E+01    5.6160E+01    1.7284E+01    4.8178E+00    1.9483E+01    7.4628E+00    8.9174E+00   
 2.0343E+02    5.0892E+01    6.1058E+01    2.3372E+01    1.8669E+01    1.6219E+01    7.9333E+01    5.6091E+01    1.7235E+01    4.7567E+00    1.9707E+01    7.4787E+00    8.9174E+00   
# Time (s)      T1w (C)       T2w (C)       T1a (C)       T2a (C)       T1r (C)       T2r (C)       T3r (C)       T4r (C)       P1 (bar)      P2 (bar)      Ic (amp)      Qc (l/min)    
 2.0393E+02    5.0900E+01    6.1054E+01    2.3424E+01    1.8719E+01    1.6295E+01    7.9310E+01    5.6044E+01    1.7167E+01    4.7770E+00    1.9381E+01    7.5368E+00    8.8938E+00   
 2.0443E+02    5.0878E+01    6.1054E+01    2.3465E+01    1.8685E+01    1.6311E+01    7.9325E+01    5.6019E+01    1.7183E+01    4.7567E+00    1.9667E+01    7.5209E+00    8.8700E+00   
 2.0493E+02    5.0885E+01    6.1041E+01    2.3496E+01    1.8685E+01    1.6363E+01    7.9336E+01    5.5971E+01    1.7134E+01    4.7770E+00    1.9605E+01    7.6531E+00    8.9174E+00   
 2.0552E+02    5.0915E+01    6.1052E+01    2.3509E+01    1.8627E+01    1.6461E+01    7.9353E+01    5.5954E+01    1.7129E+01    4.7567E+00    1.9605E+01    7.4364E+00    8.9411E+00   
 2.0602E+02    5.0915E+01    6.1044E+01    2.3581E+01    1.8567E+01    1.6551E+01    7.9368E+01    5.5969E+01    1.7097E+01    4.7567E+00    1.9442E+01    7.4311E+00    8.9411E+00   
 2.0652E+02    5.0911E+01    6.1049E+01    2.3596E+01    1.8567E+01    1.6636E+01    7.9351E+01    5.5944E+01    1.7072E+01    4.7567E+00    1.9401E+01    7.4417E+00    8.9174E+00   
 2.0702E+02    5.0921E+01    6.1049E+01    2.3678E+01    1.8574E+01    1.6746E+01    7.9395E+01    5.5956E+01    1.7029E+01    4.7567E+00    1.9442E+01    7.6267E+00    8.9411E+00   
 2.0763E+02    5.0935E+01    6.1052E+01    2.3706E+01    1.8562E+01    1.6746E+01    7.9428E+01    5.5960E+01    1.7029E+01    4.7363E+00    1.9401E+01    7.4998E+00    8.9646E+00   
 2.0813E+02    5.0939E+01    6.1022E+01    2.3673E+01    1.8562E+01    1.6821E+01    7.9473E+01    5.5971E+01    1.7017E+01    4.7159E+00    1.9320E+01    7.4152E+00    8.9174E+00   
 2.0863E+02    5.0939E+01    6.1022E+01    2.3663E+01    1.8499E+01    1.6911E+01    7.9510E+01    5.5982E+01    1.7003E+01    4.7363E+00    1.9503E+01    7.3941E+00    8.9174E+00   
 2.0913E+02    5.0928E+01    6.0999E+01    2.3695E+01    1.8444E+01    1.7011E+01    7.9510E+01    5.5982E+01    1.6998E+01    4.7363E+00    1.9483E+01    7.4417E+00    8.9411E+00   
 2.0972E+02    5.0945E+01    6.0992E+01    2.3695E+01    1.8485E+01    1.7104E+01    7.9533E+01    5.6015E+01    1.6982E+01    4.7363E+00    1.9401E+01    7.4047E+00    8.9882E+00   
 2.1022E+02    5.0928E+01    6.0956E+01    2.3666E+01    1.8432E+01    1.7212E+01    7.9569E+01    5.6035E+01    1.6995E+01    4.7363E+00    1.9320E+01    7.4311E+00    8.9174E+00   
 2.1072E+02    5.0930E+01    6.0956E+01    2.3691E+01    1.8419E+01    1.7212E+01    7.9598E+01    5.6061E+01    1.6995E+01    4.6956E+00    1.9340E+01    7.4364E+00    8.9646E+00   
 2.1122E+02    5.0932E+01    6.0922E+01    2.3704E+01    1.8419E+01    1.7297E+01    7.9615E+01    5.6076E+01    1.6995E+01    4.7159E+00    1.9340E+01    7.6319E+00    8.9411E+00   
 2.1181E+02    5.0945E+01    6.0896E+01    2.3696E+01    1.8398E+01    1.7393E+01    7.9620E+01    5.6101E+01    1.7005E+01    4.7159E+00    1.9259E+01    7.4152E+00    8.9174E+00   
 2.1231E+02    5.0945E+01    6.0880E+01    2.3687E+01    1.8418E+01    1.7498E+01    7.9620E+01    5.6101E+01    1.7040E+01    4.7159E+00    1.9259E+01    7.5579E+00    8.9646E+00   
 2.1281E+02    5.0926E+01    6.0843E+01    2.3687E+01    1.8466E+01    1.7592E+01    7.9617E+01    5.6156E+01    1.7053E+01    4.7363E+00    1.9442E+01    7.4575E+00    8.9411E+00   
 2.1331E+02    5.0930E+01    6.0843E+01    2.3696E+01    1.8365E+01    1.7692E+01    7.9592E+01    5.6235E+01    1.7083E+01    4.7159E+00    1.9401E+01    7.5209E+00    8.9646E+00   
 2.1390E+02    5.0933E+01    6.0843E+01    2.3658E+01    1.8443E+01    1.7692E+01    7.9584E+01    5.6294E+01    1.7083E+01    4.7159E+00    1.9401E+01    7.3730E+00    8.8938E+00   
 2.1440E+02    5.0936E+01    6.0810E+01    2.3663E+01    1.8443E+01    1.7786E+01    7.9594E+01    5.6385E+01    1.7153E+01    4.7363E+00    1.9259E+01    7.5262E+00    8.8938E+00   
 2.1490E+02    5.0936E+01    6.0785E+01    2.3675E+01    1.8431E+01    1.7892E+01    7.9546E+01    5.6449E+01    1.7161E+01    4.6956E+00    1.9320E+01    7.4892E+00    8.9411E+00   
 2.1540E+02    5.0937E+01    6.0767E+01    2.3669E+01    1.8384E+01    1.7984E+01    7.9546E+01    5.6449E+01    1.7189E+01    4.7363E+00    1.9361E+01    7.3888E+00    8.9174E+00   
 2.1600E+02    5.0932E+01    6.0765E+01    2.3669E+01    1.8464E+01    1.8068E+01    7.9513E+01    5.6528E+01    1.7229E+01    4.7363E+00    1.9238E+01    7.4998E+00    8.9646E+00   
 2.1650E+02    5.0934E+01    6.0744E+01    2.3626E+01    1.8449E+01    1.8172E+01    7.9472E+01    5.6610E+01    1.7272E+01    4.7567E+00    1.9422E+01    7.3624E+00    8.9411E+00   
 2.1700E+02    5.0917E+01    6.0744E+01    2.3646E+01    1.8511E+01    1.8172E+01    7.9467E+01    5.6659E+01    1.7272E+01    4.7159E+00    1.9320E+01    7.6161E+00    8.9174E+00   
 2.1750E+02    5.0927E+01    6.0740E+01    2.3648E+01    1.8511E+01    1.8280E+01    7.9479E+01    5.6757E+01    1.7331E+01    4.7159E+00    1.9116E+01    7.6002E+00    8.9411E+00   
 2.1809E+02    5.0937E+01    6.0718E+01    2.3652E+01    1.8510E+01    1.8371E+01    7.9464E+01    5.6802E+01    1.7343E+01    4.7363E+00    1.9320E+01    7.3888E+00    8.9646E+00   
 2.1859E+02    5.0937E+01    6.0709E+01    2.3635E+01    1.8491E+01    1.8458E+01    7.9464E+01    5.6802E+01    1.7348E+01    4.7567E+00    1.9340E+01    7.5897E+00    8.9174E+00   
 2.1909E+02    5.0942E+01    6.0712E+01    2.3635E+01    1.8568E+01    1.8534E+01    7.9437E+01    5.6878E+01    1.7383E+01    4.7363E+00    1.9218E+01    7.4205E+00    8.9411E+00   
# Time (s)      T1w (C)       T2w (C)       T1a (C)       T2a (C)       T1r (C)       T2r (C)       T3r (C)       T4r (C)       P1 (bar)      P2 (bar)      Ic (amp)      Qc (l/min)    
 2.1959E+02    5.0936E+01    6.0712E+01    2.3576E+01    1.8629E+01    1.8639E+01    7.9415E+01    5.6976E+01    1.7388E+01    4.7363E+00    1.9238E+01    7.6214E+00    8.9174E+00   
 2.2018E+02    5.0947E+01    6.0706E+01    2.3606E+01    1.8544E+01    1.8655E+01    7.9396E+01    5.7060E+01    1.7404E+01    4.7363E+00    1.9218E+01    7.3941E+00    8.9646E+00   
 2.2068E+02    5.0934E+01    6.0691E+01    2.3610E+01    1.8544E+01    1.8736E+01    7.9375E+01    5.7137E+01    1.7420E+01    4.7567E+00    1.9116E+01    7.5632E+00    8.9174E+00   
 2.2118E+02    5.0934E+01    6.0686E+01    2.3593E+01    1.8570E+01    1.8803E+01    7.9356E+01    5.7201E+01    1.7415E+01    4.7363E+00    1.9340E+01    7.4575E+00    8.9411E+00   
 2.2168E+02    5.0935E+01    6.0671E+01    2.3593E+01    1.8630E+01    1.8872E+01    7.9356E+01    5.7201E+01    1.7418E+01    4.7363E+00    1.9401E+01    7.5157E+00    8.9174E+00   
 2.2227E+02    5.0929E+01    6.0664E+01    2.3637E+01    1.8579E+01    1.8947E+01    7.9343E+01    5.7265E+01    1.7402E+01    4.7363E+00    1.9361E+01    7.5579E+00    8.9174E+00   
 2.2277E+02    5.0927E+01    6.0670E+01    2.3675E+01    1.8555E+01    1.9019E+01    7.9322E+01    5.7325E+01    1.7435E+01    4.7363E+00    1.9340E+01    7.3571E+00    8.9411E+00   
 2.2327E+02    5.0939E+01    6.0670E+01    2.3685E+01    1.8593E+01    1.9019E+01    7.9309E+01    5.7385E+01    1.7435E+01    4.7567E+00    1.9197E+01    7.4998E+00    8.9411E+00   
 2.2377E+02    5.0932E+01    6.0651E+01    2.3698E+01    1.8593E+01    1.9102E+01    7.9300E+01    5.7462E+01    1.7439E+01    4.7363E+00    1.9218E+01    7.3518E+00    8.9174E+00   
 2.2437E+02    5.0931E+01    6.0653E+01    2.3709E+01    1.8675E+01    1.9158E+01    7.9295E+01    5.7528E+01    1.7409E+01    4.7974E+00    1.9116E+01    7.3624E+00    8.9411E+00   
 2.2487E+02    5.0931E+01    6.0646E+01    2.3729E+01    1.8628E+01    1.9226E+01    7.9295E+01    5.7528E+01    1.7424E+01    4.7567E+00    1.9259E+01    7.3677E+00    8.9646E+00   
 2.2537E+02    5.0936E+01    6.0633E+01    2.3729E+01    1.8602E+01    1.9292E+01    7.9297E+01    5.7615E+01    1.7434E+01    4.7770E+00    1.9340E+01    7.4311E+00    8.9174E+00   
 2.2587E+02    5.0933E+01    6.0633E+01    2.3698E+01    1.8651E+01    1.9292E+01    7.9309E+01    5.7667E+01    1.7434E+01    4.8178E+00    1.9157E+01    7.5791E+00    8.9411E+00   
 2.2644E+02    5.0934E+01    6.0631E+01    2.3674E+01    1.8626E+01    1.9366E+01    7.9313E+01    5.7700E+01    1.7455E+01    4.7567E+00    1.9279E+01    7.6214E+00    8.9411E+00   
 2.2694E+02    5.0924E+01    6.0629E+01    2.3645E+01    1.8626E+01    1.9430E+01    7.9295E+01    5.7749E+01    1.7485E+01    4.7770E+00    1.9238E+01    7.4258E+00    8.9174E+00   
 2.2744E+02    5.0924E+01    6.0612E+01    2.3620E+01    1.8655E+01    1.9499E+01    7.9309E+01    5.7764E+01    1.7538E+01    4.7974E+00    1.9157E+01    7.5844E+00    8.8938E+00   
 2.2794E+02    5.0935E+01    6.0611E+01    2.3620E+01    1.8590E+01    1.9572E+01    7.9313E+01    5.7823E+01    1.7569E+01    4.8178E+00    1.9157E+01    7.3730E+00    8.9174E+00   
 2.2853E+02    5.0945E+01    6.0604E+01    2.3592E+01    1.8667E+01    1.9630E+01    7.9292E+01    5.7881E+01    1.7609E+01    4.8178E+00    1.9177E+01    7.5949E+00    8.9411E+00   
 2.2904E+02    5.0926E+01    6.0604E+01    2.3587E+01    1.8696E+01    1.9694E+01    7.9281E+01    5.7947E+01    1.7634E+01    4.8382E+00    1.9279E+01    7.3730E+00    8.9646E+00   
 2.2954E+02    5.0939E+01    6.0602E+01    2.3575E+01    1.8696E+01    1.9694E+01    7.9264E+01    5.7976E+01    1.7634E+01    4.8382E+00    1.9259E+01    7.5368E+00    8.8938E+00   
 2.3004E+02    5.0939E+01    6.0596E+01    2.3607E+01    1.8749E+01    1.9748E+01    7.9250E+01    5.8029E+01    1.7671E+01    4.8585E+00    1.9095E+01    7.3782E+00    8.9411E+00   
 2.3061E+02    5.0939E+01    6.0595E+01    2.3597E+01    1.8806E+01    1.9818E+01    7.9250E+01    5.8080E+01    1.7720E+01    4.8382E+00    1.9197E+01    7.6425E+00    8.8938E+00   
 2.3111E+02    5.0945E+01    6.0594E+01    2.3597E+01    1.8802E+01    1.9868E+01    7.9237E+01    5.8080E+01    1.7733E+01    4.8585E+00    1.9197E+01    7.5262E+00    8.9411E+00   
 2.3161E+02    5.0941E+01    6.0602E+01    2.3618E+01    1.8866E+01    1.9885E+01    7.9188E+01    5.8125E+01    1.7740E+01    4.8789E+00    1.9116E+01    7.6425E+00    8.9646E+00   
 2.3211E+02    5.0938E+01    6.0602E+01    2.3611E+01    1.8759E+01    1.9885E+01    7.9184E+01    5.8151E+01    1.7740E+01    4.8585E+00    1.9177E+01    7.4575E+00    8.9411E+00   
 2.3271E+02    5.0940E+01    6.0609E+01    2.3603E+01    1.8867E+01    1.9942E+01    7.9211E+01    5.8186E+01    1.7766E+01    4.8993E+00    1.9299E+01    7.3888E+00    8.9174E+00   
 2.3321E+02    5.0952E+01    6.0589E+01    2.3553E+01    1.8867E+01    1.9995E+01    7.9205E+01    5.8218E+01    1.7803E+01    4.8789E+00    1.9238E+01    7.5579E+00    8.9646E+00   
 2.3371E+02    5.0952E+01    6.0594E+01    2.3598E+01    1.8745E+01    2.0046E+01    7.9205E+01    5.8218E+01    1.7812E+01    4.9196E+00    1.9157E+01    7.5897E+00    8.9174E+00   
 2.3421E+02    5.0952E+01    6.0597E+01    2.3598E+01    1.8768E+01    2.0117E+01    7.9182E+01    5.8229E+01    1.7864E+01    4.8993E+00    1.9361E+01    7.4311E+00    8.9411E+00   
 2.3479E+02    5.0937E+01    6.0600E+01    2.3633E+01    1.8769E+01    2.0152E+01    7.9146E+01    5.8229E+01    1.7870E+01    4.8789E+00    1.9197E+01    7.3888E+00    8.8938E+00   
# Time (s)      T1w (C)       T2w (C)       T1a (C)       T2a (C)       T1r (C)       T2r (C)       T3r (C)       T4r (C)       P1 (bar)      P2 (bar)      Ic (amp)      Qc (l/min)    
 2.3529E+02    5.0953E+01    6.0614E+01    2.3702E+01    1.8908E+01    2.0137E+01    7.9130E+01    5.8240E+01    1.7881E+01    4.8993E+00    1.9157E+01    7.3888E+00    8.9174E+00   
 2.3579E+02    5.0955E+01    6.0619E+01    2.3699E+01    1.8908E+01    2.0190E+01    7.9121E+01    5.8254E+01    1.7881E+01    4.8993E+00    1.9116E+01    7.3941E+00    8.9411E+00   
 2.3629E+02    5.0950E+01    6.0635E+01    2.3712E+01    1.8880E+01    2.0228E+01    7.9130E+01    5.8261E+01    1.7898E+01    4.9196E+00    1.9259E+01    7.6372E+00    8.9174E+00   
 2.3690E+02    5.0950E+01    6.0639E+01    2.3719E+01    1.8830E+01    2.0254E+01    7.9130E+01    5.8299E+01    1.7943E+01    4.9196E+00    1.9279E+01    7.4522E+00    8.9646E+00   
 2.3740E+02    5.0947E+01    6.0649E+01    2.3719E+01    1.8819E+01    2.0308E+01    7.9140E+01    5.8299E+01    1.7979E+01    4.9400E+00    1.9238E+01    7.4417E+00    8.9174E+00   
 2.3790E+02    5.0956E+01    6.0665E+01    2.3680E+01    1.8860E+01    2.0353E+01    7.9143E+01    5.8315E+01    1.8004E+01    4.9196E+00    1.9157E+01    7.4311E+00    8.8700E+00   
 2.3840E+02    5.0950E+01    6.0665E+01    2.3737E+01    1.8844E+01    2.0337E+01    7.9151E+01    5.8324E+01    1.7988E+01    4.9400E+00    1.9299E+01    7.4839E+00    8.9411E+00   
 2.3897E+02    5.0952E+01    6.0654E+01    2.3699E+01    1.8844E+01    2.0368E+01    7.9161E+01    5.8321E+01    1.8035E+01    4.9400E+00    1.9320E+01    7.6531E+00    8.9411E+00   
 2.3947E+02    5.0948E+01    6.0660E+01    2.3639E+01    1.8878E+01    2.0436E+01    7.9180E+01    5.8342E+01    1.8059E+01    4.9196E+00    1.9361E+01    7.4470E+00    8.9646E+00   
 2.3997E+02    5.0948E+01    6.0652E+01    2.3663E+01    1.8930E+01    2.0464E+01    7.9180E+01    5.8342E+01    1.8070E+01    4.9196E+00    1.9299E+01    7.4258E+00    8.9411E+00   
 2.4047E+02    5.0940E+01    6.0665E+01    2.3663E+01    1.8913E+01    2.0504E+01    7.9151E+01    5.8349E+01    1.8108E+01    4.9196E+00    1.9279E+01    7.4152E+00    8.8938E+00   
 2.4107E+02    5.0933E+01    6.0681E+01    2.3712E+01    1.8962E+01    2.0542E+01    7.9123E+01    5.8344E+01    1.8152E+01    4.9400E+00    1.9136E+01    7.4152E+00    8.9411E+00   
 2.4157E+02    5.0921E+01    6.0681E+01    2.3707E+01    1.8920E+01    2.0526E+01    7.9101E+01    5.8324E+01    1.8136E+01    4.9196E+00    1.9422E+01    7.4575E+00    8.9411E+00   
 2.4207E+02    5.0941E+01    6.0675E+01    2.3707E+01    1.8920E+01    2.0548E+01    7.9086E+01    5.8319E+01    1.8167E+01    4.9196E+00    1.9299E+01    7.6584E+00    8.9174E+00   
 2.4257E+02    5.0944E+01    6.0684E+01    2.3682E+01    1.8908E+01    2.0600E+01    7.9062E+01    5.8349E+01    1.8213E+01    4.9400E+00    1.9279E+01    7.4205E+00    8.8700E+00   
 2.4315E+02    5.0944E+01    6.0679E+01    2.3653E+01    1.8966E+01    2.0625E+01    7.9062E+01    5.8349E+01    1.8257E+01    4.9400E+00    1.9238E+01    7.4152E+00    8.9411E+00   
 2.4365E+02    5.0929E+01    6.0708E+01    2.3653E+01    1.8917E+01    2.0640E+01    7.9032E+01    5.8369E+01    1.8277E+01    4.9808E+00    1.9299E+01    7.4522E+00    8.9411E+00   
 2.4415E+02    5.0945E+01    6.0708E+01    2.3626E+01    1.8982E+01    2.0640E+01    7.9030E+01    5.8366E+01    1.8290E+01    4.9400E+00    1.9340E+01    7.4258E+00    8.9174E+00   
 2.4465E+02    5.0958E+01    6.0708E+01    2.3718E+01    1.9035E+01    2.0677E+01    7.9042E+01    5.8381E+01    1.8290E+01    4.9400E+00    1.9340E+01    7.4945E+00    8.9411E+00   
 2.4527E+02    5.0950E+01    6.0711E+01    2.3755E+01    1.9035E+01    2.0704E+01    7.9071E+01    5.8370E+01    1.8318E+01    4.9604E+00    1.9279E+01    7.4205E+00    8.9646E+00   
 2.4577E+02    5.0949E+01    6.0709E+01    2.3764E+01    1.9040E+01    2.0752E+01    7.9077E+01    5.8380E+01    1.8351E+01    4.9808E+00    1.9197E+01    7.4522E+00    8.9646E+00   
 2.4627E+02    5.0949E+01    6.0718E+01    2.3694E+01    1.9169E+01    2.0772E+01    7.9077E+01    5.8380E+01    1.8375E+01    4.9808E+00    1.9279E+01    7.4945E+00    8.9646E+00   
 2.4677E+02    5.0958E+01    6.0730E+01    2.3694E+01    1.9061E+01    2.0766E+01    7.9063E+01    5.8384E+01    1.8395E+01    4.9604E+00    1.9320E+01    7.5051E+00    8.9646E+00   
 2.4735E+02    5.0963E+01    6.0727E+01    2.3619E+01    1.9051E+01    2.0798E+01    7.9054E+01    5.8391E+01    1.8408E+01    4.9808E+00    1.9442E+01    7.4575E+00    8.9411E+00   
 2.4785E+02    5.0980E+01    6.0741E+01    2.3675E+01    1.9049E+01    2.0798E+01    7.9039E+01    5.8371E+01    1.8408E+01    4.9808E+00    1.9422E+01    7.6584E+00    8.9174E+00   
 2.4835E+02    5.0971E+01    6.0744E+01    2.3671E+01    1.9049E+01    2.0818E+01    7.9020E+01    5.8348E+01    1.8427E+01    4.9808E+00    1.9279E+01    7.4734E+00    8.9646E+00   
 2.4885E+02    5.0985E+01    6.0748E+01    2.3762E+01    1.9102E+01    2.0829E+01    7.9020E+01    5.8359E+01    1.8446E+01    4.9604E+00    1.9279E+01    7.6742E+00    8.9411E+00   
 2.4943E+02    5.0985E+01    6.0742E+01    2.3732E+01    1.9182E+01    2.0834E+01    7.8990E+01    5.8344E+01    1.8471E+01    4.9808E+00    1.9340E+01    7.6267E+00    8.9174E+00   
 2.4993E+02    5.0985E+01    6.0763E+01    2.3732E+01    1.9153E+01    2.0853E+01    7.8966E+01    5.8333E+01    1.8513E+01    5.0011E+00    1.9259E+01    7.6742E+00    8.9174E+00   
 2.5043E+02    5.0994E+01    6.0766E+01    2.3693E+01    1.9154E+01    2.0853E+01    7.8968E+01    5.8321E+01    1.8522E+01    5.0011E+00    1.9197E+01    7.6584E+00    8.9646E+00   
# Time (s)      T1w (C)       T2w (C)       T1a (C)       T2a (C)       T1r (C)       T2r (C)       T3r (C)       T4r (C)       P1 (bar)      P2 (bar)      Ic (amp)      Qc (l/min)    
 2.5094E+02    5.0984E+01    6.0766E+01    2.3703E+01    1.9083E+01    2.0870E+01    7.8979E+01    5.8322E+01    1.8522E+01    5.0215E+00    1.9320E+01    7.4258E+00    8.9174E+00   
 2.5151E+02    5.0971E+01    6.0745E+01    2.3698E+01    1.9067E+01    2.0865E+01    7.8983E+01    5.8302E+01    1.8551E+01    5.0215E+00    1.9401E+01    7.4417E+00    8.9174E+00   
 2.5201E+02    5.0970E+01    6.0746E+01    2.3737E+01    1.9123E+01    2.0881E+01    7.8993E+01    5.8316E+01    1.8573E+01    5.0011E+00    1.9238E+01    7.4311E+00    8.9174E+00   
 2.5251E+02    5.0970E+01    6.0751E+01    2.3737E+01    1.9185E+01    2.0906E+01    7.8993E+01    5.8316E+01    1.8594E+01    5.0011E+00    1.9238E+01    7.4205E+00    8.9411E+00   
