# Run number  1 on Mon 2026-05-25T12:05:54 BST
# Time (s)      T1w (C)       T2w (C)       T1a (C)       T2a (C)       T1r (C)       T2r (C)       T3r (C)       T4r (C)       P1 (bar)      P2 (bar)      Ic (amp)      Qc (l/min)    
 3.0661E-01    5.0878E+01    5.8503E+01    2.4152E+01    1.8838E+01    1.6312E+01    7.6634E+01    5.4008E+01    1.7321E+01    4.7974E+00    1.8443E+01    7.2144E+00    1.2126E+01   
 8.1176E-01    5.0878E+01    5.8503E+01    2.4202E+01    1.8779E+01    1.6397E+01    7.6653E+01    5.3982E+01    1.7308E+01    4.7770E+00    1.8524E+01    7.2355E+00    1.2109E+01   
 1.4033E+00    5.0861E+01    5.8516E+01    2.4241E+01    1.8779E+01    1.6397E+01    7.6682E+01    5.3938E+01    1.7277E+01    4.7567E+00    1.8545E+01    7.4470E+00    1.2109E+01   
 1.9038E+00    5.0876E+01    5.8508E+01    2.4313E+01    1.8641E+01    1.6473E+01    7.6688E+01    5.3915E+01    1.7277E+01    4.7770E+00    1.8484E+01    7.3307E+00    1.2109E+01   
 2.4041E+00    5.0876E+01    5.8488E+01    2.4351E+01    1.8688E+01    1.6565E+01    7.6701E+01    5.3887E+01    1.7256E+01    4.7159E+00    1.8361E+01    7.2725E+00    1.2126E+01   
 2.9043E+00    5.0878E+01    5.8489E+01    2.4351E+01    1.8582E+01    1.6657E+01    7.6701E+01    5.3889E+01    1.7231E+01    4.7567E+00    1.8484E+01    7.2620E+00    1.2091E+01   
 3.4045E+00    5.0873E+01    5.8468E+01    2.4342E+01    1.8582E+01    1.6753E+01    7.6708E+01    5.3889E+01    1.7198E+01    4.7363E+00    1.8463E+01    7.1827E+00    1.2143E+01   
 3.9049E+00    5.0881E+01    5.8468E+01    2.4358E+01    1.8582E+01    1.6753E+01    7.6744E+01    5.3897E+01    1.7170E+01    4.7363E+00    1.8463E+01    7.3148E+00    1.2126E+01   
 4.4052E+00    5.0899E+01    5.8463E+01    2.4434E+01    1.8629E+01    1.6866E+01    7.6782E+01    5.3929E+01    1.7170E+01    4.7159E+00    1.8382E+01    7.4311E+00    1.2109E+01   
 4.9056E+00    5.0899E+01    5.8455E+01    2.4434E+01    1.8535E+01    1.6959E+01    7.6788E+01    5.3911E+01    1.7168E+01    4.7159E+00    1.8341E+01    7.4047E+00    1.2074E+01   
 5.4059E+00    5.0909E+01    5.8459E+01    2.4483E+01    1.8664E+01    1.7071E+01    7.6788E+01    5.3939E+01    1.7174E+01    4.7363E+00    1.8545E+01    7.4258E+00    1.2126E+01   
 5.9063E+00    5.0905E+01    5.8446E+01    2.4507E+01    1.8553E+01    1.7183E+01    7.6804E+01    5.3939E+01    1.7173E+01    4.7363E+00    1.8320E+01    7.1668E+00    1.2143E+01   
 6.4065E+00    5.0930E+01    5.8461E+01    2.4407E+01    1.8568E+01    1.7183E+01    7.6783E+01    5.3972E+01    1.7179E+01    4.7159E+00    1.8443E+01    7.1563E+00    1.2126E+01   
 6.9068E+00    5.0941E+01    5.8451E+01    2.4307E+01    1.8572E+01    1.7279E+01    7.6792E+01    5.3992E+01    1.7179E+01    4.7363E+00    1.8524E+01    7.2303E+00    1.2126E+01   
 7.4071E+00    5.0956E+01    5.8434E+01    2.4323E+01    1.8506E+01    1.7398E+01    7.6790E+01    5.4033E+01    1.7162E+01    4.7159E+00    1.8443E+01    7.2514E+00    1.2143E+01   
 7.9074E+00    5.0943E+01    5.8438E+01    2.4282E+01    1.8584E+01    1.7480E+01    7.6790E+01    5.4064E+01    1.7180E+01    4.7159E+00    1.8300E+01    7.3994E+00    1.2143E+01   
 8.4076E+00    5.0959E+01    5.8411E+01    2.4227E+01    1.8558E+01    1.7591E+01    7.6818E+01    5.4064E+01    1.7184E+01    4.7363E+00    1.8259E+01    7.3994E+00    1.2126E+01   
 8.9105E+00    5.0949E+01    5.8411E+01    2.4178E+01    1.8558E+01    1.7591E+01    7.6838E+01    5.4113E+01    1.7185E+01    4.7363E+00    1.8443E+01    7.1457E+00    1.2109E+01   
 9.4108E+00    5.0956E+01    5.8406E+01    2.4115E+01    1.8595E+01    1.7711E+01    7.6855E+01    5.4173E+01    1.7201E+01    4.7159E+00    1.8422E+01    7.3941E+00    1.2109E+01   
 9.9112E+00    5.0956E+01    5.8400E+01    2.4115E+01    1.8518E+01    1.7823E+01    7.6855E+01    5.4231E+01    1.7217E+01    4.7363E+00    1.8484E+01    7.3994E+00    1.2109E+01   
 1.0412E+01    5.0955E+01    5.8360E+01    2.4104E+01    1.8683E+01    1.7929E+01    7.6892E+01    5.4245E+01    1.7259E+01    4.7159E+00    1.8280E+01    7.3994E+00    1.2091E+01   
 1.1002E+01    5.0946E+01    5.8371E+01    2.4078E+01    1.8649E+01    1.8019E+01    7.6913E+01    5.4293E+01    1.7243E+01    4.7159E+00    1.8259E+01    7.3730E+00    1.2109E+01   
 1.1502E+01    5.0959E+01    5.8371E+01    2.4058E+01    1.8649E+01    1.8137E+01    7.6919E+01    5.4366E+01    1.7296E+01    4.7159E+00    1.8280E+01    7.2778E+00    1.2143E+01   
 1.2002E+01    5.0948E+01    5.8350E+01    2.4115E+01    1.8582E+01    1.8137E+01    7.6957E+01    5.4431E+01    1.7299E+01    4.7159E+00    1.8218E+01    7.1404E+00    1.2109E+01   
 1.2503E+01    5.0952E+01    5.8348E+01    2.4119E+01    1.8643E+01    1.8235E+01    7.6967E+01    5.4484E+01    1.7299E+01    4.7159E+00    1.8198E+01    7.1298E+00    1.2143E+01   
 1.3106E+01    5.0952E+01    5.8340E+01    2.4119E+01    1.8614E+01    1.8335E+01    7.6972E+01    5.4559E+01    1.7270E+01    4.7567E+00    1.8402E+01    7.2884E+00    1.2143E+01   
 1.3606E+01    5.0961E+01    5.8327E+01    2.4110E+01    1.8619E+01    1.8405E+01    7.6958E+01    5.4620E+01    1.7274E+01    4.7363E+00    1.8402E+01    7.3941E+00    1.2109E+01   
 1.4107E+01    5.0964E+01    5.8320E+01    2.4096E+01    1.8531E+01    1.8493E+01    7.6973E+01    5.4620E+01    1.7292E+01    4.7363E+00    1.8320E+01    7.1351E+00    1.2126E+01   
 1.4607E+01    5.0972E+01    5.8320E+01    2.4100E+01    1.8531E+01    1.8478E+01    7.6990E+01    5.4674E+01    1.7308E+01    4.7363E+00    1.8198E+01    7.1351E+00    1.2126E+01   
 1.5194E+01    5.0965E+01    5.8310E+01    2.4044E+01    1.8602E+01    1.8554E+01    7.7018E+01    5.4732E+01    1.7319E+01    4.7363E+00    1.8402E+01    7.2408E+00    1.2109E+01   
# Time (s)      T1w (C)       T2w (C)       T1a (C)       T2a (C)       T1r (C)       T2r (C)       T3r (C)       T4r (C)       P1 (bar)      P2 (bar)      Ic (amp)      Qc (l/min)    
 1.5695E+01    5.0945E+01    5.8284E+01    2.4075E+01    1.8590E+01    1.8647E+01    7.7021E+01    5.4794E+01    1.7319E+01    4.7363E+00    1.8259E+01    7.2567E+00    1.2126E+01   
 1.6195E+01    5.0916E+01    5.8233E+01    2.3937E+01    1.8632E+01    1.8983E+01    7.7060E+01    5.5097E+01    1.7415E+01    4.7770E+00    1.8239E+01    7.1457E+00    1.2126E+01   
 1.8316E+01    5.0916E+01    5.8233E+01    2.3937E+01    1.8632E+01    1.8983E+01    7.7060E+01    5.5097E+01    1.7410E+01    4.7770E+00    1.8239E+01    7.1457E+00    1.2143E+01   
 1.8821E+01    5.0922E+01    5.8229E+01    2.3889E+01    1.8638E+01    1.9083E+01    7.7029E+01    5.5179E+01    1.7426E+01    4.7567E+00    1.8320E+01    7.3624E+00    1.2161E+01   
 1.9323E+01    5.0922E+01    5.8226E+01    2.3889E+01    1.8609E+01    1.9160E+01    7.7029E+01    5.5236E+01    1.7462E+01    4.7567E+00    1.8341E+01    7.3518E+00    1.2143E+01   
 1.9825E+01    5.0920E+01    5.8231E+01    2.3907E+01    1.8655E+01    1.9232E+01    7.7016E+01    5.5236E+01    1.7463E+01    4.7567E+00    1.8259E+01    7.3254E+00    1.2161E+01   
 2.0327E+01    5.0922E+01    5.8231E+01    2.3927E+01    1.8644E+01    1.9296E+01    7.6953E+01    5.5309E+01    1.7503E+01    4.7567E+00    1.8239E+01    7.2250E+00    1.2126E+01   
 2.0829E+01    5.0914E+01    5.8225E+01    2.3931E+01    1.8644E+01    1.9296E+01    7.6931E+01    5.5369E+01    1.7520E+01    4.7363E+00    1.8280E+01    7.3782E+00    1.2143E+01   
 2.1331E+01    5.0924E+01    5.8227E+01    2.3940E+01    1.8771E+01    1.9366E+01    7.6883E+01    5.5408E+01    1.7520E+01    4.7770E+00    1.8239E+01    7.3412E+00    1.2109E+01   
 2.1833E+01    5.0924E+01    5.8235E+01    2.3940E+01    1.8764E+01    1.9464E+01    7.6897E+01    5.5483E+01    1.7565E+01    4.7770E+00    1.8239E+01    7.1721E+00    1.2109E+01   
 2.2335E+01    5.0924E+01    5.8219E+01    2.3963E+01    1.8781E+01    1.9526E+01    7.6845E+01    5.5483E+01    1.7590E+01    4.7974E+00    1.8280E+01    7.1404E+00    1.2126E+01   
 2.2837E+01    5.0927E+01    5.8205E+01    2.3926E+01    1.8766E+01    1.9593E+01    7.6828E+01    5.5542E+01    1.7578E+01    4.7770E+00    1.8341E+01    7.3148E+00    1.2126E+01   
 2.3339E+01    5.0917E+01    5.8223E+01    2.3912E+01    1.8738E+01    1.9593E+01    7.6831E+01    5.5590E+01    1.7601E+01    4.7974E+00    1.8239E+01    7.1457E+00    1.2143E+01   
 2.3841E+01    5.0913E+01    5.8216E+01    2.3910E+01    1.8828E+01    1.9649E+01    7.6827E+01    5.5658E+01    1.7601E+01    4.7770E+00    1.8239E+01    7.1351E+00    1.2109E+01   
 2.4346E+01    5.0913E+01    5.8215E+01    2.3910E+01    1.8753E+01    1.9718E+01    7.6827E+01    5.5729E+01    1.7634E+01    4.7974E+00    1.8341E+01    7.1721E+00    1.2161E+01   
 2.4848E+01    5.0928E+01    5.8211E+01    2.3890E+01    1.8811E+01    1.9805E+01    7.6842E+01    5.5744E+01    1.7676E+01    4.8178E+00    1.8178E+01    7.1510E+00    1.2178E+01   
 2.5350E+01    5.0917E+01    5.8211E+01    2.3885E+01    1.8811E+01    1.9849E+01    7.6851E+01    5.5809E+01    1.7727E+01    4.8178E+00    1.8218E+01    7.2461E+00    1.2126E+01   
 2.5852E+01    5.0932E+01    5.8224E+01    2.3944E+01    1.8768E+01    1.9833E+01    7.6840E+01    5.5822E+01    1.7733E+01    4.7974E+00    1.8361E+01    7.1668E+00    1.2109E+01   
 2.6354E+01    5.0937E+01    5.8224E+01    2.3961E+01    1.8788E+01    1.9906E+01    7.6825E+01    5.5859E+01    1.7733E+01    4.8382E+00    1.8382E+01    7.1563E+00    1.2109E+01   
 2.6856E+01    5.0937E+01    5.8228E+01    2.3961E+01    1.8709E+01    1.9968E+01    7.6825E+01    5.5902E+01    1.7769E+01    4.8382E+00    1.8402E+01    7.1563E+00    1.2109E+01   
 2.7358E+01    5.0938E+01    5.8229E+01    2.3956E+01    1.8838E+01    2.0016E+01    7.6823E+01    5.5902E+01    1.7783E+01    4.8382E+00    1.8300E+01    7.2725E+00    1.2143E+01   
 2.7860E+01    5.0947E+01    5.8229E+01    2.3985E+01    1.8838E+01    2.0016E+01    7.6806E+01    5.5937E+01    1.7823E+01    4.8382E+00    1.8239E+01    7.1563E+00    1.2074E+01   
 2.8362E+01    5.0964E+01    5.8239E+01    2.3979E+01    1.8849E+01    2.0078E+01    7.6786E+01    5.5969E+01    1.7862E+01    4.8382E+00    1.8239E+01    7.1668E+00    1.2126E+01   
 2.8902E+01    5.0952E+01    5.8230E+01    2.3988E+01    1.8814E+01    2.0114E+01    7.6785E+01    5.6009E+01    1.7862E+01    4.8585E+00    1.8259E+01    7.1721E+00    1.2074E+01   
 2.9404E+01    5.0952E+01    5.8241E+01    2.3988E+01    1.8937E+01    2.0171E+01    7.6785E+01    5.6053E+01    1.7877E+01    4.8382E+00    1.8320E+01    7.1933E+00    1.2091E+01   
 2.9909E+01    5.0940E+01    5.8240E+01    2.3964E+01    1.8907E+01    2.0236E+01    7.6790E+01    5.6090E+01    1.7903E+01    4.8789E+00    1.8402E+01    7.4047E+00    1.2126E+01   
 3.0414E+01    5.0928E+01    5.8224E+01    2.3972E+01    1.8916E+01    2.0295E+01    7.6785E+01    5.6090E+01    1.7916E+01    4.8585E+00    1.8382E+01    7.4152E+00    1.2109E+01   
 3.0994E+01    5.0962E+01    5.8239E+01    2.4001E+01    1.8931E+01    2.0295E+01    7.6783E+01    5.6099E+01    1.7948E+01    4.8585E+00    1.8259E+01    7.1880E+00    1.2091E+01   
 3.1499E+01    5.0975E+01    5.8253E+01    2.4022E+01    1.8915E+01    2.0337E+01    7.6785E+01    5.6122E+01    1.7998E+01    4.8993E+00    1.8443E+01    7.2197E+00    1.2143E+01   
 3.2004E+01    5.0958E+01    5.8263E+01    2.4028E+01    1.8898E+01    2.0393E+01    7.6768E+01    5.6156E+01    1.7998E+01    4.8789E+00    1.8402E+01    7.3835E+00    1.2126E+01   
# Time (s)      T1w (C)       T2w (C)       T1a (C)       T2a (C)       T1r (C)       T2r (C)       T3r (C)       T4r (C)       P1 (bar)      P2 (bar)      Ic (amp)      Qc (l/min)    
 3.2509E+01    5.0973E+01    5.8278E+01    2.4044E+01    1.8962E+01    2.0430E+01    7.6768E+01    5.6170E+01    1.8007E+01    4.8993E+00    1.8320E+01    7.2038E+00    1.2126E+01   
 3.3071E+01    5.0983E+01    5.8301E+01    2.4036E+01    1.8978E+01    2.0466E+01    7.6781E+01    5.6193E+01    1.8006E+01    4.8789E+00    1.8341E+01    7.1774E+00    1.2109E+01   
 3.3573E+01    5.0987E+01    5.8296E+01    2.4076E+01    1.8912E+01    2.0502E+01    7.6744E+01    5.6178E+01    1.8006E+01    4.8993E+00    1.8218E+01    7.1668E+00    1.2126E+01   
 3.4075E+01    5.0993E+01    5.8296E+01    2.4019E+01    1.8912E+01    2.0502E+01    7.6757E+01    5.6194E+01    1.8022E+01    4.8993E+00    1.8259E+01    7.2408E+00    1.2126E+01   
 3.4577E+01    5.0988E+01    5.8286E+01    2.3951E+01    1.8976E+01    2.0558E+01    7.6749E+01    5.6204E+01    1.8038E+01    4.8789E+00    1.8300E+01    7.4152E+00    1.2126E+01   
 3.5175E+01    5.0983E+01    5.8297E+01    2.3936E+01    1.9007E+01    2.0581E+01    7.6735E+01    5.6206E+01    1.8076E+01    4.8993E+00    1.8300E+01    7.3254E+00    1.2109E+01   
 3.5677E+01    5.0983E+01    5.8293E+01    2.3936E+01    1.9018E+01    2.0658E+01    7.6749E+01    5.6240E+01    1.8110E+01    4.8993E+00    1.8320E+01    7.1774E+00    1.2126E+01   
 3.6179E+01    5.0983E+01    5.8324E+01    2.3959E+01    1.9143E+01    2.0677E+01    7.6731E+01    5.6240E+01    1.8139E+01    4.9196E+00    1.8320E+01    7.1774E+00    1.2143E+01   
 3.6681E+01    5.0950E+01    5.8304E+01    2.3963E+01    1.9127E+01    2.0742E+01    7.6732E+01    5.6279E+01    1.8144E+01    4.9196E+00    1.8463E+01    7.4311E+00    1.2161E+01   
 3.7248E+01    5.0963E+01    5.8304E+01    2.3932E+01    1.9118E+01    2.0742E+01    7.6725E+01    5.6259E+01    1.8176E+01    4.9196E+00    1.8443E+01    7.4364E+00    1.2143E+01   
 3.7752E+01    5.0975E+01    5.8316E+01    2.3930E+01    1.9185E+01    2.0768E+01    7.6757E+01    5.6307E+01    1.8190E+01    4.9196E+00    1.8239E+01    7.1933E+00    1.2126E+01   
 3.8254E+01    5.0975E+01    5.8311E+01    2.3930E+01    1.9212E+01    2.0805E+01    7.6757E+01    5.6324E+01    1.8190E+01    4.9400E+00    1.8300E+01    7.1774E+00    1.2161E+01   
 3.8757E+01    5.0966E+01    5.8327E+01    2.3908E+01    1.9152E+01    2.0819E+01    7.6757E+01    5.6356E+01    1.8218E+01    4.9400E+00    1.8320E+01    7.1774E+00    1.2178E+01   
 3.9336E+01    5.0983E+01    5.8330E+01    2.3899E+01    1.9141E+01    2.0851E+01    7.6763E+01    5.6356E+01    1.8255E+01    4.9400E+00    1.8300E+01    7.2197E+00    1.2178E+01   
 3.9838E+01    5.0977E+01    5.8336E+01    2.3915E+01    1.9141E+01    2.0870E+01    7.6775E+01    5.6355E+01    1.8243E+01    4.9604E+00    1.8300E+01    7.2197E+00    1.2161E+01   
 4.0340E+01    5.0985E+01    5.8336E+01    2.3865E+01    1.9120E+01    2.0870E+01    7.6791E+01    5.6372E+01    1.8286E+01    4.9400E+00    1.8341E+01    7.2197E+00    1.2143E+01   
 4.0842E+01    5.0992E+01    5.8338E+01    2.3823E+01    1.9161E+01    2.0886E+01    7.6841E+01    5.6353E+01    1.8270E+01    4.9604E+00    1.8463E+01    7.4311E+00    1.2143E+01   
 4.1416E+01    5.0990E+01    5.8338E+01    2.3823E+01    1.9204E+01    2.0910E+01    7.6891E+01    5.6379E+01    1.8288E+01    4.9808E+00    1.8280E+01    7.4470E+00    1.2126E+01   
 4.1918E+01    5.1005E+01    5.8360E+01    2.3854E+01    1.9160E+01    2.0942E+01    7.6891E+01    5.6382E+01    1.8302E+01    4.9604E+00    1.8300E+01    7.4470E+00    1.2126E+01   
 4.2421E+01    5.0994E+01    5.8358E+01    2.3870E+01    1.9219E+01    2.0970E+01    7.6943E+01    5.6382E+01    1.8324E+01    4.9604E+00    1.8463E+01    7.1985E+00    1.2143E+01   
 4.2923E+01    5.1005E+01    5.8358E+01    2.3919E+01    1.9219E+01    2.0954E+01    7.6967E+01    5.6340E+01    1.8348E+01    4.9808E+00    1.8341E+01    7.1933E+00    1.2161E+01   
 4.3524E+01    5.1010E+01    5.8368E+01    2.3950E+01    1.9279E+01    2.0976E+01    7.7000E+01    5.6361E+01    1.8363E+01    4.9604E+00    1.8320E+01    7.1985E+00    1.2126E+01   
 4.4026E+01    5.1025E+01    5.8384E+01    2.3970E+01    1.9296E+01    2.0990E+01    7.7015E+01    5.6374E+01    1.8363E+01    4.9808E+00    1.8300E+01    7.2408E+00    1.2126E+01   
 4.4528E+01    5.1025E+01    5.8378E+01    2.3970E+01    1.9385E+01    2.1015E+01    7.7015E+01    5.6367E+01    1.8379E+01    4.9808E+00    1.8484E+01    7.1985E+00    1.2178E+01   
 4.5030E+01    5.1020E+01    5.8399E+01    2.3954E+01    1.9319E+01    2.1026E+01    7.7038E+01    5.6373E+01    1.8413E+01    4.9808E+00    1.8300E+01    7.2408E+00    1.2161E+01   
 4.5617E+01    5.1031E+01    5.8400E+01    2.3947E+01    1.9298E+01    2.1052E+01    7.7044E+01    5.6373E+01    1.8423E+01    5.0011E+00    1.8382E+01    7.4681E+00    1.2126E+01   
 4.6119E+01    5.1022E+01    5.8409E+01    2.3907E+01    1.9298E+01    2.1052E+01    7.7038E+01    5.6400E+01    1.8432E+01    4.9604E+00    1.8463E+01    7.2144E+00    1.2109E+01   
 4.6621E+01    5.1028E+01    5.8409E+01    2.3871E+01    1.9334E+01    2.1037E+01    7.6990E+01    5.6390E+01    1.8442E+01    5.0011E+00    1.8361E+01    7.2091E+00    1.2143E+01   
 4.7123E+01    5.1026E+01    5.8418E+01    2.3852E+01    1.9293E+01    2.1051E+01    7.6952E+01    5.6367E+01    1.8442E+01    4.9808E+00    1.8382E+01    7.2937E+00    1.2109E+01   
 4.7705E+01    5.1003E+01    5.8395E+01    2.3837E+01    1.9276E+01    2.1061E+01    7.6938E+01    5.6365E+01    1.8458E+01    4.9808E+00    1.8463E+01    7.2197E+00    1.2109E+01   
# Time (s)      T1w (C)       T2w (C)       T1a (C)       T2a (C)       T1r (C)       T2r (C)       T3r (C)       T4r (C)       P1 (bar)      P2 (bar)      Ic (amp)      Qc (l/min)    
 4.8207E+01    5.1003E+01    5.8416E+01    2.3820E+01    1.9312E+01    2.1064E+01    7.6938E+01    5.6373E+01    1.8474E+01    5.0215E+00    1.8300E+01    7.2355E+00    1.2109E+01   
 4.8709E+01    5.0999E+01    5.8428E+01    2.3826E+01    1.9350E+01    2.1062E+01    7.6919E+01    5.6373E+01    1.8521E+01    5.0011E+00    1.8361E+01    7.4734E+00    1.2109E+01   
 4.9215E+01    5.0994E+01    5.8428E+01    2.3907E+01    1.9350E+01    2.1062E+01    7.6908E+01    5.6393E+01    1.8539E+01    5.0011E+00    1.8422E+01    7.4628E+00    1.2109E+01   
 4.9829E+01    5.0985E+01    5.8408E+01    2.3925E+01    1.9331E+01    2.1045E+01    7.6865E+01    5.6400E+01    1.8528E+01    5.0011E+00    1.8422E+01    7.2144E+00    1.2143E+01   
 5.0331E+01    5.0971E+01    5.8436E+01    2.3905E+01    1.9341E+01    2.1052E+01    7.6833E+01    5.6382E+01    1.8554E+01    5.0011E+00    1.8402E+01    7.2778E+00    1.2178E+01   
 5.0833E+01    5.0978E+01    5.8438E+01    2.3905E+01    1.9314E+01    2.1034E+01    7.6847E+01    5.6395E+01    1.8569E+01    5.0215E+00    1.8443E+01    7.2461E+00    1.2143E+01   
 5.1336E+01    5.0978E+01    5.8436E+01    2.3876E+01    1.9361E+01    2.1030E+01    7.6842E+01    5.6398E+01    1.8620E+01    5.0215E+00    1.8422E+01    7.2725E+00    1.2178E+01   
 5.1898E+01    5.1004E+01    5.8457E+01    2.3892E+01    1.9313E+01    2.0993E+01    7.6820E+01    5.6383E+01    1.8634E+01    5.0419E+00    1.8341E+01    7.3518E+00    1.2126E+01   
 5.2400E+01    5.1001E+01    5.8470E+01    2.3886E+01    1.9313E+01    2.0993E+01    7.6827E+01    5.6392E+01    1.8647E+01    5.0215E+00    1.8402E+01    7.4839E+00    1.2091E+01   
 5.2902E+01    5.1020E+01    5.8484E+01    2.3901E+01    1.9386E+01    2.0954E+01    7.6833E+01    5.6396E+01    1.8672E+01    5.0215E+00    1.8463E+01    7.3624E+00    1.2143E+01   
 5.3404E+01    5.1016E+01    5.8482E+01    2.3898E+01    1.9279E+01    2.0931E+01    7.6863E+01    5.6406E+01    1.8672E+01    5.0215E+00    1.8443E+01    7.3730E+00    1.2126E+01   
 5.3994E+01    5.1031E+01    5.8503E+01    2.3914E+01    1.9348E+01    2.0927E+01    7.6905E+01    5.6404E+01    1.8712E+01    5.0419E+00    1.8341E+01    7.2250E+00    1.2143E+01   
 5.4496E+01    5.1031E+01    5.8501E+01    2.3884E+01    1.9425E+01    2.0879E+01    7.6905E+01    5.6438E+01    1.8713E+01    5.0011E+00    1.8361E+01    7.2884E+00    1.2109E+01   
 5.4999E+01    5.1040E+01    5.8509E+01    2.3901E+01    1.9380E+01    2.0787E+01    7.6911E+01    5.6424E+01    1.8703E+01    5.0011E+00    1.8402E+01    7.4205E+00    1.2143E+01   
 5.5501E+01    5.1038E+01    5.8509E+01    2.3907E+01    1.9380E+01    2.0787E+01    7.6932E+01    5.6450E+01    1.8717E+01    5.0011E+00    1.8361E+01    7.2144E+00    1.2126E+01   
 5.6067E+01    5.1048E+01    5.8510E+01    2.3916E+01    1.9413E+01    2.0697E+01    7.6985E+01    5.6469E+01    1.8747E+01    4.9808E+00    1.8484E+01    7.2197E+00    1.2161E+01   
 5.6569E+01    5.1044E+01    5.8507E+01    2.3926E+01    1.9422E+01    2.0514E+01    7.7033E+01    5.6480E+01    1.8747E+01    5.0011E+00    1.8300E+01    7.4522E+00    1.2109E+01   
 5.7071E+01    5.1044E+01    5.8517E+01    2.3926E+01    1.9480E+01    2.0285E+01    7.7033E+01    5.6489E+01    1.8743E+01    5.0011E+00    1.8545E+01    7.4628E+00    1.2091E+01   
 5.7573E+01    5.1050E+01    5.8518E+01    2.3898E+01    1.9513E+01    1.9961E+01    7.7061E+01    5.6492E+01    1.8783E+01    5.0215E+00    1.8320E+01    7.4047E+00    1.2091E+01   
 5.8171E+01    5.1058E+01    5.8512E+01    2.3861E+01    1.9444E+01    1.9589E+01    7.7065E+01    5.6462E+01    1.8762E+01    5.0215E+00    1.8382E+01    7.3307E+00    1.2091E+01   
 5.8673E+01    5.1056E+01    5.8512E+01    2.3936E+01    1.9444E+01    1.9589E+01    7.7099E+01    5.6465E+01    1.8762E+01    5.0215E+00    1.8382E+01    7.4681E+00    1.2126E+01   
 5.9175E+01    5.1042E+01    5.8495E+01    2.3947E+01    1.9466E+01    1.9303E+01    7.7133E+01    5.6475E+01    1.8769E+01    5.0419E+00    1.8341E+01    7.3571E+00    1.2091E+01   
 5.9677E+01    5.1052E+01    5.8522E+01    2.3947E+01    1.9474E+01    1.9011E+01    7.7134E+01    5.6471E+01    1.8753E+01    5.0215E+00    1.8361E+01    7.3518E+00    1.2161E+01   
 6.0270E+01    5.1057E+01    5.8505E+01    2.3946E+01    1.9477E+01    1.8800E+01    7.7131E+01    5.6480E+01    1.8761E+01    5.0011E+00    1.8443E+01    7.2620E+00    1.2143E+01   
 6.0772E+01    5.1057E+01    5.8504E+01    2.3905E+01    1.9485E+01    1.8571E+01    7.7131E+01    5.6469E+01    1.8768E+01    5.0419E+00    1.8422E+01    7.2355E+00    1.2161E+01   
 6.1274E+01    5.1050E+01    5.8502E+01    2.3887E+01    1.9493E+01    1.8389E+01    7.7139E+01    5.6469E+01    1.8767E+01    5.0011E+00    1.8504E+01    7.2303E+00    1.2091E+01   
 6.1777E+01    5.1048E+01    5.8502E+01    2.3926E+01    1.9493E+01    1.8405E+01    7.7126E+01    5.6466E+01    1.8776E+01    5.0215E+00    1.8565E+01    7.4628E+00    1.2161E+01   
 6.2356E+01    5.1063E+01    5.8520E+01    2.3929E+01    1.9614E+01    1.8250E+01    7.7115E+01    5.6449E+01    1.8756E+01    4.9808E+00    1.8565E+01    7.3994E+00    1.2161E+01   
 6.2858E+01    5.1060E+01    5.8522E+01    2.3899E+01    1.9588E+01    1.8094E+01    7.7080E+01    5.6442E+01    1.8756E+01    5.0011E+00    1.8586E+01    7.2514E+00    1.2091E+01   
 6.3360E+01    5.1060E+01    5.8533E+01    2.3899E+01    1.9553E+01    1.7962E+01    7.7080E+01    5.6392E+01    1.8738E+01    5.0011E+00    1.8524E+01    7.2567E+00    1.2074E+01   
# Time (s)      T1w (C)       T2w (C)       T1a (C)       T2a (C)       T1r (C)       T2r (C)       T3r (C)       T4r (C)       P1 (bar)      P2 (bar)      Ic (amp)      Qc (l/min)    
 6.3862E+01    5.1057E+01    5.8562E+01    2.3917E+01    1.9601E+01    1.7810E+01    7.7050E+01    5.6357E+01    1.8704E+01    4.9808E+00    1.8504E+01    7.3412E+00    1.2056E+01   
 6.4436E+01    5.1068E+01    5.8579E+01    2.3961E+01    1.9672E+01    1.7678E+01    7.7017E+01    5.6357E+01    1.8694E+01    4.9808E+00    1.8524E+01    7.4311E+00    1.2109E+01   
 6.4938E+01    5.1058E+01    5.8579E+01    2.4039E+01    1.9672E+01    1.7678E+01    7.6964E+01    5.6326E+01    1.8648E+01    4.9604E+00    1.8647E+01    7.5104E+00    1.2178E+01   
 6.5440E+01    5.1074E+01    5.8596E+01    2.4039E+01    1.9644E+01    1.7562E+01    7.6936E+01    5.6272E+01    1.8637E+01    4.9604E+00    1.8565E+01    7.4998E+00    1.2109E+01   
 6.5946E+01    5.1059E+01    5.8602E+01    2.4024E+01    1.9670E+01    1.7452E+01    7.6910E+01    5.6220E+01    1.8637E+01    4.9808E+00    1.8484E+01    7.2567E+00    1.2074E+01   
 6.6524E+01    5.1059E+01    5.8610E+01    2.4040E+01    1.9545E+01    1.7342E+01    7.6910E+01    5.6151E+01    1.8597E+01    4.9604E+00    1.8728E+01    7.3518E+00    1.2126E+01   
 6.7026E+01    5.1054E+01    5.8639E+01    2.4025E+01    1.9482E+01    1.7241E+01    7.6871E+01    5.6109E+01    1.8543E+01    5.0011E+00    1.8524E+01    7.2672E+00    1.2091E+01   
 6.7529E+01    5.1058E+01    5.8649E+01    2.4030E+01    1.9482E+01    1.7158E+01    7.6840E+01    5.6109E+01    1.8519E+01    4.9808E+00    1.8667E+01    7.2672E+00    1.2126E+01   
 6.8031E+01    5.1047E+01    5.8634E+01    2.4005E+01    1.9465E+01    1.7158E+01    7.6859E+01    5.6025E+01    1.8470E+01    4.9604E+00    1.8688E+01    7.2725E+00    1.2126E+01   
 6.8620E+01    5.1043E+01    5.8667E+01    2.4026E+01    1.9477E+01    1.7055E+01    7.6850E+01    5.5965E+01    1.8441E+01    4.9604E+00    1.8524E+01    7.3888E+00    1.2126E+01   
 6.9123E+01    5.1051E+01    5.8671E+01    2.4026E+01    1.9445E+01    1.6969E+01    7.6888E+01    5.5894E+01    1.8441E+01    4.9400E+00    1.8728E+01    7.2567E+00    1.2143E+01   
 6.9625E+01    5.1051E+01    5.8683E+01    2.3999E+01    1.9336E+01    1.6898E+01    7.6888E+01    5.5821E+01    1.8403E+01    4.9604E+00    1.8606E+01    7.2620E+00    1.2126E+01   
 7.0127E+01    5.1046E+01    5.8695E+01    2.4014E+01    1.9388E+01    1.6815E+01    7.6907E+01    5.5759E+01    1.8353E+01    4.9400E+00    1.8749E+01    7.3677E+00    1.2143E+01   
 7.0709E+01    5.1060E+01    5.8705E+01    2.3968E+01    1.9388E+01    1.6755E+01    7.6922E+01    5.5759E+01    1.8330E+01    4.9400E+00    1.8586E+01    7.2884E+00    1.2161E+01   
 7.1213E+01    5.1067E+01    5.8720E+01    2.3969E+01    1.9360E+01    1.6771E+01    7.6948E+01    5.5703E+01    1.8279E+01    4.9604E+00    1.8749E+01    7.3307E+00    1.2126E+01   
 7.1719E+01    5.1064E+01    5.8720E+01    2.3957E+01    1.9378E+01    1.6691E+01    7.6965E+01    5.5633E+01    1.8233E+01    4.9400E+00    1.8688E+01    7.4681E+00    1.2109E+01   
 7.2225E+01    5.1083E+01    5.8735E+01    2.3972E+01    1.9377E+01    1.6629E+01    7.6965E+01    5.5584E+01    1.8233E+01    4.9400E+00    1.8667E+01    7.4575E+00    1.2126E+01   
 7.2824E+01    5.1077E+01    5.8744E+01    2.3970E+01    1.9364E+01    1.6578E+01    7.7007E+01    5.5527E+01    1.8226E+01    4.9196E+00    1.8586E+01    7.3307E+00    1.2143E+01   
 7.3329E+01    5.1077E+01    5.8747E+01    2.4026E+01    1.9301E+01    1.6503E+01    7.7037E+01    5.5429E+01    1.8162E+01    4.9196E+00    1.8586E+01    7.2831E+00    1.2143E+01   
 7.3835E+01    5.1096E+01    5.8763E+01    2.4079E+01    1.9317E+01    1.6466E+01    7.7079E+01    5.5443E+01    1.8116E+01    4.8993E+00    1.8647E+01    7.3201E+00    1.2143E+01   
 7.4340E+01    5.1091E+01    5.8763E+01    2.4095E+01    1.9363E+01    1.6466E+01    7.7095E+01    5.5357E+01    1.8061E+01    4.8993E+00    1.8769E+01    7.4998E+00    1.2161E+01   
 7.4921E+01    5.1085E+01    5.8769E+01    2.4071E+01    1.9274E+01    1.6416E+01    7.7130E+01    5.5301E+01    1.7985E+01    4.9196E+00    1.8647E+01    7.5209E+00    1.2126E+01   
 7.5426E+01    5.1085E+01    5.8789E+01    2.4071E+01    1.9265E+01    1.6359E+01    7.7164E+01    5.5220E+01    1.7985E+01    4.8789E+00    1.8565E+01    7.3835E+00    1.2109E+01   
 7.5929E+01    5.1085E+01    5.8791E+01    2.4023E+01    1.9232E+01    1.6337E+01    7.7178E+01    5.5173E+01    1.7964E+01    4.8585E+00    1.8606E+01    7.3677E+00    1.2109E+01   
 7.6431E+01    5.1098E+01    5.8790E+01    2.4015E+01    1.9208E+01    1.6288E+01    7.7174E+01    5.5085E+01    1.7913E+01    4.8789E+00    1.8606E+01    7.3518E+00    1.2109E+01   
 7.7006E+01    5.1090E+01    5.8792E+01    2.4007E+01    1.9208E+01    1.6242E+01    7.7188E+01    5.5085E+01    1.7860E+01    4.8585E+00    1.8647E+01    7.4575E+00    1.2161E+01   
 7.7508E+01    5.1070E+01    5.8792E+01    2.3997E+01    1.9207E+01    1.6242E+01    7.7212E+01    5.5024E+01    1.7788E+01    4.8585E+00    1.8769E+01    7.3307E+00    1.2161E+01   
 7.8010E+01    5.1083E+01    5.8775E+01    2.3911E+01    1.9161E+01    1.6211E+01    7.7242E+01    5.4947E+01    1.7736E+01    4.8178E+00    1.8667E+01    7.4998E+00    1.2143E+01   
 7.8513E+01    5.1076E+01    5.8774E+01    2.3911E+01    1.9108E+01    1.6150E+01    7.7242E+01    5.4861E+01    1.7736E+01    4.8382E+00    1.8769E+01    7.2514E+00    1.2161E+01   
 7.9086E+01    5.1061E+01    5.8746E+01    2.3866E+01    1.9086E+01    1.6148E+01    7.7246E+01    5.4814E+01    1.7682E+01    4.8382E+00    1.8790E+01    7.2408E+00    1.2126E+01   
# Time (s)      T1w (C)       T2w (C)       T1a (C)       T2a (C)       T1r (C)       T2r (C)       T3r (C)       T4r (C)       P1 (bar)      P2 (bar)      Ic (amp)      Qc (l/min)    
 7.9588E+01    5.1040E+01    5.8751E+01    2.3878E+01    1.9071E+01    1.6111E+01    7.7250E+01    5.4759E+01    1.7619E+01    4.8382E+00    1.8810E+01    7.3095E+00    1.2109E+01   
 8.0091E+01    5.1062E+01    5.8756E+01    2.3884E+01    1.9071E+01    1.6111E+01    7.7244E+01    5.4759E+01    1.7595E+01    4.7974E+00    1.8790E+01    7.2884E+00    1.2109E+01   
 8.0596E+01    5.1051E+01    5.8756E+01    2.3889E+01    1.8951E+01    1.6086E+01    7.7249E+01    5.4707E+01    1.7533E+01    4.7974E+00    1.8728E+01    7.2620E+00    1.2109E+01   
 8.1182E+01    5.1041E+01    5.8735E+01    2.3896E+01    1.8992E+01    1.6086E+01    7.7259E+01    5.4648E+01    1.7507E+01    4.8178E+00    1.8728E+01    7.2461E+00    1.2161E+01   
 8.1685E+01    5.1042E+01    5.8749E+01    2.3896E+01    1.8819E+01    1.6105E+01    7.7259E+01    5.4576E+01    1.7507E+01    4.7974E+00    1.8688E+01    7.3518E+00    1.2074E+01   
 8.2187E+01    5.1042E+01    5.8743E+01    2.3860E+01    1.8823E+01    1.6127E+01    7.7266E+01    5.4512E+01    1.7454E+01    4.7770E+00    1.8728E+01    7.3465E+00    1.2109E+01   
 8.2689E+01    5.1047E+01    5.8728E+01    2.3852E+01    1.8842E+01    1.6173E+01    7.7254E+01    5.4512E+01    1.7415E+01    4.7567E+00    1.8626E+01    7.2250E+00    1.2109E+01   
 8.3263E+01    5.1052E+01    5.8734E+01    2.3862E+01    1.8842E+01    1.6189E+01    7.7270E+01    5.4466E+01    1.7388E+01    4.7567E+00    1.8545E+01    7.4100E+00    1.2126E+01   
 8.3765E+01    5.1055E+01    5.8734E+01    2.3855E+01    1.8772E+01    1.6252E+01    7.7307E+01    5.4418E+01    1.7360E+01    4.7567E+00    1.8504E+01    7.2937E+00    1.2126E+01   
 8.4267E+01    5.1028E+01    5.8719E+01    2.3847E+01    1.8748E+01    1.6320E+01    7.7329E+01    5.4397E+01    1.7318E+01    4.7567E+00    1.8504E+01    7.2144E+00    1.2161E+01   
 8.4770E+01    5.1038E+01    5.8713E+01    2.3847E+01    1.8552E+01    1.6401E+01    7.7329E+01    5.4384E+01    1.7318E+01    4.7567E+00    1.8626E+01    7.3994E+00    1.2161E+01   
 8.5351E+01    5.1053E+01    5.8712E+01    2.3868E+01    1.8607E+01    1.6483E+01    7.7341E+01    5.4363E+01    1.7302E+01    4.7363E+00    1.8545E+01    7.3941E+00    1.2091E+01   
 8.5856E+01    5.1053E+01    5.8702E+01    2.3910E+01    1.8553E+01    1.6568E+01    7.7369E+01    5.4347E+01    1.7259E+01    4.7159E+00    1.8667E+01    7.4417E+00    1.2074E+01   
 8.6358E+01    5.1066E+01    5.8700E+01    2.3898E+01    1.8568E+01    1.6568E+01    7.7370E+01    5.4347E+01    1.7247E+01    4.7159E+00    1.8504E+01    7.3782E+00    1.2109E+01   
 8.6861E+01    5.1059E+01    5.8700E+01    2.3927E+01    1.8546E+01    1.6671E+01    7.7363E+01    5.4342E+01    1.7227E+01    4.7363E+00    1.8524E+01    7.2144E+00    1.2143E+01   
 8.7431E+01    5.1079E+01    5.8669E+01    2.3901E+01    1.8609E+01    1.6745E+01    7.7366E+01    5.4338E+01    1.7202E+01    4.7159E+00    1.8422E+01    7.1933E+00    1.2143E+01   
 8.7934E+01    5.1084E+01    5.8659E+01    2.3901E+01    1.8525E+01    1.6866E+01    7.7380E+01    5.4347E+01    1.7217E+01    4.7159E+00    1.8606E+01    7.3148E+00    1.2143E+01   
 8.8436E+01    5.1084E+01    5.8638E+01    2.3876E+01    1.8576E+01    1.6974E+01    7.7388E+01    5.4322E+01    1.7216E+01    4.6956E+00    1.8647E+01    7.1880E+00    1.2126E+01   
 8.8938E+01    5.1073E+01    5.8612E+01    2.3798E+01    1.8560E+01    1.6990E+01    7.7403E+01    5.4336E+01    1.7229E+01    4.7159E+00    1.8504E+01    7.3201E+00    1.2109E+01   
 8.9520E+01    5.1052E+01    5.8597E+01    2.3896E+01    1.8508E+01    1.7094E+01    7.7394E+01    5.4365E+01    1.7235E+01    4.7159E+00    1.8626E+01    7.1721E+00    1.2109E+01   
 9.0022E+01    5.1068E+01    5.8583E+01    2.3911E+01    1.8514E+01    1.7227E+01    7.7412E+01    5.4388E+01    1.7247E+01    4.6956E+00    1.8565E+01    7.2038E+00    1.2109E+01   
 9.0524E+01    5.1061E+01    5.8576E+01    2.3911E+01    1.8425E+01    1.7328E+01    7.7425E+01    5.4401E+01    1.7247E+01    4.7159E+00    1.8565E+01    7.1985E+00    1.2126E+01   
 9.1027E+01    5.1045E+01    5.8550E+01    2.3859E+01    1.8437E+01    1.7432E+01    7.7425E+01    5.4432E+01    1.7233E+01    4.6956E+00    1.8402E+01    7.1933E+00    1.2161E+01   
 9.1616E+01    5.1045E+01    5.8537E+01    2.3812E+01    1.8456E+01    1.7539E+01    7.7445E+01    5.4487E+01    1.7233E+01    4.6956E+00    1.8422E+01    7.1721E+00    1.2161E+01   
 9.2118E+01    5.1077E+01    5.8531E+01    2.3861E+01    1.8527E+01    1.7625E+01    7.7432E+01    5.4472E+01    1.7217E+01    4.6956E+00    1.8402E+01    7.2831E+00    1.2143E+01   
 9.2621E+01    5.1064E+01    5.8519E+01    2.3847E+01    1.8527E+01    1.7625E+01    7.7451E+01    5.4535E+01    1.7231E+01    4.7159E+00    1.8341E+01    7.3042E+00    1.2126E+01   
 9.3123E+01    5.1072E+01    5.8533E+01    2.3862E+01    1.8567E+01    1.7713E+01    7.7453E+01    5.4542E+01    1.7230E+01    4.7159E+00    1.8402E+01    7.1615E+00    1.2143E+01   
 9.3704E+01    5.1085E+01    5.8521E+01    2.3865E+01    1.8553E+01    1.7830E+01    7.7473E+01    5.4600E+01    1.7217E+01    4.7159E+00    1.8382E+01    7.1563E+00    1.2126E+01   
 9.4207E+01    5.1080E+01    5.8507E+01    2.3865E+01    1.8591E+01    1.7920E+01    7.7459E+01    5.4646E+01    1.7202E+01    4.6956E+00    1.8443E+01    7.3835E+00    1.2143E+01   
 9.4709E+01    5.1080E+01    5.8489E+01    2.3860E+01    1.8505E+01    1.8005E+01    7.7449E+01    5.4700E+01    1.7224E+01    4.7159E+00    1.8361E+01    7.1668E+00    1.2126E+01   
# Time (s)      T1w (C)       T2w (C)       T1a (C)       T2a (C)       T1r (C)       T2r (C)       T3r (C)       T4r (C)       P1 (bar)      P2 (bar)      Ic (amp)      Qc (l/min)    
 9.5211E+01    5.1080E+01    5.8471E+01    2.3885E+01    1.8505E+01    1.8005E+01    7.7428E+01    5.4700E+01    1.7242E+01    4.7363E+00    1.8361E+01    7.1721E+00    1.2161E+01   
 9.5809E+01    5.1098E+01    5.8463E+01    2.3925E+01    1.8546E+01    1.8115E+01    7.7417E+01    5.4773E+01    1.7244E+01    4.7363E+00    1.8259E+01    7.1457E+00    1.2109E+01   
 9.6314E+01    5.1075E+01    5.8448E+01    2.3901E+01    1.8459E+01    1.8233E+01    7.7427E+01    5.4845E+01    1.7264E+01    4.7159E+00    1.8361E+01    7.4047E+00    1.2109E+01   
 9.6817E+01    5.1065E+01    5.8441E+01    2.3901E+01    1.8456E+01    1.8312E+01    7.7427E+01    5.4902E+01    1.7264E+01    4.6956E+00    1.8341E+01    7.3941E+00    1.2143E+01   
 9.7319E+01    5.1072E+01    5.8439E+01    2.3940E+01    1.8494E+01    1.8423E+01    7.7427E+01    5.4967E+01    1.7278E+01    4.7363E+00    1.8504E+01    7.2197E+00    1.2126E+01   
 9.7905E+01    5.1072E+01    5.8428E+01    2.3941E+01    1.8518E+01    1.8508E+01    7.7413E+01    5.5040E+01    1.7286E+01    4.6956E+00    1.8524E+01    7.2937E+00    1.2126E+01   
 9.8407E+01    5.1073E+01    5.8407E+01    2.3944E+01    1.8515E+01    1.8597E+01    7.7417E+01    5.5119E+01    1.7322E+01    4.6956E+00    1.8422E+01    7.2620E+00    1.2126E+01   
 9.8910E+01    5.1070E+01    5.8434E+01    2.3912E+01    1.8515E+01    1.8597E+01    7.7412E+01    5.5119E+01    1.7332E+01    4.7159E+00    1.8422E+01    7.1563E+00    1.2126E+01   
 9.9412E+01    5.1075E+01    5.8434E+01    2.3881E+01    1.8537E+01    1.8686E+01    7.7383E+01    5.5179E+01    1.7313E+01    4.7159E+00    1.8402E+01    7.2937E+00    1.2109E+01   
 1.0000E+02    5.1067E+01    5.8404E+01    2.3908E+01    1.8504E+01    1.8785E+01    7.7374E+01    5.5219E+01    1.7331E+01    4.7363E+00    1.8341E+01    7.1774E+00    1.2126E+01   
 1.0050E+02    5.1076E+01    5.8417E+01    2.3908E+01    1.8512E+01    1.8842E+01    7.7374E+01    5.5307E+01    1.7331E+01    4.7363E+00    1.8361E+01    7.3571E+00    1.2178E+01   
 1.0101E+02    5.1076E+01    5.8400E+01    2.3894E+01    1.8592E+01    1.8923E+01    7.7373E+01    5.5379E+01    1.7324E+01    4.7363E+00    1.8280E+01    7.3624E+00    1.2126E+01   
 1.0151E+02    5.1063E+01    5.8378E+01    2.3879E+01    1.8577E+01    1.8923E+01    7.7376E+01    5.5379E+01    1.7352E+01    4.7363E+00    1.8280E+01    7.1615E+00    1.2109E+01   
 1.0209E+02    5.1065E+01    5.8381E+01    2.3896E+01    1.8504E+01    1.9009E+01    7.7364E+01    5.5420E+01    1.7364E+01    4.7363E+00    1.8341E+01    7.1563E+00    1.2109E+01   
 1.0259E+02    5.1056E+01    5.8381E+01    2.3839E+01    1.8608E+01    1.9079E+01    7.7343E+01    5.5511E+01    1.7392E+01    4.7363E+00    1.8320E+01    7.2884E+00    1.2161E+01   
 1.0309E+02    5.1068E+01    5.8376E+01    2.3839E+01    1.8679E+01    1.9162E+01    7.7330E+01    5.5577E+01    1.7392E+01    4.7363E+00    1.8239E+01    7.1563E+00    1.2126E+01   
 1.0360E+02    5.1057E+01    5.8385E+01    2.3819E+01    1.8709E+01    1.9243E+01    7.7330E+01    5.5611E+01    1.7406E+01    4.7567E+00    1.8504E+01    7.2778E+00    1.2109E+01   
 1.0419E+02    5.1057E+01    5.8373E+01    2.3795E+01    1.8742E+01    1.9329E+01    7.7299E+01    5.5684E+01    1.7425E+01    4.7567E+00    1.8422E+01    7.1933E+00    1.2109E+01   
 1.0469E+02    5.1074E+01    5.8356E+01    2.3799E+01    1.8779E+01    1.9375E+01    7.7285E+01    5.5756E+01    1.7454E+01    4.7567E+00    1.8300E+01    7.3571E+00    1.2143E+01   
 1.0519E+02    5.1070E+01    5.8358E+01    2.3745E+01    1.8779E+01    1.9359E+01    7.7248E+01    5.5741E+01    1.7434E+01    4.7770E+00    1.8443E+01    7.1510E+00    1.2126E+01   
 1.0569E+02    5.1074E+01    5.8358E+01    2.3776E+01    1.8735E+01    1.9431E+01    7.7239E+01    5.5781E+01    1.7461E+01    4.7567E+00    1.8341E+01    7.1510E+00    1.2109E+01   
 1.0627E+02    5.1088E+01    5.8366E+01    2.3754E+01    1.8741E+01    1.9493E+01    7.7224E+01    5.5838E+01    1.7478E+01    4.7770E+00    1.8320E+01    7.4047E+00    1.2109E+01   
 1.0678E+02    5.1088E+01    5.8367E+01    2.3754E+01    1.8729E+01    1.9577E+01    7.7224E+01    5.5902E+01    1.7478E+01    4.7770E+00    1.8382E+01    7.4152E+00    1.2109E+01   
 1.0728E+02    5.1088E+01    5.8366E+01    2.3749E+01    1.8674E+01    1.9634E+01    7.7210E+01    5.5962E+01    1.7497E+01    4.7770E+00    1.8239E+01    7.1457E+00    1.2109E+01   
 1.0778E+02    5.1097E+01    5.8356E+01    2.3769E+01    1.8674E+01    1.9634E+01    7.7204E+01    5.5962E+01    1.7522E+01    4.7974E+00    1.8259E+01    7.3254E+00    1.2109E+01   
 1.0837E+02    5.1115E+01    5.8378E+01    2.3799E+01    1.8770E+01    1.9704E+01    7.7214E+01    5.6003E+01    1.7554E+01    4.7770E+00    1.8382E+01    7.3148E+00    1.2143E+01   
 1.0887E+02    5.1121E+01    5.8378E+01    2.3889E+01    1.8770E+01    1.9752E+01    7.7234E+01    5.6040E+01    1.7581E+01    4.7974E+00    1.8484E+01    7.1774E+00    1.2161E+01   
 1.0938E+02    5.1118E+01    5.8368E+01    2.3889E+01    1.8879E+01    1.9808E+01    7.7229E+01    5.6108E+01    1.7581E+01    4.7770E+00    1.8300E+01    7.3095E+00    1.2126E+01   
 1.0988E+02    5.1118E+01    5.8371E+01    2.3871E+01    1.8875E+01    1.9883E+01    7.7229E+01    5.6150E+01    1.7627E+01    4.7974E+00    1.8320E+01    7.4152E+00    1.2126E+01   
 1.1046E+02    5.1122E+01    5.8372E+01    2.3855E+01    1.8877E+01    1.9935E+01    7.7222E+01    5.6175E+01    1.7637E+01    4.8178E+00    1.8463E+01    7.1985E+00    1.2126E+01   
# Time (s)      T1w (C)       T2w (C)       T1a (C)       T2a (C)       T1r (C)       T2r (C)       T3r (C)       T4r (C)       P1 (bar)      P2 (bar)      Ic (amp)      Qc (l/min)    
 1.1096E+02    5.1102E+01    5.8384E+01    2.3867E+01    1.8877E+01    1.9992E+01    7.7218E+01    5.6175E+01    1.7714E+01    4.8178E+00    1.8382E+01    7.3888E+00    1.2126E+01   
 1.1146E+02    5.1134E+01    5.8393E+01    2.3891E+01    1.8932E+01    1.9976E+01    7.7208E+01    5.6206E+01    1.7725E+01    4.8382E+00    1.8443E+01    7.1774E+00    1.2109E+01   
 1.1197E+02    5.1120E+01    5.8393E+01    2.3918E+01    1.8882E+01    2.0034E+01    7.7209E+01    5.6220E+01    1.7731E+01    4.8382E+00    1.8280E+01    7.1615E+00    1.2126E+01   
 1.1256E+02    5.1130E+01    5.8389E+01    2.3948E+01    1.8946E+01    2.0068E+01    7.7200E+01    5.6218E+01    1.7792E+01    4.8178E+00    1.8280E+01    7.1721E+00    1.2091E+01   
 1.1306E+02    5.1137E+01    5.8404E+01    2.3948E+01    1.8926E+01    2.0126E+01    7.7200E+01    5.6271E+01    1.7792E+01    4.8789E+00    1.8382E+01    7.1774E+00    1.2143E+01   
 1.1356E+02    5.1152E+01    5.8409E+01    2.3960E+01    1.9078E+01    2.0183E+01    7.7195E+01    5.6261E+01    1.7806E+01    4.8382E+00    1.8320E+01    7.4364E+00    1.2143E+01   
 1.1406E+02    5.1142E+01    5.8430E+01    2.3960E+01    1.9078E+01    2.0183E+01    7.7181E+01    5.6261E+01    1.7827E+01    4.8585E+00    1.8361E+01    7.2884E+00    1.2126E+01   
 1.1464E+02    5.1148E+01    5.8438E+01    2.3971E+01    1.9036E+01    2.0245E+01    7.7195E+01    5.6292E+01    1.7869E+01    4.8585E+00    1.8443E+01    7.4100E+00    1.2143E+01   
 1.1515E+02    5.1146E+01    5.8438E+01    2.3971E+01    1.8992E+01    2.0302E+01    7.7215E+01    5.6331E+01    1.7862E+01    4.8585E+00    1.8443E+01    7.2038E+00    1.2126E+01   
 1.1565E+02    5.1162E+01    5.8436E+01    2.3971E+01    1.9037E+01    2.0355E+01    7.7215E+01    5.6340E+01    1.7862E+01    4.8993E+00    1.8361E+01    7.4100E+00    1.2109E+01   
 1.1615E+02    5.1162E+01    5.8445E+01    2.3982E+01    1.9021E+01    2.0364E+01    7.7243E+01    5.6361E+01    1.7868E+01    4.8789E+00    1.8259E+01    7.3730E+00    1.2126E+01   
 1.1674E+02    5.1160E+01    5.8441E+01    2.3972E+01    1.9032E+01    2.0411E+01    7.7279E+01    5.6358E+01    1.7870E+01    4.8993E+00    1.8320E+01    7.4311E+00    1.2161E+01   
 1.1725E+02    5.1145E+01    5.8458E+01    2.3960E+01    1.9032E+01    2.0434E+01    7.7308E+01    5.6382E+01    1.7878E+01    4.8993E+00    1.8382E+01    7.1933E+00    1.2178E+01   
 1.1775E+02    5.1154E+01    5.8451E+01    2.3947E+01    1.9065E+01    2.0434E+01    7.7305E+01    5.6382E+01    1.7901E+01    4.8993E+00    1.8320E+01    7.2672E+00    1.2143E+01   
 1.1825E+02    5.1168E+01    5.8451E+01    2.3968E+01    1.9045E+01    2.0474E+01    7.7284E+01    5.6387E+01    1.7881E+01    4.8789E+00    1.8341E+01    7.2091E+00    1.2143E+01   
 1.1883E+02    5.1162E+01    5.8453E+01    2.3968E+01    1.9116E+01    2.0508E+01    7.7275E+01    5.6405E+01    1.7902E+01    4.9196E+00    1.8402E+01    7.1933E+00    1.2109E+01   
 1.1933E+02    5.1148E+01    5.8449E+01    2.3959E+01    1.9074E+01    2.0547E+01    7.7275E+01    5.6402E+01    1.7902E+01    4.9196E+00    1.8463E+01    7.2990E+00    1.2143E+01   
 1.1983E+02    5.1154E+01    5.8453E+01    2.4021E+01    1.9082E+01    2.0584E+01    7.7249E+01    5.6408E+01    1.7921E+01    4.9196E+00    1.8361E+01    7.3042E+00    1.2126E+01   
 1.2034E+02    5.1155E+01    5.8461E+01    2.4032E+01    1.9082E+01    2.0584E+01    7.7271E+01    5.6408E+01    1.7929E+01    4.9400E+00    1.8300E+01    7.1985E+00    1.2091E+01   
 1.2092E+02    5.1153E+01    5.8461E+01    2.4053E+01    1.9117E+01    2.0621E+01    7.7269E+01    5.6433E+01    1.7961E+01    4.9196E+00    1.8320E+01    7.1933E+00    1.2126E+01   
 1.2143E+02    5.1161E+01    5.8461E+01    2.4078E+01    1.9161E+01    2.0645E+01    7.7288E+01    5.6441E+01    1.7978E+01    4.9196E+00    1.8504E+01    7.1985E+00    1.2126E+01   
 1.2193E+02    5.1168E+01    5.8463E+01    2.4078E+01    1.9209E+01    2.0675E+01    7.7288E+01    5.6449E+01    1.7978E+01    4.9196E+00    1.8463E+01    7.2038E+00    1.2143E+01   
 1.2243E+02    5.1168E+01    5.8485E+01    2.4137E+01    1.9125E+01    2.0728E+01    7.7318E+01    5.6446E+01    1.8021E+01    4.9196E+00    1.8504E+01    7.4100E+00    1.2143E+01   
 1.2301E+02    5.1167E+01    5.8482E+01    2.4072E+01    1.9223E+01    2.0758E+01    7.7362E+01    5.6461E+01    1.8057E+01    4.9400E+00    1.8320E+01    7.4575E+00    1.2109E+01   
 1.2352E+02    5.1191E+01    5.8506E+01    2.3974E+01    1.9239E+01    2.0773E+01    7.7407E+01    5.6475E+01    1.8081E+01    4.9604E+00    1.8565E+01    7.3095E+00    1.2109E+01   
 1.2402E+02    5.1192E+01    5.8506E+01    2.4002E+01    1.9352E+01    2.0806E+01    7.7401E+01    5.6473E+01    1.8097E+01    4.9604E+00    1.8524E+01    7.4681E+00    1.2161E+01   
 1.2452E+02    5.1186E+01    5.8512E+01    2.4057E+01    1.9172E+01    2.0842E+01    7.7439E+01    5.6476E+01    1.8140E+01    4.9604E+00    1.8341E+01    7.3730E+00    1.2178E+01   
 1.2511E+02    5.1190E+01    5.8513E+01    2.4057E+01    1.9171E+01    2.0863E+01    7.7454E+01    5.6500E+01    1.8175E+01    4.9604E+00    1.8484E+01    7.4575E+00    1.2143E+01   
 1.2561E+02    5.1190E+01    5.8519E+01    2.4081E+01    1.9167E+01    2.0903E+01    7.7468E+01    5.6543E+01    1.8191E+01    4.9400E+00    1.8443E+01    7.4628E+00    1.2109E+01   
 1.2611E+02    5.1197E+01    5.8521E+01    2.4086E+01    1.9203E+01    2.0937E+01    7.7498E+01    5.6531E+01    1.8201E+01    4.9400E+00    1.8484E+01    7.4575E+00    1.2126E+01   
# Time (s)      T1w (C)       T2w (C)       T1a (C)       T2a (C)       T1r (C)       T2r (C)       T3r (C)       T4r (C)       P1 (bar)      P2 (bar)      Ic (amp)      Qc (l/min)    
 1.2662E+02    5.1185E+01    5.8527E+01    2.4075E+01    1.9203E+01    2.0937E+01    7.7526E+01    5.6531E+01    1.8240E+01    4.9808E+00    1.8320E+01    7.4522E+00    1.2143E+01   
 1.2720E+02    5.1192E+01    5.8514E+01    2.4095E+01    1.9223E+01    2.0956E+01    7.7512E+01    5.6552E+01    1.8261E+01    4.9604E+00    1.8361E+01    7.2620E+00    1.2161E+01   
 1.2770E+02    5.1187E+01    5.8514E+01    2.4138E+01    1.9159E+01    2.0975E+01    7.7517E+01    5.6534E+01    1.8265E+01    4.9604E+00    1.8443E+01    7.4470E+00    1.2143E+01   
 1.2821E+02    5.1194E+01    5.8538E+01    2.4138E+01    1.9219E+01    2.0998E+01    7.7517E+01    5.6533E+01    1.8265E+01    4.9808E+00    1.8341E+01    7.2514E+00    1.2143E+01   
 1.2871E+02    5.1194E+01    5.8534E+01    2.4102E+01    1.9212E+01    2.1018E+01    7.7527E+01    5.6541E+01    1.8287E+01    4.9604E+00    1.8422E+01    7.4522E+00    1.2143E+01   
 1.2929E+02    5.1188E+01    5.8545E+01    2.4116E+01    1.9292E+01    2.1038E+01    7.7519E+01    5.6538E+01    1.8316E+01    4.9604E+00    1.8422E+01    7.4787E+00    1.2161E+01   
 1.2979E+02    5.1206E+01    5.8553E+01    2.4115E+01    1.9292E+01    2.1038E+01    7.7521E+01    5.6538E+01    1.8342E+01    5.0011E+00    1.8382E+01    7.2144E+00    1.2109E+01   
 1.3029E+02    5.1196E+01    5.8553E+01    2.4114E+01    1.9335E+01    2.1070E+01    7.7537E+01    5.6554E+01    1.8382E+01    5.0011E+00    1.8606E+01    7.3571E+00    1.2178E+01   
 1.3079E+02    5.1201E+01    5.8561E+01    2.4101E+01    1.9400E+01    2.1074E+01    7.7537E+01    5.6560E+01    1.8406E+01    5.0011E+00    1.8382E+01    7.3571E+00    1.2143E+01   
 1.3137E+02    5.1201E+01    5.8572E+01    2.4101E+01    1.9377E+01    2.1108E+01    7.7551E+01    5.6594E+01    1.8421E+01    4.9604E+00    1.8382E+01    7.2620E+00    1.2091E+01   
 1.3188E+02    5.1201E+01    5.8576E+01    2.4120E+01    1.9371E+01    2.1131E+01    7.7536E+01    5.6604E+01    1.8446E+01    4.9808E+00    1.8565E+01    7.4417E+00    1.2143E+01   
 1.3238E+02    5.1203E+01    5.8586E+01    2.4139E+01    1.9309E+01    2.1152E+01    7.7538E+01    5.6607E+01    1.8471E+01    4.9808E+00    1.8626E+01    7.2620E+00    1.2178E+01   
 1.3288E+02    5.1204E+01    5.8585E+01    2.4125E+01    1.9309E+01    2.1152E+01    7.7500E+01    5.6607E+01    1.8489E+01    5.0011E+00    1.8565E+01    7.2303E+00    1.2143E+01   
 1.3347E+02    5.1195E+01    5.8597E+01    2.4141E+01    1.9319E+01    2.1176E+01    7.7504E+01    5.6619E+01    1.8534E+01    5.0011E+00    1.8524E+01    7.2408E+00    1.2195E+01   
 1.3397E+02    5.1206E+01    5.8597E+01    2.4128E+01    1.9348E+01    2.1173E+01    7.7501E+01    5.6625E+01    1.8580E+01    4.9808E+00    1.8402E+01    7.2408E+00    1.2126E+01   
 1.3448E+02    5.1193E+01    5.8590E+01    2.4128E+01    1.9298E+01    2.1197E+01    7.7501E+01    5.6652E+01    1.8580E+01    5.0011E+00    1.8443E+01    7.2461E+00    1.2178E+01   
 1.3498E+02    5.1193E+01    5.8602E+01    2.4121E+01    1.9346E+01    2.1176E+01    7.7485E+01    5.6633E+01    1.8611E+01    5.0419E+00    1.8586E+01    7.3941E+00    1.2143E+01   
 1.3556E+02    5.1199E+01    5.8627E+01    2.4054E+01    1.9347E+01    2.1170E+01    7.7467E+01    5.6659E+01    1.8609E+01    5.0215E+00    1.8463E+01    7.4575E+00    1.2126E+01   
 1.3606E+02    5.1201E+01    5.8614E+01    2.4069E+01    1.9347E+01    2.1170E+01    7.7458E+01    5.6659E+01    1.8658E+01    5.0215E+00    1.8504E+01    7.2884E+00    1.2126E+01   
 1.3656E+02    5.1196E+01    5.8614E+01    2.4080E+01    1.9342E+01    2.1166E+01    7.7455E+01    5.6637E+01    1.8677E+01    5.0419E+00    1.8484E+01    7.4417E+00    1.2178E+01   
 1.3707E+02    5.1198E+01    5.8625E+01    2.4080E+01    1.9300E+01    2.1152E+01    7.7457E+01    5.6629E+01    1.8695E+01    5.0011E+00    1.8565E+01    7.4628E+00    1.2143E+01   
 1.3766E+02    5.1210E+01    5.8633E+01    2.4063E+01    1.9328E+01    2.1127E+01    7.7457E+01    5.6621E+01    1.8695E+01    5.0215E+00    1.8606E+01    7.5104E+00    1.2126E+01   
 1.3816E+02    5.1210E+01    5.8633E+01    2.4056E+01    1.9393E+01    2.1099E+01    7.7456E+01    5.6629E+01    1.8701E+01    5.0011E+00    1.8504E+01    7.3730E+00    1.2126E+01   
 1.3866E+02    5.1200E+01    5.8630E+01    2.4046E+01    1.9397E+01    2.1071E+01    7.7495E+01    5.6665E+01    1.8715E+01    5.0011E+00    1.8586E+01    7.2461E+00    1.2161E+01   
 1.3917E+02    5.1208E+01    5.8645E+01    2.4036E+01    1.9397E+01    2.1071E+01    7.7478E+01    5.6665E+01    1.8742E+01    5.0011E+00    1.8422E+01    7.2355E+00    1.2178E+01   
 1.3974E+02    5.1203E+01    5.8645E+01    2.4016E+01    1.9435E+01    2.1017E+01    7.7467E+01    5.6659E+01    1.8763E+01    4.9808E+00    1.8586E+01    7.2355E+00    1.2109E+01   
 1.4025E+02    5.1214E+01    5.8648E+01    2.3993E+01    1.9374E+01    2.0950E+01    7.7453E+01    5.6659E+01    1.8779E+01    4.9604E+00    1.8443E+01    7.2672E+00    1.2126E+01   
 1.4075E+02    5.1214E+01    5.8647E+01    2.3993E+01    1.9403E+01    2.0855E+01    7.7453E+01    5.6677E+01    1.8779E+01    5.0011E+00    1.8504E+01    7.2355E+00    1.2178E+01   
 1.4125E+02    5.1214E+01    5.8654E+01    2.3965E+01    1.9439E+01    2.0681E+01    7.7456E+01    5.6648E+01    1.8789E+01    5.0215E+00    1.8524E+01    7.2408E+00    1.2143E+01   
 1.4184E+02    5.1205E+01    5.8639E+01    2.3916E+01    1.9456E+01    2.0407E+01    7.7476E+01    5.6676E+01    1.8818E+01    5.0215E+00    1.8545E+01    7.2355E+00    1.2161E+01   
# Time (s)      T1w (C)       T2w (C)       T1a (C)       T2a (C)       T1r (C)       T2r (C)       T3r (C)       T4r (C)       P1 (bar)      P2 (bar)      Ic (amp)      Qc (l/min)    
 1.4234E+02    5.1213E+01    5.8637E+01    2.3971E+01    1.9456E+01    2.0407E+01    7.7514E+01    5.6676E+01    1.8827E+01    5.0011E+00    1.8361E+01    7.2355E+00    1.2126E+01   
 1.4285E+02    5.1208E+01    5.8637E+01    2.4004E+01    1.9585E+01    1.9999E+01    7.7545E+01    5.6691E+01    1.8862E+01    5.0419E+00    1.8586E+01    7.3571E+00    1.2126E+01   
 1.4335E+02    5.1201E+01    5.8655E+01    2.4004E+01    1.9566E+01    1.9606E+01    7.7545E+01    5.6726E+01    1.8862E+01    5.0215E+00    1.8402E+01    7.3888E+00    1.2143E+01   
 1.4393E+02    5.1218E+01    5.8642E+01    2.4039E+01    1.9612E+01    1.9334E+01    7.7560E+01    5.6732E+01    1.8886E+01    5.0215E+00    1.8586E+01    7.4998E+00    1.2109E+01   
 1.4443E+02    5.1218E+01    5.8625E+01    2.4040E+01    1.9574E+01    1.9083E+01    7.7580E+01    5.6725E+01    1.8907E+01    5.0215E+00    1.8463E+01    7.4522E+00    1.2126E+01   
 1.4493E+02    5.1213E+01    5.8644E+01    2.4028E+01    1.9574E+01    1.9083E+01    7.7578E+01    5.6725E+01    1.8899E+01    5.0011E+00    1.8647E+01    7.3307E+00    1.2074E+01   
 1.4544E+02    5.1216E+01    5.8645E+01    2.4031E+01    1.9621E+01    1.8868E+01    7.7569E+01    5.6706E+01    1.8880E+01    5.0011E+00    1.8463E+01    7.5051E+00    1.2109E+01   
 1.4603E+02    5.1220E+01    5.8658E+01    2.4010E+01    1.9632E+01    1.8667E+01    7.7527E+01    5.6733E+01    1.8892E+01    5.0011E+00    1.8443E+01    7.5157E+00    1.2143E+01   
 1.4654E+02    5.1216E+01    5.8658E+01    2.3993E+01    1.9685E+01    1.8513E+01    7.7499E+01    5.6712E+01    1.8877E+01    5.0215E+00    1.8504E+01    7.3360E+00    1.2109E+01   
 1.4704E+02    5.1218E+01    5.8665E+01    2.3993E+01    1.9590E+01    1.8328E+01    7.7499E+01    5.6684E+01    1.8877E+01    5.0419E+00    1.8504E+01    7.4522E+00    1.2126E+01   
 1.4754E+02    5.1218E+01    5.8693E+01    2.4011E+01    1.9625E+01    1.8175E+01    7.7464E+01    5.6641E+01    1.8855E+01    5.0215E+00    1.8728E+01    7.2778E+00    1.2161E+01   
 1.4812E+02    5.1219E+01    5.8709E+01    2.4036E+01    1.9636E+01    1.8034E+01    7.7423E+01    5.6579E+01    1.8855E+01    5.0011E+00    1.8504E+01    7.2831E+00    1.2161E+01   
 1.4863E+02    5.1216E+01    5.8715E+01    2.4015E+01    1.9636E+01    1.8034E+01    7.7396E+01    5.6579E+01    1.8813E+01    5.0011E+00    1.8586E+01    7.5315E+00    1.2161E+01   
 1.4913E+02    5.1206E+01    5.8715E+01    2.4028E+01    1.9574E+01    1.7897E+01    7.7376E+01    5.6531E+01    1.8789E+01    4.9808E+00    1.8606E+01    7.3730E+00    1.2143E+01   
 1.4963E+02    5.1211E+01    5.8730E+01    2.4028E+01    1.9566E+01    1.7766E+01    7.7376E+01    5.6483E+01    1.8789E+01    4.9808E+00    1.8769E+01    7.2884E+00    1.2126E+01   
 1.5022E+02    5.1199E+01    5.8752E+01    2.4048E+01    1.9629E+01    1.7649E+01    7.7350E+01    5.6409E+01    1.8745E+01    4.9808E+00    1.8626E+01    7.3465E+00    1.2126E+01   
 1.5072E+02    5.1199E+01    5.8764E+01    2.4031E+01    1.9524E+01    1.7538E+01    7.7304E+01    5.6369E+01    1.8705E+01    5.0011E+00    1.8749E+01    7.4839E+00    1.2126E+01   
 1.5122E+02    5.1199E+01    5.8789E+01    2.4033E+01    1.9524E+01    1.7538E+01    7.7296E+01    5.6369E+01    1.8665E+01    4.9604E+00    1.8708E+01    7.3518E+00    1.2109E+01   
 1.5173E+02    5.1212E+01    5.8800E+01    2.4038E+01    1.9556E+01    1.7423E+01    7.7278E+01    5.6338E+01    1.8613E+01    4.9808E+00    1.8647E+01    7.4628E+00    1.2109E+01   
 1.5231E+02    5.1214E+01    5.8800E+01    2.4058E+01    1.9526E+01    1.7324E+01    7.7277E+01    5.6283E+01    1.8593E+01    4.9604E+00    1.8728E+01    7.4205E+00    1.2161E+01   
 1.5281E+02    5.1208E+01    5.8807E+01    2.4058E+01    1.9534E+01    1.7220E+01    7.7317E+01    5.6193E+01    1.8531E+01    4.9808E+00    1.8769E+01    7.4364E+00    1.2143E+01   
 1.5331E+02    5.1214E+01    5.8836E+01    2.4061E+01    1.9475E+01    1.7145E+01    7.7317E+01    5.6112E+01    1.8531E+01    4.9808E+00    1.8626E+01    7.3782E+00    1.2161E+01   
 1.5381E+02    5.1214E+01    5.8821E+01    2.4058E+01    1.9406E+01    1.7047E+01    7.7376E+01    5.6052E+01    1.8489E+01    4.9604E+00    1.8769E+01    7.3782E+00    1.2161E+01   
 1.5440E+02    5.1201E+01    5.8850E+01    2.4058E+01    1.9467E+01    1.6973E+01    7.7418E+01    5.5974E+01    1.8449E+01    4.9808E+00    1.8830E+01    7.4839E+00    1.2178E+01   
 1.5490E+02    5.1212E+01    5.8835E+01    2.4047E+01    1.9467E+01    1.6973E+01    7.7460E+01    5.5974E+01    1.8421E+01    4.9400E+00    1.8667E+01    7.4734E+00    1.2161E+01   
 1.5541E+02    5.1222E+01    5.8835E+01    2.4038E+01    1.9433E+01    1.6905E+01    7.7498E+01    5.5923E+01    1.8380E+01    4.9400E+00    1.8851E+01    7.2937E+00    1.2178E+01   
 1.5591E+02    5.1222E+01    5.8846E+01    2.4038E+01    1.9404E+01    1.6831E+01    7.7498E+01    5.5834E+01    1.8380E+01    4.9400E+00    1.8667E+01    7.2831E+00    1.2126E+01   
 1.5649E+02    5.1205E+01    5.8838E+01    2.4023E+01    1.9412E+01    1.6745E+01    7.7509E+01    5.5779E+01    1.8320E+01    4.8993E+00    1.8810E+01    7.2937E+00    1.2178E+01   
 1.5699E+02    5.1205E+01    5.8852E+01    2.4022E+01    1.9431E+01    1.6665E+01    7.7538E+01    5.5700E+01    1.8302E+01    4.8993E+00    1.8688E+01    7.2831E+00    1.2161E+01   
 1.5750E+02    5.1204E+01    5.8828E+01    2.4134E+01    1.9416E+01    1.6665E+01    7.7527E+01    5.5700E+01    1.8254E+01    4.9196E+00    1.8830E+01    7.4470E+00    1.2161E+01   
# Time (s)      T1w (C)       T2w (C)       T1a (C)       T2a (C)       T1r (C)       T2r (C)       T3r (C)       T4r (C)       P1 (bar)      P2 (bar)      Ic (amp)      Qc (l/min)    
 1.5800E+02    5.1201E+01    5.8834E+01    2.4254E+01    1.9288E+01    1.6614E+01    7.7551E+01    5.5636E+01    1.8194E+01    4.9196E+00    1.8749E+01    7.2990E+00    1.2126E+01   
 1.5859E+02    5.1193E+01    5.8834E+01    2.4335E+01    1.9154E+01    1.6543E+01    7.7542E+01    5.5542E+01    1.8113E+01    4.8993E+00    1.8647E+01    7.2620E+00    1.2126E+01   
 1.5909E+02    5.1206E+01    5.8838E+01    2.4335E+01    1.9193E+01    1.6478E+01    7.7541E+01    5.5464E+01    1.8072E+01    4.8789E+00    1.8708E+01    7.2725E+00    1.2161E+01   
 1.5960E+02    5.1204E+01    5.8856E+01    2.4302E+01    1.9190E+01    1.6408E+01    7.7526E+01    5.5401E+01    1.8056E+01    4.8993E+00    1.8749E+01    7.2990E+00    1.2161E+01   
 1.6010E+02    5.1204E+01    5.8861E+01    2.4257E+01    1.9173E+01    1.6385E+01    7.7517E+01    5.5329E+01    1.8025E+01    4.8789E+00    1.8810E+01    7.3412E+00    1.2143E+01   
 1.6066E+02    5.1218E+01    5.8876E+01    2.4247E+01    1.9168E+01    1.6369E+01    7.7495E+01    5.5243E+01    1.7947E+01    4.8585E+00    1.8728E+01    7.2831E+00    1.2091E+01   
 1.6116E+02    5.1210E+01    5.8882E+01    2.4165E+01    1.9168E+01    1.6319E+01    7.7492E+01    5.5243E+01    1.7888E+01    4.8382E+00    1.8871E+01    7.3888E+00    1.2109E+01   
 1.6166E+02    5.1238E+01    5.8897E+01    2.4104E+01    1.9198E+01    1.6273E+01    7.7506E+01    5.5168E+01    1.7821E+01    4.8382E+00    1.8749E+01    7.4311E+00    1.2161E+01   
 1.6217E+02    5.1227E+01    5.8903E+01    2.4104E+01    1.9213E+01    1.6260E+01    7.7506E+01    5.5114E+01    1.7821E+01    4.8382E+00    1.8728E+01    7.5262E+00    1.2143E+01   
 1.6275E+02    5.1227E+01    5.8907E+01    2.4091E+01    1.9097E+01    1.6211E+01    7.7478E+01    5.5033E+01    1.7755E+01    4.8382E+00    1.8851E+01    7.5051E+00    1.2161E+01   
 1.6326E+02    5.1227E+01    5.8916E+01    2.4067E+01    1.9132E+01    1.6188E+01    7.7471E+01    5.4967E+01    1.7720E+01    4.8178E+00    1.8667E+01    7.2567E+00    1.2126E+01   
 1.6376E+02    5.1227E+01    5.8905E+01    2.4032E+01    1.9132E+01    1.6188E+01    7.7464E+01    5.4967E+01    1.7646E+01    4.8382E+00    1.8769E+01    7.3095E+00    1.2161E+01   
 1.6427E+02    5.1213E+01    5.8905E+01    2.4018E+01    1.9058E+01    1.6164E+01    7.7443E+01    5.4899E+01    1.7599E+01    4.8178E+00    1.8626E+01    7.2672E+00    1.2161E+01   
 1.6484E+02    5.1227E+01    5.8905E+01    2.4031E+01    1.9098E+01    1.6174E+01    7.7455E+01    5.4853E+01    1.7554E+01    4.7974E+00    1.8871E+01    7.2725E+00    1.2126E+01   
 1.6534E+02    5.1236E+01    5.8906E+01    2.4031E+01    1.9022E+01    1.6150E+01    7.7455E+01    5.4782E+01    1.7554E+01    4.8178E+00    1.8708E+01    7.5209E+00    1.2126E+01   
 1.6584E+02    5.1236E+01    5.8896E+01    2.4027E+01    1.9015E+01    1.6159E+01    7.7458E+01    5.4727E+01    1.7489E+01    4.7974E+00    1.8871E+01    7.2672E+00    1.2161E+01   
 1.6634E+02    5.1229E+01    5.8893E+01    2.3967E+01    1.9015E+01    1.6159E+01    7.7464E+01    5.4652E+01    1.7440E+01    4.7974E+00    1.8667E+01    7.4100E+00    1.2109E+01   
 1.6692E+02    5.1227E+01    5.8883E+01    2.3952E+01    1.8997E+01    1.6195E+01    7.7476E+01    5.4652E+01    1.7396E+01    4.7974E+00    1.8667E+01    7.4787E+00    1.2178E+01   
 1.6742E+02    5.1249E+01    5.8889E+01    2.3926E+01    1.8834E+01    1.6241E+01    7.7469E+01    5.4596E+01    1.7384E+01    4.7974E+00    1.8667E+01    7.2990E+00    1.2178E+01   
 1.6792E+02    5.1237E+01    5.8889E+01    2.3926E+01    1.8882E+01    1.6292E+01    7.7469E+01    5.4556E+01    1.7329E+01    4.7770E+00    1.8688E+01    7.4364E+00    1.2143E+01   
 1.6842E+02    5.1246E+01    5.8875E+01    2.3920E+01    1.8864E+01    1.6367E+01    7.7471E+01    5.4516E+01    1.7329E+01    4.7770E+00    1.8728E+01    7.2514E+00    1.2143E+01   
 1.6899E+02    5.1246E+01    5.8879E+01    2.3944E+01    1.8888E+01    1.6402E+01    7.7473E+01    5.4467E+01    1.7258E+01    4.7567E+00    1.8565E+01    7.3730E+00    1.2143E+01   
 1.6949E+02    5.1247E+01    5.8880E+01    2.3957E+01    1.8843E+01    1.6478E+01    7.7486E+01    5.4440E+01    1.7236E+01    4.7567E+00    1.8688E+01    7.3412E+00    1.2143E+01   
 1.7000E+02    5.1251E+01    5.8860E+01    2.4001E+01    1.8843E+01    1.6478E+01    7.7507E+01    5.4440E+01    1.7181E+01    4.7567E+00    1.8626E+01    7.2355E+00    1.2143E+01   
 1.7050E+02    5.1240E+01    5.8860E+01    2.4036E+01    1.8758E+01    1.6555E+01    7.7499E+01    5.4405E+01    1.7159E+01    4.7363E+00    1.8586E+01    7.4787E+00    1.2178E+01   
 1.7108E+02    5.1250E+01    5.8847E+01    2.4030E+01    1.8747E+01    1.6625E+01    7.7497E+01    5.4409E+01    1.7134E+01    4.7363E+00    1.8626E+01    7.4258E+00    1.2143E+01   
 1.7158E+02    5.1261E+01    5.8839E+01    2.4030E+01    1.8719E+01    1.6721E+01    7.7497E+01    5.4417E+01    1.7134E+01    4.7159E+00    1.8565E+01    7.4575E+00    1.2143E+01   
 1.7208E+02    5.1261E+01    5.8826E+01    2.3995E+01    1.8591E+01    1.6818E+01    7.7496E+01    5.4398E+01    1.7105E+01    4.6956E+00    1.8606E+01    7.4470E+00    1.2178E+01   
 1.7258E+02    5.1247E+01    5.8805E+01    2.4014E+01    1.8591E+01    1.6818E+01    7.7484E+01    5.4398E+01    1.7098E+01    4.7363E+00    1.8667E+01    7.2672E+00    1.2109E+01   
 1.7316E+02    5.1269E+01    5.8799E+01    2.3988E+01    1.8592E+01    1.6926E+01    7.7494E+01    5.4365E+01    1.7111E+01    4.7159E+00    1.8688E+01    7.3360E+00    1.2126E+01   
# Time (s)      T1w (C)       T2w (C)       T1a (C)       T2a (C)       T1r (C)       T2r (C)       T3r (C)       T4r (C)       P1 (bar)      P2 (bar)      Ic (amp)      Qc (l/min)    
 1.7366E+02    5.1261E+01    5.8799E+01    2.3985E+01    1.8738E+01    1.7034E+01    7.7488E+01    5.4397E+01    1.7110E+01    4.7159E+00    1.8545E+01    7.2038E+00    1.2109E+01   
 1.7416E+02    5.1242E+01    5.8774E+01    2.3985E+01    1.8588E+01    1.7123E+01    7.7488E+01    5.4428E+01    1.7122E+01    4.6956E+00    1.8504E+01    7.3518E+00    1.2109E+01   
 1.7467E+02    5.1250E+01    5.8760E+01    2.3993E+01    1.8631E+01    1.7230E+01    7.7488E+01    5.4459E+01    1.7122E+01    4.7159E+00    1.8688E+01    7.4417E+00    1.2126E+01   
 1.7524E+02    5.1250E+01    5.8751E+01    2.3916E+01    1.8603E+01    1.7327E+01    7.7474E+01    5.4493E+01    1.7107E+01    4.7159E+00    1.8606E+01    7.3677E+00    1.2161E+01   
 1.7575E+02    5.1254E+01    5.8738E+01    2.3949E+01    1.8603E+01    1.7343E+01    7.7499E+01    5.4542E+01    1.7127E+01    4.6956E+00    1.8504E+01    7.4417E+00    1.2074E+01   
 1.7625E+02    5.1248E+01    5.8719E+01    2.3938E+01    1.8552E+01    1.7452E+01    7.7499E+01    5.4542E+01    1.7146E+01    4.7159E+00    1.8463E+01    7.3571E+00    1.2109E+01   
 1.7675E+02    5.1256E+01    5.8719E+01    2.3823E+01    1.8574E+01    1.7555E+01    7.7514E+01    5.4570E+01    1.7138E+01    4.7363E+00    1.8667E+01    7.1880E+00    1.2109E+01   
 1.7733E+02    5.1253E+01    5.8714E+01    2.3823E+01    1.8554E+01    1.7651E+01    7.7514E+01    5.4634E+01    1.7125E+01    4.7363E+00    1.8484E+01    7.3571E+00    1.2126E+01   
 1.7783E+02    5.1244E+01    5.8690E+01    2.3781E+01    1.8503E+01    1.7766E+01    7.7526E+01    5.4704E+01    1.7140E+01    4.7363E+00    1.8524E+01    7.1774E+00    1.2091E+01   
 1.7833E+02    5.1244E+01    5.8677E+01    2.3871E+01    1.8506E+01    1.7870E+01    7.7518E+01    5.4773E+01    1.7164E+01    4.7363E+00    1.8565E+01    7.3835E+00    1.2126E+01   
 1.7883E+02    5.1243E+01    5.8658E+01    2.3935E+01    1.8506E+01    1.7885E+01    7.7554E+01    5.4788E+01    1.7180E+01    4.7159E+00    1.8484E+01    7.2144E+00    1.2161E+01   
 1.7941E+02    5.1249E+01    5.8654E+01    2.3892E+01    1.8596E+01    1.7984E+01    7.7549E+01    5.4860E+01    1.7192E+01    4.7159E+00    1.8463E+01    7.3465E+00    1.2109E+01   
 1.7992E+02    5.1252E+01    5.8654E+01    2.3861E+01    1.8612E+01    1.8077E+01    7.7540E+01    5.4914E+01    1.7212E+01    4.7159E+00    1.8361E+01    7.4258E+00    1.2143E+01   
 1.8042E+02    5.1265E+01    5.8636E+01    2.3861E+01    1.8665E+01    1.8165E+01    7.7540E+01    5.4948E+01    1.7212E+01    4.7159E+00    1.8402E+01    7.2620E+00    1.2178E+01   
 1.8092E+02    5.1265E+01    5.8627E+01    2.3890E+01    1.8646E+01    1.8282E+01    7.7557E+01    5.5045E+01    1.7259E+01    4.7363E+00    1.8484E+01    7.1668E+00    1.2161E+01   
 1.8149E+02    5.1261E+01    5.8636E+01    2.3886E+01    1.8680E+01    1.8372E+01    7.7588E+01    5.5099E+01    1.7296E+01    4.7567E+00    1.8565E+01    7.3730E+00    1.2161E+01   
 1.8200E+02    5.1275E+01    5.8620E+01    2.3965E+01    1.8680E+01    1.8372E+01    7.7625E+01    5.5099E+01    1.7324E+01    4.7567E+00    1.8361E+01    7.1721E+00    1.2143E+01   
 1.8250E+02    5.1266E+01    5.8620E+01    2.4004E+01    1.8740E+01    1.8470E+01    7.7648E+01    5.5169E+01    1.7343E+01    4.7159E+00    1.8463E+01    7.3941E+00    1.2143E+01   
 1.8300E+02    5.1276E+01    5.8604E+01    2.4004E+01    1.8750E+01    1.8567E+01    7.7648E+01    5.5215E+01    1.7316E+01    4.7567E+00    1.8565E+01    7.3941E+00    1.2178E+01   
 1.8358E+02    5.1280E+01    5.8587E+01    2.4006E+01    1.8782E+01    1.8642E+01    7.7661E+01    5.5265E+01    1.7349E+01    4.7567E+00    1.8463E+01    7.3201E+00    1.2161E+01   
 1.8409E+02    5.1280E+01    5.8585E+01    2.3960E+01    1.8683E+01    1.8714E+01    7.7662E+01    5.5323E+01    1.7349E+01    4.7567E+00    1.8341E+01    7.4311E+00    1.2195E+01   
 1.8459E+02    5.1292E+01    5.8574E+01    2.3961E+01    1.8683E+01    1.8714E+01    7.7670E+01    5.5401E+01    1.7387E+01    4.7159E+00    1.8463E+01    7.3148E+00    1.2161E+01   
 1.8509E+02    5.1285E+01    5.8564E+01    2.3898E+01    1.8683E+01    1.8814E+01    7.7655E+01    5.5401E+01    1.7365E+01    4.7567E+00    1.8402E+01    7.1774E+00    1.2126E+01   
 1.8566E+02    5.1287E+01    5.8547E+01    2.3827E+01    1.8677E+01    1.8880E+01    7.7650E+01    5.5478E+01    1.7420E+01    4.7159E+00    1.8402E+01    7.3782E+00    1.2091E+01   
 1.8617E+02    5.1280E+01    5.8547E+01    2.3827E+01    1.8746E+01    1.8972E+01    7.7650E+01    5.5542E+01    1.7397E+01    4.7363E+00    1.8463E+01    7.1774E+00    1.2126E+01   
 1.8667E+02    5.1285E+01    5.8551E+01    2.3842E+01    1.8701E+01    1.9053E+01    7.7627E+01    5.5592E+01    1.7397E+01    4.7567E+00    1.8443E+01    7.3835E+00    1.2126E+01   
 1.8717E+02    5.1285E+01    5.8555E+01    2.3910E+01    1.8799E+01    1.9124E+01    7.7613E+01    5.5644E+01    1.7436E+01    4.7363E+00    1.8402E+01    7.3941E+00    1.2091E+01   
 1.8775E+02    5.1280E+01    5.8557E+01    2.3924E+01    1.8690E+01    1.9124E+01    7.7583E+01    5.5730E+01    1.7444E+01    4.7363E+00    1.8504E+01    7.1721E+00    1.2109E+01   
 1.8825E+02    5.1279E+01    5.8561E+01    2.3918E+01    1.8690E+01    1.9190E+01    7.7555E+01    5.5730E+01    1.7459E+01    4.7567E+00    1.8484E+01    7.4258E+00    1.2109E+01   
 1.8876E+02    5.1299E+01    5.8561E+01    2.3859E+01    1.8716E+01    1.9270E+01    7.7541E+01    5.5814E+01    1.7496E+01    4.7363E+00    1.8463E+01    7.1721E+00    1.2161E+01   
# Time (s)      T1w (C)       T2w (C)       T1a (C)       T2a (C)       T1r (C)       T2r (C)       T3r (C)       T4r (C)       P1 (bar)      P2 (bar)      Ic (amp)      Qc (l/min)    
 1.8926E+02    5.1278E+01    5.8556E+01    2.3859E+01    1.8697E+01    1.9340E+01    7.7541E+01    5.5856E+01    1.7480E+01    4.7363E+00    1.8320E+01    7.1721E+00    1.2109E+01   
 1.8983E+02    5.1296E+01    5.8562E+01    2.3880E+01    1.8763E+01    1.9419E+01    7.7521E+01    5.5921E+01    1.7480E+01    4.7567E+00    1.8422E+01    7.3518E+00    1.2161E+01   
 1.9034E+02    5.1296E+01    5.8557E+01    2.3905E+01    1.8684E+01    1.9480E+01    7.7513E+01    5.5971E+01    1.7523E+01    4.7567E+00    1.8545E+01    7.2461E+00    1.2178E+01   
 1.9084E+02    5.1301E+01    5.8560E+01    2.3918E+01    1.8684E+01    1.9480E+01    7.7526E+01    5.6005E+01    1.7551E+01    4.7567E+00    1.8545E+01    7.1827E+00    1.2109E+01   
 1.9134E+02    5.1303E+01    5.8546E+01    2.3960E+01    1.8773E+01    1.9548E+01    7.7491E+01    5.6005E+01    1.7571E+01    4.7770E+00    1.8320E+01    7.1933E+00    1.2126E+01   
 1.9195E+02    5.1305E+01    5.8544E+01    2.3963E+01    1.8770E+01    1.9632E+01    7.7494E+01    5.6084E+01    1.7627E+01    4.7974E+00    1.8402E+01    7.1880E+00    1.2109E+01   
 1.9245E+02    5.1302E+01    5.8544E+01    2.3963E+01    1.8748E+01    1.9703E+01    7.7494E+01    5.6142E+01    1.7657E+01    4.7770E+00    1.8504E+01    7.3571E+00    1.2161E+01   
 1.9296E+02    5.1307E+01    5.8553E+01    2.3993E+01    1.8724E+01    1.9773E+01    7.7489E+01    5.6211E+01    1.7657E+01    4.8178E+00    1.8443E+01    7.1827E+00    1.2091E+01   
 1.9346E+02    5.1307E+01    5.8558E+01    2.3990E+01    1.8800E+01    1.9831E+01    7.7464E+01    5.6252E+01    1.7696E+01    4.8178E+00    1.8382E+01    7.2725E+00    1.2126E+01   
 1.9403E+02    5.1311E+01    5.8542E+01    2.3987E+01    1.8853E+01    1.9831E+01    7.7455E+01    5.6304E+01    1.7717E+01    4.8178E+00    1.8463E+01    7.4258E+00    1.2143E+01   
 1.9453E+02    5.1317E+01    5.8565E+01    2.3981E+01    1.8853E+01    1.9893E+01    7.7451E+01    5.6304E+01    1.7757E+01    4.8178E+00    1.8320E+01    7.1933E+00    1.2161E+01   
 1.9504E+02    5.1313E+01    5.8565E+01    2.3953E+01    1.8926E+01    1.9947E+01    7.7468E+01    5.6376E+01    1.7795E+01    4.8382E+00    1.8402E+01    7.4258E+00    1.2161E+01   
 1.9554E+02    5.1325E+01    5.8556E+01    2.3953E+01    1.8858E+01    2.0015E+01    7.7468E+01    5.6404E+01    1.7812E+01    4.8382E+00    1.8361E+01    7.1933E+00    1.2109E+01   
 1.9612E+02    5.1302E+01    5.8553E+01    2.3938E+01    1.8849E+01    2.0075E+01    7.7470E+01    5.6421E+01    1.7812E+01    4.8585E+00    1.8361E+01    7.1985E+00    1.2109E+01   
 1.9662E+02    5.1302E+01    5.8569E+01    2.3887E+01    1.8865E+01    2.0123E+01    7.7452E+01    5.6469E+01    1.7854E+01    4.8382E+00    1.8586E+01    7.4575E+00    1.2109E+01   
 1.9713E+02    5.1312E+01    5.8572E+01    2.3894E+01    1.8865E+01    2.0138E+01    7.7466E+01    5.6509E+01    1.7892E+01    4.8585E+00    1.8382E+01    7.1985E+00    1.2126E+01   
 1.9763E+02    5.1308E+01    5.8587E+01    2.3837E+01    1.8795E+01    2.0202E+01    7.7472E+01    5.6509E+01    1.7935E+01    4.8382E+00    1.8402E+01    7.4470E+00    1.2161E+01   
 1.9821E+02    5.1304E+01    5.8587E+01    2.3710E+01    1.8863E+01    2.0256E+01    7.7458E+01    5.6506E+01    1.7955E+01    4.8585E+00    1.8382E+01    7.3677E+00    1.2143E+01   
 1.9871E+02    5.1302E+01    5.8590E+01    2.3710E+01    1.8947E+01    2.0302E+01    7.7458E+01    5.6542E+01    1.7991E+01    4.8585E+00    1.8484E+01    7.2672E+00    1.2126E+01   
 1.9921E+02    5.1322E+01    5.8594E+01    2.3734E+01    1.8894E+01    2.0363E+01    7.7453E+01    5.6552E+01    1.7991E+01    4.8789E+00    1.8341E+01    7.4258E+00    1.2091E+01   
 1.9972E+02    5.1322E+01    5.8617E+01    2.3797E+01    1.8993E+01    2.0363E+01    7.7469E+01    5.6554E+01    1.8027E+01    4.8993E+00    1.8484E+01    7.2620E+00    1.2091E+01   
 2.0032E+02    5.1310E+01    5.8609E+01    2.3871E+01    1.8993E+01    2.0400E+01    7.7492E+01    5.6582E+01    1.8038E+01    4.8789E+00    1.8463E+01    7.2937E+00    1.2161E+01   
 2.0083E+02    5.1321E+01    5.8611E+01    2.3874E+01    1.9080E+01    2.0445E+01    7.7529E+01    5.6567E+01    1.8028E+01    4.8993E+00    1.8565E+01    7.2197E+00    1.2143E+01   
 2.0133E+02    5.1311E+01    5.8611E+01    2.3845E+01    1.8996E+01    2.0491E+01    7.7538E+01    5.6604E+01    1.8052E+01    4.8993E+00    1.8402E+01    7.2144E+00    1.2161E+01   
 2.0183E+02    5.1309E+01    5.8618E+01    2.3845E+01    1.9071E+01    2.0548E+01    7.7553E+01    5.6611E+01    1.8072E+01    4.9196E+00    1.8402E+01    7.2091E+00    1.2143E+01   
 2.0240E+02    5.1314E+01    5.8614E+01    2.3857E+01    1.9060E+01    2.0590E+01    7.7543E+01    5.6628E+01    1.8072E+01    4.8993E+00    1.8565E+01    7.2197E+00    1.2161E+01   
 2.0290E+02    5.1314E+01    5.8626E+01    2.3891E+01    1.9135E+01    2.0600E+01    7.7523E+01    5.6610E+01    1.8086E+01    4.9196E+00    1.8422E+01    7.2408E+00    1.2126E+01   
 2.0341E+02    5.1325E+01    5.8635E+01    2.3925E+01    1.9135E+01    2.0600E+01    7.7522E+01    5.6624E+01    1.8075E+01    4.9196E+00    1.8504E+01    7.2303E+00    1.2126E+01   
 2.0391E+02    5.1324E+01    5.8636E+01    2.3943E+01    1.9113E+01    2.0618E+01    7.7498E+01    5.6610E+01    1.8061E+01    4.9196E+00    1.8504E+01    7.2514E+00    1.2143E+01   
 2.0451E+02    5.1331E+01    5.8641E+01    2.3972E+01    1.9133E+01    2.0671E+01    7.7485E+01    5.6626E+01    1.8089E+01    4.8993E+00    1.8524E+01    7.4787E+00    1.2143E+01   
# Time (s)      T1w (C)       T2w (C)       T1a (C)       T2a (C)       T1r (C)       T2r (C)       T3r (C)       T4r (C)       P1 (bar)      P2 (bar)      Ic (amp)      Qc (l/min)    
 2.0501E+02    5.1330E+01    5.8641E+01    2.3972E+01    1.9221E+01    2.0710E+01    7.7500E+01    5.6663E+01    1.8129E+01    4.9400E+00    1.8524E+01    7.3465E+00    1.2161E+01   
 2.0551E+02    5.1325E+01    5.8643E+01    2.3983E+01    1.9205E+01    2.0756E+01    7.7492E+01    5.6658E+01    1.8129E+01    4.9400E+00    1.8586E+01    7.2250E+00    1.2178E+01   
 2.0602E+02    5.1325E+01    5.8638E+01    2.3996E+01    1.9231E+01    2.0764E+01    7.7451E+01    5.6638E+01    1.8128E+01    4.9196E+00    1.8463E+01    7.2303E+00    1.2161E+01   
 2.0660E+02    5.1331E+01    5.8646E+01    2.3999E+01    1.9231E+01    2.0764E+01    7.7444E+01    5.6666E+01    1.8151E+01    4.9400E+00    1.8484E+01    7.2303E+00    1.2143E+01   
 2.0710E+02    5.1341E+01    5.8666E+01    2.4040E+01    1.9185E+01    2.0817E+01    7.7440E+01    5.6680E+01    1.8181E+01    4.9196E+00    1.8443E+01    7.4628E+00    1.2109E+01   
 2.0761E+02    5.1345E+01    5.8666E+01    2.4015E+01    1.9196E+01    2.0842E+01    7.7440E+01    5.6686E+01    1.8217E+01    4.9400E+00    1.8565E+01    7.2250E+00    1.2126E+01   
 2.0811E+02    5.1332E+01    5.8678E+01    2.4015E+01    1.9242E+01    2.0877E+01    7.7440E+01    5.6699E+01    1.8235E+01    4.9400E+00    1.8504E+01    7.2937E+00    1.2143E+01   
 2.0871E+02    5.1356E+01    5.8685E+01    2.3991E+01    1.9210E+01    2.0900E+01    7.7459E+01    5.6674E+01    1.8282E+01    4.9400E+00    1.8545E+01    7.2303E+00    1.2161E+01   
 2.0922E+02    5.1356E+01    5.8712E+01    2.3950E+01    1.9254E+01    2.0913E+01    7.7466E+01    5.6691E+01    1.8266E+01    4.9400E+00    1.8422E+01    7.2408E+00    1.2178E+01   
 2.0972E+02    5.1344E+01    5.8701E+01    2.3906E+01    1.9254E+01    2.0913E+01    7.7486E+01    5.6696E+01    1.8292E+01    4.9604E+00    1.8422E+01    7.3360E+00    1.2161E+01   
 2.1022E+02    5.1358E+01    5.8691E+01    2.3900E+01    1.9244E+01    2.0945E+01    7.7470E+01    5.6696E+01    1.8289E+01    4.9604E+00    1.8545E+01    7.2567E+00    1.2143E+01   
 2.1081E+02    5.1341E+01    5.8702E+01    2.3910E+01    1.9266E+01    2.0964E+01    7.7470E+01    5.6701E+01    1.8332E+01    4.9400E+00    1.8422E+01    7.2461E+00    1.2109E+01   
 2.1132E+02    5.1342E+01    5.8687E+01    2.3894E+01    1.9322E+01    2.0979E+01    7.7456E+01    5.6695E+01    1.8341E+01    4.9808E+00    1.8504E+01    7.4998E+00    1.2143E+01   
 2.1182E+02    5.1341E+01    5.8681E+01    2.3927E+01    1.9285E+01    2.0992E+01    7.7465E+01    5.6706E+01    1.8341E+01    4.9604E+00    1.8443E+01    7.4892E+00    1.2126E+01   
 2.1232E+02    5.1341E+01    5.8693E+01    2.3868E+01    1.9284E+01    2.1013E+01    7.7473E+01    5.6720E+01    1.8367E+01    4.9604E+00    1.8504E+01    7.2408E+00    1.2109E+01   
 2.1290E+02    5.1338E+01    5.8704E+01    2.3854E+01    1.9284E+01    2.1013E+01    7.7468E+01    5.6695E+01    1.8397E+01    4.9604E+00    1.8606E+01    7.4628E+00    1.2126E+01   
 2.1340E+02    5.1329E+01    5.8704E+01    2.3859E+01    1.9254E+01    2.1040E+01    7.7466E+01    5.6695E+01    1.8406E+01    5.0011E+00    1.8463E+01    7.2672E+00    1.2126E+01   
 2.1391E+02    5.1340E+01    5.8704E+01    2.3819E+01    1.9261E+01    2.1060E+01    7.7448E+01    5.6688E+01    1.8434E+01    4.9808E+00    1.8647E+01    7.4945E+00    1.2126E+01   
 2.1441E+02    5.1338E+01    5.8721E+01    2.3819E+01    1.9350E+01    2.1055E+01    7.7434E+01    5.6709E+01    1.8463E+01    4.9808E+00    1.8524E+01    7.4258E+00    1.2195E+01   
 2.1500E+02    5.1323E+01    5.8721E+01    2.3795E+01    1.9334E+01    2.1066E+01    7.7433E+01    5.6689E+01    1.8456E+01    4.9808E+00    1.8545E+01    7.3254E+00    1.2143E+01   
 2.1550E+02    5.1323E+01    5.8712E+01    2.3741E+01    1.9167E+01    2.1081E+01    7.7438E+01    5.6705E+01    1.8456E+01    4.9808E+00    1.8647E+01    7.2672E+00    1.2109E+01   
 2.1600E+02    5.1310E+01    5.8705E+01    2.3776E+01    1.9151E+01    2.1065E+01    7.7423E+01    5.6670E+01    1.8480E+01    5.0215E+00    1.8586E+01    7.4734E+00    1.2126E+01   
 2.1651E+02    5.1315E+01    5.8712E+01    2.3783E+01    1.9166E+01    2.1079E+01    7.7431E+01    5.6670E+01    1.8498E+01    5.0011E+00    1.8545E+01    7.2990E+00    1.2143E+01   
 2.1708E+02    5.1323E+01    5.8726E+01    2.3797E+01    1.9183E+01    2.1087E+01    7.7411E+01    5.6657E+01    1.8499E+01    5.0011E+00    1.8504E+01    7.3624E+00    1.2126E+01   
 2.1759E+02    5.1308E+01    5.8726E+01    2.3797E+01    1.9228E+01    2.1100E+01    7.7411E+01    5.6673E+01    1.8535E+01    4.9808E+00    1.8647E+01    7.2672E+00    1.2143E+01   
 2.1809E+02    5.1316E+01    5.8725E+01    2.3802E+01    1.9263E+01    2.1102E+01    7.7400E+01    5.6693E+01    1.8535E+01    5.0011E+00    1.8667E+01    7.2620E+00    1.2126E+01   
 2.1859E+02    5.1316E+01    5.8726E+01    2.3789E+01    1.9251E+01    2.1102E+01    7.7419E+01    5.6723E+01    1.8555E+01    5.0215E+00    1.8463E+01    7.3941E+00    1.2126E+01   
 2.1919E+02    5.1310E+01    5.8727E+01    2.3807E+01    1.9251E+01    2.1131E+01    7.7426E+01    5.6741E+01    1.8586E+01    5.0419E+00    1.8667E+01    7.3148E+00    1.2091E+01   
 2.1969E+02    5.1317E+01    5.8731E+01    2.3823E+01    1.9286E+01    2.1143E+01    7.7454E+01    5.6741E+01    1.8605E+01    5.0215E+00    1.8667E+01    7.4998E+00    1.2143E+01   
 2.2019E+02    5.1334E+01    5.8745E+01    2.3856E+01    1.9286E+01    2.1157E+01    7.7496E+01    5.6752E+01    1.8650E+01    5.0623E+00    1.8524E+01    7.2567E+00    1.2161E+01   
# Time (s)      T1w (C)       T2w (C)       T1a (C)       T2a (C)       T1r (C)       T2r (C)       T3r (C)       T4r (C)       P1 (bar)      P2 (bar)      Ic (amp)      Qc (l/min)    
 2.2070E+02    5.1345E+01    5.8762E+01    2.3856E+01    1.9311E+01    2.1140E+01    7.7496E+01    5.6740E+01    1.8664E+01    5.0419E+00    1.8545E+01    7.5157E+00    1.2161E+01   
 2.2128E+02    5.1316E+01    5.8741E+01    2.3864E+01    1.9234E+01    2.1146E+01    7.7517E+01    5.6734E+01    1.8667E+01    5.0215E+00    1.8565E+01    7.5104E+00    1.2109E+01   
 2.2179E+02    5.1316E+01    5.8741E+01    2.3873E+01    1.9314E+01    2.1154E+01    7.7535E+01    5.6754E+01    1.8667E+01    5.0419E+00    1.8667E+01    7.2831E+00    1.2126E+01   
 2.2229E+02    5.1329E+01    5.8760E+01    2.3952E+01    1.9314E+01    2.1154E+01    7.7530E+01    5.6755E+01    1.8694E+01    5.0419E+00    1.8524E+01    7.2672E+00    1.2178E+01   
 2.2280E+02    5.1323E+01    5.8762E+01    2.3921E+01    1.9318E+01    2.1134E+01    7.7535E+01    5.6755E+01    1.8680E+01    5.0623E+00    1.8524E+01    7.2831E+00    1.2161E+01   
 2.2338E+02    5.1347E+01    5.8779E+01    2.3897E+01    1.9225E+01    2.1098E+01    7.7535E+01    5.6737E+01    1.8682E+01    5.0623E+00    1.8484E+01    7.4364E+00    1.2126E+01   
 2.2388E+02    5.1350E+01    5.8779E+01    2.3897E+01    1.9398E+01    2.1067E+01    7.7535E+01    5.6756E+01    1.8685E+01    5.0215E+00    1.8688E+01    7.4417E+00    1.2143E+01   
 2.2439E+02    5.1314E+01    5.8761E+01    2.3804E+01    1.9350E+01    2.1047E+01    7.7559E+01    5.6767E+01    1.8685E+01    5.0419E+00    1.8504E+01    7.5209E+00    1.2161E+01   
 2.2489E+02    5.1314E+01    5.8767E+01    2.3794E+01    1.9350E+01    2.1047E+01    7.7576E+01    5.6784E+01    1.8706E+01    5.0215E+00    1.8524E+01    7.2514E+00    1.2126E+01   
 2.2546E+02    5.1318E+01    5.8773E+01    2.3761E+01    1.9367E+01    2.1012E+01    7.7594E+01    5.6785E+01    1.8711E+01    4.9808E+00    1.8688E+01    7.4522E+00    1.2143E+01   
 2.2596E+02    5.1328E+01    5.8776E+01    2.3706E+01    1.9433E+01    2.0940E+01    7.7610E+01    5.6785E+01    1.8751E+01    5.0011E+00    1.8688E+01    7.4417E+00    1.2143E+01   
 2.2647E+02    5.1322E+01    5.8761E+01    2.3691E+01    1.9470E+01    2.0817E+01    7.7624E+01    5.6796E+01    1.8762E+01    5.0011E+00    1.8504E+01    7.2514E+00    1.2161E+01   
 2.2697E+02    5.1323E+01    5.8770E+01    2.3654E+01    1.9519E+01    2.0501E+01    7.7624E+01    5.6796E+01    1.8797E+01    5.0011E+00    1.8667E+01    7.2990E+00    1.2161E+01   
 2.2757E+02    5.1317E+01    5.8782E+01    2.3618E+01    1.9483E+01    2.0034E+01    7.7639E+01    5.6829E+01    1.8810E+01    5.0215E+00    1.8463E+01    7.3571E+00    1.2161E+01   
 2.2807E+02    5.1317E+01    5.8780E+01    2.3611E+01    1.9559E+01    1.9671E+01    7.7651E+01    5.6840E+01    1.8810E+01    5.0419E+00    1.8484E+01    7.5209E+00    1.2143E+01   
 2.2857E+02    5.1332E+01    5.8763E+01    2.3641E+01    1.9559E+01    1.9671E+01    7.7692E+01    5.6847E+01    1.8849E+01    5.0419E+00    1.8626E+01    7.2725E+00    1.2143E+01   
 2.2908E+02    5.1323E+01    5.8780E+01    2.3652E+01    1.9614E+01    1.9398E+01    7.7675E+01    5.6847E+01    1.8885E+01    5.0419E+00    1.8545E+01    7.4047E+00    1.2178E+01   
 2.2965E+02    5.1335E+01    5.8774E+01    2.3671E+01    1.9575E+01    1.9146E+01    7.7626E+01    5.6844E+01    1.8905E+01    5.0623E+00    1.8463E+01    7.3095E+00    1.2109E+01   
 2.3016E+02    5.1358E+01    5.8789E+01    2.3686E+01    1.9540E+01    1.8936E+01    7.7626E+01    5.6851E+01    1.8909E+01    5.0419E+00    1.8545E+01    7.3042E+00    1.2143E+01   
 2.3066E+02    5.1357E+01    5.8797E+01    2.3642E+01    1.9645E+01    1.8744E+01    7.7595E+01    5.6845E+01    1.8909E+01    5.0215E+00    1.8626E+01    7.3412E+00    1.2178E+01   
 2.3116E+02    5.1343E+01    5.8793E+01    2.3607E+01    1.9629E+01    1.8744E+01    7.7567E+01    5.6830E+01    1.8895E+01    5.0215E+00    1.8769E+01    7.2937E+00    1.2178E+01   
 2.3175E+02    5.1355E+01    5.8809E+01    2.3610E+01    1.9636E+01    1.8552E+01    7.7536E+01    5.6796E+01    1.8878E+01    5.0419E+00    1.8728E+01    7.2831E+00    1.2126E+01   
 2.3226E+02    5.1358E+01    5.8811E+01    2.3599E+01    1.9635E+01    1.8374E+01    7.7496E+01    5.6796E+01    1.8886E+01    5.0419E+00    1.8586E+01    7.5368E+00    1.2178E+01   
 2.3276E+02    5.1353E+01    5.8811E+01    2.3599E+01    1.9639E+01    1.8223E+01    7.7473E+01    5.6764E+01    1.8880E+01    5.0215E+00    1.8626E+01    7.4628E+00    1.2178E+01   
 2.3326E+02    5.1331E+01    5.8815E+01    2.3609E+01    1.9612E+01    1.8064E+01    7.7473E+01    5.6756E+01    1.8839E+01    5.0215E+00    1.8586E+01    7.2990E+00    1.2126E+01   
 2.3385E+02    5.1318E+01    5.8843E+01    2.3624E+01    1.9622E+01    1.7942E+01    7.7450E+01    5.6711E+01    1.8809E+01    5.0419E+00    1.8790E+01    7.3835E+00    1.2178E+01   
 2.3435E+02    5.1303E+01    5.8839E+01    2.3719E+01    1.9617E+01    1.7818E+01    7.7429E+01    5.6675E+01    1.8809E+01    5.0215E+00    1.8626E+01    7.5579E+00    1.2143E+01   
 2.3485E+02    5.1320E+01    5.8856E+01    2.3810E+01    1.9617E+01    1.7818E+01    7.7416E+01    5.6620E+01    1.8785E+01    5.0215E+00    1.8851E+01    7.2990E+00    1.2126E+01   
 2.3536E+02    5.1322E+01    5.8878E+01    2.3811E+01    1.9568E+01    1.7693E+01    7.7376E+01    5.6620E+01    1.8745E+01    5.0215E+00    1.8830E+01    7.5685E+00    1.2161E+01   
 2.3594E+02    5.1319E+01    5.8900E+01    2.3816E+01    1.9488E+01    1.7582E+01    7.7370E+01    5.6564E+01    1.8695E+01    5.0011E+00    1.8728E+01    7.3360E+00    1.2143E+01   
# Time (s)      T1w (C)       T2w (C)       T1a (C)       T2a (C)       T1r (C)       T2r (C)       T3r (C)       T4r (C)       P1 (bar)      P2 (bar)      Ic (amp)      Qc (l/min)    
 2.3645E+02    5.1322E+01    5.8900E+01    2.3816E+01    1.9549E+01    1.7466E+01    7.7370E+01    5.6479E+01    1.8650E+01    4.9808E+00    1.8688E+01    7.5262E+00    1.2178E+01   
 2.3695E+02    5.1328E+01    5.8922E+01    2.3764E+01    1.9578E+01    1.7362E+01    7.7364E+01    5.6426E+01    1.8650E+01    4.9808E+00    1.8891E+01    7.3518E+00    1.2178E+01   
 2.3746E+02    5.1342E+01    5.8940E+01    2.3713E+01    1.9594E+01    1.7378E+01    7.7383E+01    5.6378E+01    1.8650E+01    4.9604E+00    1.8749E+01    7.5157E+00    1.2178E+01   
 2.3803E+02    5.1328E+01    5.8946E+01    2.3703E+01    1.9534E+01    1.7273E+01    7.7393E+01    5.6339E+01    1.8579E+01    4.9808E+00    1.8708E+01    7.3148E+00    1.2178E+01   
 2.3853E+02    5.1349E+01    5.8983E+01    2.3768E+01    1.9502E+01    1.7198E+01    7.7440E+01    5.6354E+01    1.8591E+01    4.9604E+00    1.8790E+01    7.3095E+00    1.2161E+01   
 2.3904E+02    5.1363E+01    5.8983E+01    2.3768E+01    1.9504E+01    1.7112E+01    7.7440E+01    5.6285E+01    1.8539E+01    4.9808E+00    1.8749E+01    7.5632E+00    1.2109E+01   
 2.3954E+02    5.1370E+01    5.9018E+01    2.3829E+01    1.9460E+01    1.7037E+01    7.7472E+01    5.6222E+01    1.8491E+01    4.9604E+00    1.8790E+01    7.3095E+00    1.2109E+01   
 2.4014E+02    5.1366E+01    5.9025E+01    2.3852E+01    1.9477E+01    1.6964E+01    7.7485E+01    5.6165E+01    1.8454E+01    4.9808E+00    1.8688E+01    7.5051E+00    1.2126E+01   
 2.4065E+02    5.1381E+01    5.9019E+01    2.3860E+01    1.9462E+01    1.6895E+01    7.7517E+01    5.6077E+01    1.8454E+01    4.9808E+00    1.8749E+01    7.3571E+00    1.2109E+01   
 2.4115E+02    5.1385E+01    5.9044E+01    2.3881E+01    1.9462E+01    1.6895E+01    7.7543E+01    5.6018E+01    1.8435E+01    4.9604E+00    1.8769E+01    7.3201E+00    1.2109E+01   
 2.4165E+02    5.1380E+01    5.9048E+01    2.3836E+01    1.9345E+01    1.6818E+01    7.7572E+01    5.6018E+01    1.8387E+01    4.9400E+00    1.8667E+01    7.3518E+00    1.2109E+01   
 2.4223E+02    5.1384E+01    5.9055E+01    2.3776E+01    1.9356E+01    1.6747E+01    7.7618E+01    5.5935E+01    1.8339E+01    4.9196E+00    1.8749E+01    7.3095E+00    1.2109E+01   
 2.4274E+02    5.1392E+01    5.9055E+01    2.3776E+01    1.9429E+01    1.6676E+01    7.7618E+01    5.5843E+01    1.8283E+01    4.9400E+00    1.8749E+01    7.4100E+00    1.2161E+01   
 2.4324E+02    5.1395E+01    5.9062E+01    2.3769E+01    1.9348E+01    1.6624E+01    7.7652E+01    5.5777E+01    1.8283E+01    4.9400E+00    1.8953E+01    7.3042E+00    1.2091E+01   
 2.4375E+02    5.1395E+01    5.9060E+01    2.3822E+01    1.9348E+01    1.6624E+01    7.7676E+01    5.5689E+01    1.8229E+01    4.9400E+00    1.8953E+01    7.4047E+00    1.2091E+01   
 2.4433E+02    5.1388E+01    5.9061E+01    2.3880E+01    1.9358E+01    1.6574E+01    7.7746E+01    5.5625E+01    1.8190E+01    4.9196E+00    1.8769E+01    7.3201E+00    1.2143E+01   
 2.4483E+02    5.1386E+01    5.9072E+01    2.3898E+01    1.9364E+01    1.6513E+01    7.7767E+01    5.5530E+01    1.8133E+01    4.9196E+00    1.8790E+01    7.4839E+00    1.2143E+01   
 2.4533E+02    5.1390E+01    5.9072E+01    2.3898E+01    1.9291E+01    1.6472E+01    7.7799E+01    5.5545E+01    1.8090E+01    4.9196E+00    1.8932E+01    7.5474E+00    1.2178E+01   
 2.4584E+02    5.1383E+01    5.9079E+01    2.3911E+01    1.9330E+01    1.6404E+01    7.7799E+01    5.5479E+01    1.8043E+01    4.8993E+00    1.8830E+01    7.4734E+00    1.2126E+01   
 2.4640E+02    5.1396E+01    5.9097E+01    2.3914E+01    1.9255E+01    1.6369E+01    7.7830E+01    5.5408E+01    1.8004E+01    4.9196E+00    1.8891E+01    7.3042E+00    1.2109E+01   
 2.4690E+02    5.1396E+01    5.9083E+01    2.3938E+01    1.9255E+01    1.6330E+01    7.7875E+01    5.5351E+01    1.8004E+01    4.8789E+00    1.8749E+01    7.2831E+00    1.2161E+01   
 2.4741E+02    5.1387E+01    5.9080E+01    2.3931E+01    1.9140E+01    1.6346E+01    7.7925E+01    5.5310E+01    1.7978E+01    4.8585E+00    1.8953E+01    7.5527E+00    1.2161E+01   
 2.4791E+02    5.1390E+01    5.9091E+01    2.3922E+01    1.9176E+01    1.6305E+01    7.7955E+01    5.5310E+01    1.7878E+01    4.8585E+00    1.8728E+01    7.2937E+00    1.2161E+01   
 2.4848E+02    5.1384E+01    5.9091E+01    2.3922E+01    1.9082E+01    1.6265E+01    7.7969E+01    5.5264E+01    1.7822E+01    4.8382E+00    1.8790E+01    7.4575E+00    1.2161E+01   
 2.4898E+02    5.1394E+01    5.9087E+01    2.3945E+01    1.9043E+01    1.6230E+01    7.7969E+01    5.5195E+01    1.7780E+01    4.8178E+00    1.8749E+01    7.2884E+00    1.2178E+01   
 2.4949E+02    5.1392E+01    5.9080E+01    2.3974E+01    1.9003E+01    1.6209E+01    7.7985E+01    5.5141E+01    1.7780E+01    4.8382E+00    1.8769E+01    7.2831E+00    1.2178E+01   
 2.4999E+02    5.1392E+01    5.9081E+01    2.4020E+01    1.9003E+01    1.6209E+01    7.7984E+01    5.5057E+01    1.7745E+01    4.8178E+00    1.8851E+01    7.4417E+00    1.2126E+01   
 2.5055E+02    5.1393E+01    5.9092E+01    2.4088E+01    1.9020E+01    1.6183E+01    7.7950E+01    5.4955E+01    1.7643E+01    4.7974E+00    1.8769E+01    7.3360E+00    1.2178E+01   
 2.5106E+02    5.1403E+01    5.9078E+01    2.4098E+01    1.8973E+01    1.6188E+01    7.7949E+01    5.4955E+01    1.7614E+01    4.7974E+00    1.8708E+01    7.2937E+00    1.2126E+01   
 2.5156E+02    5.1400E+01    5.9078E+01    2.4098E+01    1.8871E+01    1.6202E+01    7.7935E+01    5.4885E+01    1.7541E+01    4.7974E+00    1.8688E+01    7.2937E+00    1.2126E+01   
# Time (s)      T1w (C)       T2w (C)       T1a (C)       T2a (C)       T1r (C)       T2r (C)       T3r (C)       T4r (C)       P1 (bar)      P2 (bar)      Ic (amp)      Qc (l/min)    
 2.5206E+02    5.1409E+01    5.9080E+01    2.4080E+01    1.8797E+01    1.6245E+01    7.7924E+01    5.4834E+01    1.7489E+01    4.7567E+00    1.8871E+01    7.2672E+00    1.2109E+01   
 2.5266E+02    5.1429E+01    5.9075E+01    2.4077E+01    1.8748E+01    1.6274E+01    7.7903E+01    5.4756E+01    1.7473E+01    4.7770E+00    1.8688E+01    7.3835E+00    1.2126E+01   
 2.5316E+02    5.1429E+01    5.9083E+01    2.4088E+01    1.8748E+01    1.6274E+01    7.7892E+01    5.4698E+01    1.7429E+01    4.7770E+00    1.8728E+01    7.3941E+00    1.2074E+01   
 2.5367E+02    5.1394E+01    5.9065E+01    2.4165E+01    1.8666E+01    1.6347E+01    7.7892E+01    5.4689E+01    1.7403E+01    4.7363E+00    1.8810E+01    7.3994E+00    1.2109E+01   
 2.5417E+02    5.1414E+01    5.9069E+01    2.4210E+01    1.8768E+01    1.6416E+01    7.7875E+01    5.4689E+01    1.7364E+01    4.7567E+00    1.8728E+01    7.3677E+00    1.2161E+01   
 2.5473E+02    5.1419E+01    5.9069E+01    2.4210E+01    1.8793E+01    1.6504E+01    7.7889E+01    5.4677E+01    1.7343E+01    4.7567E+00    1.8810E+01    7.2514E+00    1.2109E+01   
 2.5523E+02    5.1425E+01    5.9062E+01    2.4228E+01    1.8775E+01    1.6611E+01    7.7909E+01    5.4669E+01    1.7329E+01    4.7363E+00    1.8708E+01    7.4522E+00    1.2109E+01   
 2.5574E+02    5.1429E+01    5.9063E+01    2.4189E+01    1.8761E+01    1.6702E+01    7.7897E+01    5.4645E+01    1.7329E+01    4.7567E+00    1.8688E+01    7.4734E+00    1.2143E+01   
 2.5624E+02    5.1429E+01    5.9038E+01    2.4113E+01    1.8761E+01    1.6702E+01    7.7942E+01    5.4667E+01    1.7323E+01    4.7159E+00    1.8790E+01    7.2355E+00    1.2091E+01   
