# Run number  2 on Mon 2026-05-25T12:05:46 BST
# Time (s)      T1w (C)       T2w (C)       T1a (C)       T2a (C)       T1r (C)       T2r (C)       T3r (C)       T4r (C)       P1 (bar)      P2 (bar)      Ic (amp)      Qc (l/min)    
 3.0254E-01    5.7252E+01    6.4279E+01    2.4074E+01    1.9506E+01    2.1151E+01    8.3744E+01    6.1590E+01    1.8901E+01    5.0419E+00    2.0951E+01    7.8962E+00    1.2161E+01   
 1.0258E+00    5.7252E+01    6.4284E+01    2.4062E+01    1.9561E+01    2.1193E+01    8.3741E+01    6.1614E+01    1.8944E+01    5.0215E+00    2.0992E+01    7.9332E+00    1.2247E+01   
 1.5258E+00    5.7264E+01    6.4291E+01    2.4056E+01    1.9582E+01    2.1235E+01    8.3741E+01    6.1636E+01    1.8977E+01    5.0623E+00    2.1033E+01    8.1658E+00    1.2247E+01   
 2.0261E+00    5.7279E+01    6.4314E+01    2.4072E+01    1.9573E+01    2.1291E+01    8.3762E+01    6.1660E+01    1.8992E+01    5.0826E+00    2.0911E+01    8.0548E+00    1.2230E+01   
 2.5714E+00    5.7283E+01    6.4318E+01    2.4031E+01    1.9702E+01    2.1320E+01    8.3745E+01    6.1699E+01    1.9048E+01    5.0623E+00    2.1033E+01    7.8645E+00    1.2247E+01   
 3.0718E+00    5.7293E+01    6.4325E+01    2.3950E+01    1.9718E+01    2.1320E+01    8.3758E+01    6.1697E+01    1.9067E+01    5.1030E+00    2.1074E+01    8.1182E+00    1.2264E+01   
 3.5720E+00    5.7298E+01    6.4325E+01    2.3978E+01    1.9718E+01    2.1338E+01    8.3803E+01    6.1697E+01    1.9112E+01    5.1030E+00    2.0951E+01    8.1658E+00    1.2230E+01   
 4.0723E+00    5.7303E+01    6.4317E+01    2.3957E+01    1.9670E+01    2.1384E+01    8.3851E+01    6.1719E+01    1.9129E+01    5.1030E+00    2.0931E+01    7.9913E+00    1.2213E+01   
 4.6760E+00    5.7302E+01    6.4325E+01    2.4009E+01    1.9677E+01    2.1392E+01    8.3837E+01    6.1749E+01    1.9145E+01    5.0826E+00    2.1115E+01    8.0548E+00    1.2247E+01   
 5.1765E+00    5.7302E+01    6.4342E+01    2.4009E+01    1.9642E+01    2.1422E+01    8.3857E+01    6.1765E+01    1.9145E+01    5.1030E+00    2.1053E+01    7.9015E+00    1.2213E+01   
 5.6771E+00    5.7279E+01    6.4331E+01    2.4050E+01    1.9678E+01    2.1415E+01    8.3824E+01    6.1731E+01    1.9144E+01    5.1030E+00    2.0931E+01    7.8751E+00    1.2230E+01   
 6.1776E+00    5.7306E+01    6.4340E+01    2.4054E+01    1.9705E+01    2.1415E+01    8.3836E+01    6.1731E+01    1.9160E+01    5.1030E+00    2.0972E+01    8.0389E+00    1.2230E+01   
 6.7722E+00    5.7298E+01    6.4350E+01    2.4072E+01    1.9705E+01    2.1424E+01    8.3833E+01    6.1765E+01    1.9193E+01    5.1030E+00    2.1196E+01    7.8804E+00    1.2264E+01   
 7.2726E+00    5.7300E+01    6.4350E+01    2.4051E+01    1.9774E+01    2.1452E+01    8.3822E+01    6.1763E+01    1.9209E+01    5.1234E+00    2.1115E+01    7.9174E+00    1.2230E+01   
 7.7732E+00    5.7287E+01    6.4370E+01    2.4051E+01    1.9768E+01    2.1488E+01    8.3822E+01    6.1739E+01    1.9209E+01    5.1234E+00    2.1176E+01    7.9702E+00    1.2178E+01   
 8.2737E+00    5.7287E+01    6.4370E+01    2.4051E+01    1.9779E+01    2.1506E+01    8.3805E+01    6.1769E+01    1.9244E+01    5.1030E+00    2.1196E+01    8.1711E+00    1.2230E+01   
 8.8846E+00    5.7321E+01    6.4399E+01    2.4083E+01    1.9708E+01    2.1510E+01    8.3793E+01    6.1789E+01    1.9269E+01    5.1234E+00    2.1237E+01    7.8856E+00    1.2264E+01   
 9.3851E+00    5.7313E+01    6.4404E+01    2.4043E+01    1.9715E+01    2.1510E+01    8.3815E+01    6.1824E+01    1.9308E+01    5.1234E+00    2.1135E+01    7.9279E+00    1.2178E+01   
 9.8856E+00    5.7316E+01    6.4407E+01    2.4029E+01    1.9715E+01    2.1530E+01    8.3816E+01    6.1824E+01    1.9336E+01    5.1234E+00    2.1094E+01    7.8751E+00    1.2230E+01   
 1.0386E+01    5.7320E+01    6.4407E+01    2.4029E+01    1.9774E+01    2.1551E+01    8.3864E+01    6.1817E+01    1.9359E+01    5.1234E+00    2.1053E+01    7.9015E+00    1.2213E+01   
 1.0996E+01    5.7339E+01    6.4442E+01    2.4038E+01    1.9758E+01    2.1576E+01    8.3886E+01    6.1821E+01    1.9365E+01    5.1234E+00    2.1053E+01    8.2028E+00    1.2195E+01   
 1.1497E+01    5.7356E+01    6.4433E+01    2.4038E+01    1.9853E+01    2.1575E+01    8.3886E+01    6.1824E+01    1.9365E+01    5.1234E+00    2.1094E+01    7.9491E+00    1.2230E+01   
 1.1997E+01    5.7371E+01    6.4466E+01    2.4078E+01    1.9862E+01    2.1578E+01    8.3862E+01    6.1815E+01    1.9378E+01    5.1234E+00    2.0951E+01    8.1182E+00    1.2213E+01   
 1.2497E+01    5.7359E+01    6.4479E+01    2.4008E+01    1.9850E+01    2.1578E+01    8.3839E+01    6.1832E+01    1.9381E+01    5.1437E+00    2.1033E+01    7.9068E+00    1.2195E+01   
 1.3093E+01    5.7348E+01    6.4469E+01    2.3841E+01    1.9834E+01    2.1577E+01    8.3819E+01    6.1832E+01    1.9400E+01    5.1437E+00    2.1013E+01    8.0548E+00    1.2247E+01   
 1.3593E+01    5.7363E+01    6.4469E+01    2.3910E+01    1.9845E+01    2.1587E+01    8.3809E+01    6.1834E+01    1.9406E+01    5.1641E+00    2.1074E+01    7.9438E+00    1.2247E+01   
 1.4093E+01    5.7364E+01    6.4469E+01    2.3915E+01    1.9891E+01    2.1579E+01    8.3809E+01    6.1848E+01    1.9429E+01    5.1234E+00    2.1298E+01    7.9174E+00    1.2213E+01   
 1.4594E+01    5.7364E+01    6.4473E+01    2.3915E+01    1.9958E+01    2.1573E+01    8.3818E+01    6.1856E+01    1.9429E+01    5.1234E+00    2.1278E+01    8.0601E+00    1.2247E+01   
 1.5205E+01    5.7358E+01    6.4465E+01    2.3878E+01    1.9922E+01    2.1538E+01    8.3805E+01    6.1861E+01    1.9433E+01    5.1234E+00    2.1298E+01    7.9015E+00    1.2195E+01   
 1.5706E+01    5.7348E+01    6.4471E+01    2.3913E+01    1.9930E+01    2.1532E+01    8.3806E+01    6.1897E+01    1.9461E+01    5.1234E+00    2.1257E+01    8.1341E+00    1.2230E+01   
# Time (s)      T1w (C)       T2w (C)       T1a (C)       T2a (C)       T1r (C)       T2r (C)       T3r (C)       T4r (C)       P1 (bar)      P2 (bar)      Ic (amp)      Qc (l/min)    
 1.6206E+01    5.7345E+01    6.4465E+01    2.3892E+01    1.9914E+01    2.1532E+01    8.3788E+01    6.1897E+01    1.9492E+01    5.1030E+00    2.1217E+01    7.8909E+00    1.2195E+01   
 1.6706E+01    5.7351E+01    6.4465E+01    2.3883E+01    1.9913E+01    2.1464E+01    8.3814E+01    6.1925E+01    1.9529E+01    5.1234E+00    2.1196E+01    8.0442E+00    1.2178E+01   
 1.7301E+01    5.7362E+01    6.4464E+01    2.3959E+01    1.9989E+01    2.1367E+01    8.3828E+01    6.1935E+01    1.9577E+01    5.1437E+00    2.1013E+01    8.0389E+00    1.2230E+01   
 1.7801E+01    5.7365E+01    6.4465E+01    2.3959E+01    1.9952E+01    2.1212E+01    8.3828E+01    6.1946E+01    1.9577E+01    5.1234E+00    2.1033E+01    8.1235E+00    1.2247E+01   
 1.8302E+01    5.7365E+01    6.4470E+01    2.3991E+01    2.0033E+01    2.0864E+01    8.3844E+01    6.1959E+01    1.9600E+01    5.1437E+00    2.1013E+01    7.8962E+00    1.2195E+01   
 1.8802E+01    5.7388E+01    6.4483E+01    2.4065E+01    2.0070E+01    2.0848E+01    8.3837E+01    6.1954E+01    1.9625E+01    5.1641E+00    2.1074E+01    8.2080E+00    1.2195E+01   
 1.9405E+01    5.7395E+01    6.4488E+01    2.3996E+01    2.0098E+01    2.0419E+01    8.3818E+01    6.1954E+01    1.9630E+01    5.1641E+00    2.1135E+01    7.9068E+00    1.2247E+01   
 1.9906E+01    5.7409E+01    6.4502E+01    2.3930E+01    2.0114E+01    2.0077E+01    8.3795E+01    6.1958E+01    1.9666E+01    5.1437E+00    2.1135E+01    8.1288E+00    1.2247E+01   
 2.0406E+01    5.7415E+01    6.4506E+01    2.3866E+01    2.0066E+01    1.9848E+01    8.3795E+01    6.1982E+01    1.9688E+01    5.1641E+00    2.1033E+01    8.1869E+00    1.2195E+01   
 2.0906E+01    5.7415E+01    6.4509E+01    2.3866E+01    2.0087E+01    1.9618E+01    8.3778E+01    6.1986E+01    1.9688E+01    5.1641E+00    2.1217E+01    8.0971E+00    1.2195E+01   
 2.1502E+01    5.7394E+01    6.4516E+01    2.3914E+01    2.0109E+01    1.9429E+01    8.3788E+01    6.1998E+01    1.9722E+01    5.1641E+00    2.1094E+01    8.0283E+00    1.2213E+01   
 2.2002E+01    5.7427E+01    6.4550E+01    2.3891E+01    2.0117E+01    1.9413E+01    8.3759E+01    6.1967E+01    1.9710E+01    5.1641E+00    2.1155E+01    8.0178E+00    1.2247E+01   
 2.2502E+01    5.7425E+01    6.4560E+01    2.3832E+01    2.0117E+01    1.9235E+01    8.3757E+01    6.1967E+01    1.9692E+01    5.1641E+00    2.1380E+01    8.1922E+00    1.2213E+01   
 2.3002E+01    5.7400E+01    6.4545E+01    2.3827E+01    2.0179E+01    1.9066E+01    8.3772E+01    6.1935E+01    1.9685E+01    5.1437E+00    2.1421E+01    7.9438E+00    1.2230E+01   
 2.3590E+01    5.7413E+01    6.4558E+01    2.3808E+01    2.0179E+01    1.8897E+01    8.3798E+01    6.1906E+01    1.9672E+01    5.1437E+00    2.1278E+01    7.9385E+00    1.2195E+01   
 2.4090E+01    5.7409E+01    6.4554E+01    2.3792E+01    2.0132E+01    1.8776E+01    8.3798E+01    6.1867E+01    1.9672E+01    5.1641E+00    2.1217E+01    7.9544E+00    1.2195E+01   
 2.4590E+01    5.7409E+01    6.4585E+01    2.3880E+01    2.0135E+01    1.8624E+01    8.3791E+01    6.1828E+01    1.9643E+01    5.1437E+00    2.1461E+01    7.9491E+00    1.2230E+01   
 2.5091E+01    5.7395E+01    6.4603E+01    2.3945E+01    2.0120E+01    1.8624E+01    8.3780E+01    6.1771E+01    1.9607E+01    5.1234E+00    2.1441E+01    8.0336E+00    1.2213E+01   
 2.5695E+01    5.7407E+01    6.4628E+01    2.3923E+01    2.0148E+01    1.8500E+01    8.3764E+01    6.1729E+01    1.9590E+01    5.1234E+00    2.1257E+01    8.1763E+00    1.2247E+01   
 2.6195E+01    5.7404E+01    6.4614E+01    2.3862E+01    2.0132E+01    1.8398E+01    8.3764E+01    6.1743E+01    1.9578E+01    5.1030E+00    2.1502E+01    7.9649E+00    1.2178E+01   
 2.6695E+01    5.7399E+01    6.4641E+01    2.3807E+01    2.0067E+01    1.8283E+01    8.3764E+01    6.1697E+01    1.9527E+01    5.1437E+00    2.1278E+01    7.9808E+00    1.2213E+01   
 2.7196E+01    5.7375E+01    6.4654E+01    2.3807E+01    2.0075E+01    1.8162E+01    8.3750E+01    6.1607E+01    1.9511E+01    5.1234E+00    2.1461E+01    8.2292E+00    1.2178E+01   
 2.7766E+01    5.7375E+01    6.4669E+01    2.3803E+01    2.0029E+01    1.8062E+01    8.3748E+01    6.1553E+01    1.9458E+01    5.1234E+00    2.1441E+01    7.9808E+00    1.2247E+01   
 2.8267E+01    5.7393E+01    6.4688E+01    2.3779E+01    2.0035E+01    1.8062E+01    8.3731E+01    6.1492E+01    1.9426E+01    5.1234E+00    2.1461E+01    7.9491E+00    1.2195E+01   
 2.8767E+01    5.7414E+01    6.4721E+01    2.3779E+01    2.0035E+01    1.7958E+01    8.3749E+01    6.1492E+01    1.9341E+01    5.0826E+00    2.1257E+01    8.0548E+00    1.2230E+01   
 2.9267E+01    5.7417E+01    6.4721E+01    2.3815E+01    2.0111E+01    1.7866E+01    8.3767E+01    6.1424E+01    1.9286E+01    5.0826E+00    2.1502E+01    8.0019E+00    1.2230E+01   
 2.9879E+01    5.7417E+01    6.4729E+01    2.3925E+01    2.0075E+01    1.7789E+01    8.3846E+01    6.1368E+01    1.9222E+01    5.0826E+00    2.1543E+01    8.2186E+00    1.2230E+01   
 3.0379E+01    5.7419E+01    6.4738E+01    2.3925E+01    1.9995E+01    1.7730E+01    8.3846E+01    6.1305E+01    1.9204E+01    5.1030E+00    2.1339E+01    7.9544E+00    1.2213E+01   
 3.0879E+01    5.7419E+01    6.4749E+01    2.4233E+01    1.9974E+01    1.7680E+01    8.3917E+01    6.1231E+01    1.9220E+01    5.0826E+00    2.1359E+01    7.9385E+00    1.2230E+01   
 3.1380E+01    5.7445E+01    6.4749E+01    2.4157E+01    2.0009E+01    1.7680E+01    8.3971E+01    6.1150E+01    1.9156E+01    5.0826E+00    2.1359E+01    8.1975E+00    1.2247E+01   
# Time (s)      T1w (C)       T2w (C)       T1a (C)       T2a (C)       T1r (C)       T2r (C)       T3r (C)       T4r (C)       P1 (bar)      P2 (bar)      Ic (amp)      Qc (l/min)    
 3.1959E+01    5.7438E+01    6.4764E+01    2.4094E+01    2.0009E+01    1.7620E+01    8.4014E+01    6.1150E+01    1.9107E+01    5.0623E+00    2.1441E+01    8.2450E+00    1.2213E+01   
 3.2460E+01    5.7451E+01    6.4764E+01    2.4078E+01    1.9973E+01    1.7552E+01    8.4049E+01    6.1077E+01    1.9036E+01    5.0623E+00    2.1359E+01    8.0178E+00    1.2213E+01   
 3.2960E+01    5.7465E+01    6.4788E+01    2.4237E+01    1.9905E+01    1.7488E+01    8.4049E+01    6.0993E+01    1.8995E+01    5.0419E+00    2.1359E+01    8.1499E+00    1.2178E+01   
 3.3460E+01    5.7465E+01    6.4783E+01    2.4237E+01    1.9828E+01    1.7413E+01    8.4069E+01    6.0930E+01    1.8995E+01    5.0215E+00    2.1319E+01    7.9544E+00    1.2247E+01   
 3.4055E+01    5.7439E+01    6.4791E+01    2.4261E+01    1.9797E+01    1.7342E+01    8.4061E+01    6.0865E+01    1.8937E+01    5.0215E+00    2.1543E+01    7.9596E+00    1.2213E+01   
 3.4555E+01    5.7476E+01    6.4794E+01    2.4383E+01    1.9781E+01    1.7342E+01    8.4058E+01    6.0782E+01    1.8910E+01    5.0011E+00    2.1523E+01    7.9596E+00    1.2195E+01   
 3.5056E+01    5.7484E+01    6.4809E+01    2.4435E+01    1.9781E+01    1.7276E+01    8.4051E+01    6.0782E+01    1.8846E+01    5.0419E+00    2.1441E+01    8.1869E+00    1.2195E+01   
 3.5556E+01    5.7490E+01    6.4809E+01    2.4321E+01    1.9782E+01    1.7216E+01    8.4050E+01    6.0736E+01    1.8772E+01    5.0215E+00    2.1441E+01    7.9385E+00    1.2161E+01   
 3.6135E+01    5.7491E+01    6.4827E+01    2.4246E+01    1.9693E+01    1.7175E+01    8.4064E+01    6.0664E+01    1.8728E+01    5.0011E+00    2.1421E+01    8.0601E+00    1.2230E+01   
 3.6636E+01    5.7517E+01    6.4845E+01    2.4246E+01    1.9699E+01    1.7137E+01    8.4078E+01    6.0589E+01    1.8728E+01    5.0215E+00    2.1380E+01    8.2609E+00    1.2195E+01   
 3.7136E+01    5.7517E+01    6.4848E+01    2.4139E+01    1.9621E+01    1.7087E+01    8.4088E+01    6.0513E+01    1.8677E+01    5.0215E+00    2.1645E+01    8.0389E+00    1.2230E+01   
 3.7636E+01    5.7513E+01    6.4855E+01    2.4046E+01    1.9595E+01    1.7087E+01    8.4092E+01    6.0431E+01    1.8626E+01    5.0215E+00    2.1645E+01    8.2080E+00    1.2230E+01   
 3.8240E+01    5.7520E+01    6.4849E+01    2.3998E+01    1.9595E+01    1.7046E+01    8.4120E+01    6.0446E+01    1.8595E+01    5.0011E+00    2.1400E+01    7.9913E+00    1.2213E+01   
 3.8740E+01    5.7521E+01    6.4849E+01    2.3992E+01    1.9637E+01    1.7012E+01    8.4141E+01    6.0391E+01    1.8528E+01    4.9808E+00    2.1380E+01    8.1816E+00    1.2230E+01   
 3.9240E+01    5.7525E+01    6.4874E+01    2.3997E+01    1.9615E+01    1.6959E+01    8.4141E+01    6.0332E+01    1.8450E+01    4.9808E+00    2.1421E+01    8.0918E+00    1.2195E+01   
 3.9740E+01    5.7525E+01    6.4875E+01    2.3997E+01    1.9599E+01    1.6919E+01    8.4164E+01    6.0247E+01    1.8450E+01    4.9808E+00    2.1523E+01    8.0653E+00    1.2213E+01   
 4.0312E+01    5.7534E+01    6.4882E+01    2.3998E+01    1.9680E+01    1.6882E+01    8.4161E+01    6.0178E+01    1.8360E+01    4.9604E+00    2.1604E+01    8.0971E+00    1.2230E+01   
 4.0812E+01    5.7531E+01    6.4887E+01    2.3984E+01    1.9607E+01    1.6882E+01    8.4177E+01    6.0096E+01    1.8294E+01    4.9604E+00    2.1441E+01    8.1552E+00    1.2247E+01   
 4.1312E+01    5.7535E+01    6.4900E+01    2.3862E+01    1.9607E+01    1.6880E+01    8.4239E+01    6.0111E+01    1.8238E+01    4.9604E+00    2.1665E+01    7.9966E+00    1.2161E+01   
 4.1813E+01    5.7535E+01    6.4900E+01    2.3934E+01    1.9581E+01    1.6844E+01    8.4274E+01    6.0090E+01    1.8206E+01    4.9604E+00    2.1665E+01    8.2398E+00    1.2178E+01   
 4.2408E+01    5.7538E+01    6.4903E+01    2.3951E+01    1.9489E+01    1.6840E+01    8.4274E+01    6.0002E+01    1.8168E+01    4.9604E+00    2.1645E+01    7.9491E+00    1.2195E+01   
 4.2909E+01    5.7536E+01    6.4908E+01    2.3951E+01    1.9385E+01    1.6837E+01    8.4280E+01    5.9964E+01    1.8184E+01    4.9400E+00    2.1421E+01    8.2345E+00    1.2213E+01   
 4.3409E+01    5.7536E+01    6.4920E+01    2.3962E+01    1.9274E+01    1.6867E+01    8.4345E+01    5.9899E+01    1.8118E+01    4.9400E+00    2.1645E+01    8.2450E+00    1.2247E+01   
 4.3909E+01    5.7546E+01    6.4929E+01    2.3970E+01    1.9274E+01    1.6867E+01    8.4389E+01    5.9836E+01    1.8052E+01    4.9196E+00    2.1625E+01    7.9385E+00    1.2230E+01   
 4.4488E+01    5.7550E+01    6.4925E+01    2.3950E+01    1.9204E+01    1.6934E+01    8.4450E+01    5.9851E+01    1.8060E+01    4.9196E+00    2.1359E+01    8.0072E+00    1.2247E+01   
 4.4989E+01    5.7555E+01    6.4925E+01    2.3837E+01    1.9242E+01    1.6970E+01    8.4481E+01    5.9822E+01    1.8019E+01    4.8993E+00    2.1441E+01    7.9755E+00    1.2230E+01   
 4.5489E+01    5.7552E+01    6.4926E+01    2.3837E+01    1.9276E+01    1.7035E+01    8.4481E+01    5.9771E+01    1.7961E+01    4.8993E+00    2.1380E+01    8.1341E+00    1.2230E+01   
 4.5989E+01    5.7552E+01    6.4919E+01    2.3815E+01    1.9206E+01    1.7094E+01    8.4513E+01    5.9732E+01    1.7961E+01    4.8789E+00    2.1625E+01    8.0548E+00    1.2230E+01   
 4.6593E+01    5.7558E+01    6.4907E+01    2.3865E+01    1.9242E+01    1.7177E+01    8.4529E+01    5.9719E+01    1.7914E+01    4.8789E+00    2.1298E+01    7.9226E+00    1.2247E+01   
 4.7093E+01    5.7559E+01    6.4900E+01    2.3929E+01    1.9179E+01    1.7177E+01    8.4570E+01    5.9702E+01    1.7883E+01    4.8789E+00    2.1563E+01    7.9068E+00    1.2213E+01   
# Time (s)      T1w (C)       T2w (C)       T1a (C)       T2a (C)       T1r (C)       T2r (C)       T3r (C)       T4r (C)       P1 (bar)      P2 (bar)      Ic (amp)      Qc (l/min)    
 4.7593E+01    5.7577E+01    6.4908E+01    2.3930E+01    1.9179E+01    1.7253E+01    8.4579E+01    5.9702E+01    1.7838E+01    4.8585E+00    2.1523E+01    7.9279E+00    1.2230E+01   
 4.8094E+01    5.7580E+01    6.4908E+01    2.3881E+01    1.9209E+01    1.7333E+01    8.4579E+01    5.9687E+01    1.7796E+01    4.8789E+00    2.1339E+01    7.9385E+00    1.2178E+01   
 4.8697E+01    5.7577E+01    6.4879E+01    2.3851E+01    1.9264E+01    1.7428E+01    8.4582E+01    5.9702E+01    1.7775E+01    4.8585E+00    2.1339E+01    7.9121E+00    1.2264E+01   
 4.9198E+01    5.7586E+01    6.4887E+01    2.3851E+01    1.9188E+01    1.7522E+01    8.4590E+01    5.9700E+01    1.7775E+01    4.8382E+00    2.1278E+01    8.1552E+00    1.2195E+01   
 4.9698E+01    5.7586E+01    6.4875E+01    2.3809E+01    1.9189E+01    1.7637E+01    8.4587E+01    5.9725E+01    1.7764E+01    4.8382E+00    2.1196E+01    7.9596E+00    1.2161E+01   
 5.0199E+01    5.7579E+01    6.4860E+01    2.3797E+01    1.9189E+01    1.7637E+01    8.4571E+01    5.9719E+01    1.7757E+01    4.8382E+00    2.1217E+01    8.0865E+00    1.2230E+01   
 5.0801E+01    5.7579E+01    6.4846E+01    2.3777E+01    1.9199E+01    1.7743E+01    8.4547E+01    5.9719E+01    1.7756E+01    4.8585E+00    2.1319E+01    7.9491E+00    1.2213E+01   
 5.1302E+01    5.7600E+01    6.4846E+01    2.3818E+01    1.9150E+01    1.7836E+01    8.4521E+01    5.9743E+01    1.7753E+01    4.8585E+00    2.1237E+01    7.8804E+00    1.2195E+01   
 5.1802E+01    5.7613E+01    6.4840E+01    2.3818E+01    1.9138E+01    1.7923E+01    8.4521E+01    5.9780E+01    1.7755E+01    4.8382E+00    2.1482E+01    7.8856E+00    1.2213E+01   
 5.2302E+01    5.7613E+01    6.4840E+01    2.3811E+01    1.9163E+01    1.8041E+01    8.4497E+01    5.9823E+01    1.7755E+01    4.8585E+00    2.1380E+01    8.1763E+00    1.2161E+01   
 5.2897E+01    5.7604E+01    6.4822E+01    2.3829E+01    1.9048E+01    1.8143E+01    8.4474E+01    5.9864E+01    1.7765E+01    4.8382E+00    2.1237E+01    7.8751E+00    1.2178E+01   
 5.3398E+01    5.7616E+01    6.4794E+01    2.3824E+01    1.9033E+01    1.8143E+01    8.4432E+01    5.9942E+01    1.7769E+01    4.8382E+00    2.1135E+01    8.0231E+00    1.2230E+01   
 5.3898E+01    5.7621E+01    6.4809E+01    2.3817E+01    1.9033E+01    1.8245E+01    8.4436E+01    5.9942E+01    1.7779E+01    4.8585E+00    2.1196E+01    7.8698E+00    1.2247E+01   
 5.4398E+01    5.7632E+01    6.4809E+01    2.3812E+01    1.9055E+01    1.8345E+01    8.4392E+01    6.0001E+01    1.7801E+01    4.8585E+00    2.1278E+01    8.1182E+00    1.2264E+01   
 5.4978E+01    5.7623E+01    6.4781E+01    2.3845E+01    1.9061E+01    1.8442E+01    8.4392E+01    6.0073E+01    1.7819E+01    4.8382E+00    2.1400E+01    7.8804E+00    1.2230E+01   
 5.5478E+01    5.7633E+01    6.4775E+01    2.3845E+01    1.9122E+01    1.8551E+01    8.4377E+01    6.0157E+01    1.7819E+01    4.8585E+00    2.1319E+01    7.9279E+00    1.2213E+01   
 5.5978E+01    5.7633E+01    6.4763E+01    2.3809E+01    1.9141E+01    1.8551E+01    8.4355E+01    6.0223E+01    1.7822E+01    4.8585E+00    2.1135E+01    7.8804E+00    1.2195E+01   
 5.6479E+01    5.7627E+01    6.4762E+01    2.3877E+01    1.9141E+01    1.8660E+01    8.4343E+01    6.0223E+01    1.7861E+01    4.8585E+00    2.1359E+01    8.1658E+00    1.2195E+01   
 5.7082E+01    5.7641E+01    6.4751E+01    2.3915E+01    1.9040E+01    1.8768E+01    8.4354E+01    6.0278E+01    1.7892E+01    4.8585E+00    2.1421E+01    8.1446E+00    1.2213E+01   
 5.7582E+01    5.7644E+01    6.4751E+01    2.3953E+01    1.9106E+01    1.8862E+01    8.4338E+01    6.0349E+01    1.7925E+01    4.8789E+00    2.1421E+01    7.8751E+00    1.2213E+01   
 5.8082E+01    5.7656E+01    6.4743E+01    2.3953E+01    1.9079E+01    1.8950E+01    8.4338E+01    6.0398E+01    1.7984E+01    4.8585E+00    2.1257E+01    8.1763E+00    1.2213E+01   
 5.8583E+01    5.7656E+01    6.4739E+01    2.3956E+01    1.9123E+01    1.9041E+01    8.4326E+01    6.0479E+01    1.7984E+01    4.8789E+00    2.1094E+01    7.9913E+00    1.2213E+01   
 5.9178E+01    5.7664E+01    6.4728E+01    2.3961E+01    1.9070E+01    1.9138E+01    8.4313E+01    6.0564E+01    1.8020E+01    4.8585E+00    2.1196E+01    8.0442E+00    1.2213E+01   
 5.9678E+01    5.7662E+01    6.4734E+01    2.3966E+01    1.9135E+01    1.9138E+01    8.4302E+01    6.0633E+01    1.8039E+01    4.8789E+00    2.1176E+01    7.8645E+00    1.2195E+01   
 6.0179E+01    5.7654E+01    6.4730E+01    2.3970E+01    1.9135E+01    1.9216E+01    8.4303E+01    6.0633E+01    1.8051E+01    4.8789E+00    2.1074E+01    7.9332E+00    1.2178E+01   
 6.0679E+01    5.7660E+01    6.4730E+01    2.3984E+01    1.9194E+01    1.9303E+01    8.4303E+01    6.0703E+01    1.8070E+01    4.8789E+00    2.1074E+01    7.8698E+00    1.2230E+01   
 6.1274E+01    5.7670E+01    6.4732E+01    2.4001E+01    1.9092E+01    1.9387E+01    8.4283E+01    6.0756E+01    1.8083E+01    4.8993E+00    2.1176E+01    7.9174E+00    1.2213E+01   
 6.1775E+01    5.7674E+01    6.4733E+01    2.4001E+01    1.9133E+01    1.9470E+01    8.4272E+01    6.0816E+01    1.8083E+01    4.8993E+00    2.1176E+01    8.1446E+00    1.2213E+01   
 6.2275E+01    5.7689E+01    6.4740E+01    2.4019E+01    1.9181E+01    1.9540E+01    8.4249E+01    6.0901E+01    1.8068E+01    4.8789E+00    2.1380E+01    7.8751E+00    1.2247E+01   
 6.2775E+01    5.7693E+01    6.4745E+01    2.3977E+01    1.9181E+01    1.9540E+01    8.4239E+01    6.0953E+01    1.8070E+01    4.8993E+00    2.1094E+01    8.1605E+00    1.2213E+01   
# Time (s)      T1w (C)       T2w (C)       T1a (C)       T2a (C)       T1r (C)       T2r (C)       T3r (C)       T4r (C)       P1 (bar)      P2 (bar)      Ic (amp)      Qc (l/min)    
 6.3366E+01    5.7689E+01    6.4739E+01    2.3968E+01    1.9230E+01    1.9609E+01    8.4249E+01    6.0953E+01    1.8094E+01    4.8993E+00    2.1074E+01    7.8698E+00    1.2213E+01   
 6.3866E+01    5.7708E+01    6.4739E+01    2.3952E+01    1.9273E+01    1.9681E+01    8.4243E+01    6.1016E+01    1.8109E+01    4.8993E+00    2.1237E+01    8.1763E+00    1.2230E+01   
 6.4367E+01    5.7702E+01    6.4729E+01    2.3952E+01    1.9315E+01    1.9761E+01    8.4243E+01    6.1060E+01    1.8120E+01    4.8993E+00    2.1298E+01    8.0442E+00    1.2230E+01   
 6.4867E+01    5.7702E+01    6.4728E+01    2.3958E+01    1.9385E+01    1.9831E+01    8.4249E+01    6.1124E+01    1.8120E+01    4.9196E+00    2.1135E+01    7.8698E+00    1.2195E+01   
 6.5467E+01    5.7724E+01    6.4757E+01    2.4003E+01    1.9339E+01    1.9901E+01    8.4223E+01    6.1191E+01    1.8139E+01    4.9196E+00    2.1053E+01    7.8645E+00    1.2195E+01   
 6.5967E+01    5.7722E+01    6.4730E+01    2.4006E+01    1.9339E+01    1.9901E+01    8.4239E+01    6.1240E+01    1.8172E+01    4.8993E+00    2.1053E+01    8.1446E+00    1.2195E+01   
 6.6467E+01    5.7725E+01    6.4727E+01    2.3999E+01    1.9411E+01    1.9969E+01    8.4244E+01    6.1240E+01    1.8202E+01    4.9196E+00    2.1278E+01    7.9279E+00    1.2195E+01   
 6.6968E+01    5.7740E+01    6.4727E+01    2.3942E+01    1.9434E+01    2.0033E+01    8.4244E+01    6.1292E+01    1.8233E+01    4.9196E+00    2.1196E+01    8.1605E+00    1.2213E+01   
 6.7563E+01    5.7753E+01    6.4754E+01    2.3953E+01    1.9444E+01    2.0115E+01    8.4269E+01    6.1339E+01    1.8268E+01    4.9604E+00    2.1359E+01    8.1288E+00    1.2143E+01   
 6.8063E+01    5.7755E+01    6.4751E+01    2.3953E+01    1.9559E+01    2.0179E+01    8.4298E+01    6.1398E+01    1.8268E+01    4.9400E+00    2.1176E+01    8.1605E+00    1.2195E+01   
 6.8564E+01    5.7755E+01    6.4744E+01    2.3925E+01    1.9488E+01    2.0227E+01    8.4277E+01    6.1453E+01    1.8308E+01    4.9400E+00    2.1237E+01    8.1816E+00    1.2213E+01   
 6.9064E+01    5.7752E+01    6.4741E+01    2.3937E+01    1.9488E+01    2.0227E+01    8.4254E+01    6.1518E+01    1.8322E+01    4.9604E+00    2.1155E+01    8.0072E+00    1.2213E+01   
 6.9659E+01    5.7751E+01    6.4748E+01    2.3881E+01    1.9514E+01    2.0308E+01    8.4238E+01    6.1518E+01    1.8362E+01    4.9604E+00    2.1176E+01    8.1869E+00    1.2195E+01   
 7.0160E+01    5.7759E+01    6.4748E+01    2.3792E+01    1.9411E+01    2.0355E+01    8.4226E+01    6.1587E+01    1.8378E+01    4.9808E+00    2.1135E+01    7.8856E+00    1.2230E+01   
 7.0660E+01    5.7749E+01    6.4761E+01    2.3792E+01    1.9453E+01    2.0425E+01    8.4226E+01    6.1631E+01    1.8420E+01    4.9604E+00    2.1094E+01    8.1605E+00    1.2247E+01   
 7.1160E+01    5.7769E+01    6.4754E+01    2.3724E+01    1.9458E+01    2.0480E+01    8.4197E+01    6.1642E+01    1.8404E+01    4.9604E+00    2.1115E+01    7.8909E+00    1.2178E+01   
 7.1756E+01    5.7754E+01    6.4750E+01    2.3675E+01    1.9433E+01    2.0531E+01    8.4180E+01    6.1687E+01    1.8424E+01    4.9808E+00    2.1319E+01    7.9596E+00    1.2161E+01   
 7.2256E+01    5.7766E+01    6.4771E+01    2.3654E+01    1.9449E+01    2.0515E+01    8.4160E+01    6.1698E+01    1.8463E+01    4.9604E+00    2.1176E+01    7.9491E+00    1.2178E+01   
 7.2756E+01    5.7779E+01    6.4775E+01    2.3677E+01    1.9440E+01    2.0580E+01    8.4149E+01    6.1698E+01    1.8467E+01    4.9808E+00    2.1359E+01    7.9068E+00    1.2213E+01   
 7.3257E+01    5.7754E+01    6.4761E+01    2.3660E+01    1.9474E+01    2.0627E+01    8.4149E+01    6.1720E+01    1.8514E+01    5.0215E+00    2.1135E+01    8.0336E+00    1.2247E+01   
 7.3852E+01    5.7747E+01    6.4761E+01    2.3660E+01    1.9486E+01    2.0686E+01    8.4140E+01    6.1737E+01    1.8559E+01    4.9808E+00    2.1237E+01    7.8909E+00    1.2230E+01   
 7.4352E+01    5.7763E+01    6.4767E+01    2.3667E+01    1.9550E+01    2.0732E+01    8.4132E+01    6.1754E+01    1.8559E+01    5.0011E+00    2.1196E+01    8.0283E+00    1.2230E+01   
 7.4852E+01    5.7763E+01    6.4762E+01    2.3630E+01    1.9620E+01    2.0781E+01    8.4136E+01    6.1792E+01    1.8583E+01    5.0419E+00    2.1176E+01    7.8909E+00    1.2178E+01   
 7.5353E+01    5.7782E+01    6.4791E+01    2.3679E+01    1.9635E+01    2.0781E+01    8.4172E+01    6.1818E+01    1.8637E+01    5.0215E+00    2.1115E+01    8.1235E+00    1.2230E+01   
 7.5932E+01    5.7791E+01    6.4807E+01    2.3751E+01    1.9571E+01    2.0839E+01    8.4182E+01    6.1818E+01    1.8696E+01    5.0419E+00    2.1319E+01    8.2186E+00    1.2195E+01   
 7.6432E+01    5.7794E+01    6.4807E+01    2.3804E+01    1.9669E+01    2.0877E+01    8.4203E+01    6.1844E+01    1.8727E+01    5.0215E+00    2.1339E+01    7.9808E+00    1.2213E+01   
 7.6933E+01    5.7806E+01    6.4800E+01    2.3804E+01    1.9721E+01    2.0928E+01    8.4203E+01    6.1898E+01    1.8756E+01    5.0623E+00    2.1359E+01    8.1605E+00    1.2195E+01   
 7.7433E+01    5.7806E+01    6.4807E+01    2.3808E+01    1.9729E+01    2.0958E+01    8.4209E+01    6.1911E+01    1.8740E+01    5.0419E+00    2.1278E+01    8.1975E+00    1.2213E+01   
 7.8045E+01    5.7792E+01    6.4809E+01    2.3779E+01    1.9737E+01    2.1004E+01    8.4226E+01    6.1931E+01    1.8792E+01    5.0419E+00    2.1400E+01    7.9649E+00    1.2247E+01   
 7.8545E+01    5.7810E+01    6.4820E+01    2.3806E+01    1.9737E+01    2.1004E+01    8.4211E+01    6.1941E+01    1.8834E+01    5.0623E+00    2.1400E+01    8.1393E+00    1.2247E+01   
# Time (s)      T1w (C)       T2w (C)       T1a (C)       T2a (C)       T1r (C)       T2r (C)       T3r (C)       T4r (C)       P1 (bar)      P2 (bar)      Ic (amp)      Qc (l/min)    
 7.9046E+01    5.7815E+01    6.4824E+01    2.3830E+01    1.9690E+01    2.1031E+01    8.4199E+01    6.1941E+01    1.8879E+01    5.0419E+00    2.1217E+01    8.0389E+00    1.2264E+01   
 7.9546E+01    5.7811E+01    6.4810E+01    2.3824E+01    1.9665E+01    2.1085E+01    8.4199E+01    6.1990E+01    1.8903E+01    5.0623E+00    2.1237E+01    8.0706E+00    1.2213E+01   
 8.0157E+01    5.7801E+01    6.4824E+01    2.3883E+01    1.9641E+01    2.1110E+01    8.4191E+01    6.2021E+01    1.8946E+01    5.0826E+00    2.1319E+01    7.9279E+00    1.2178E+01   
 8.0657E+01    5.7812E+01    6.4817E+01    2.3883E+01    1.9729E+01    2.1142E+01    8.4172E+01    6.2036E+01    1.8946E+01    5.0826E+00    2.1319E+01    8.0812E+00    1.2213E+01   
 8.1157E+01    5.7812E+01    6.4831E+01    2.3922E+01    1.9734E+01    2.1192E+01    8.4138E+01    6.2054E+01    1.9007E+01    5.0826E+00    2.1278E+01    8.0178E+00    1.2213E+01   
 8.1657E+01    5.7806E+01    6.4845E+01    2.4119E+01    1.9734E+01    2.1208E+01    8.4132E+01    6.2054E+01    1.9047E+01    5.0826E+00    2.1196E+01    8.1658E+00    1.2178E+01   
 8.2261E+01    5.7820E+01    6.4856E+01    2.4168E+01    1.9720E+01    2.1228E+01    8.4118E+01    6.2039E+01    1.9054E+01    5.0826E+00    2.1482E+01    7.9174E+00    1.2230E+01   
 8.2762E+01    5.7814E+01    6.4856E+01    2.4120E+01    1.9818E+01    2.1263E+01    8.4117E+01    6.2039E+01    1.9062E+01    5.1030E+00    2.1176E+01    8.1763E+00    1.2195E+01   
 8.3262E+01    5.7806E+01    6.4867E+01    2.4120E+01    1.9779E+01    2.1284E+01    8.4117E+01    6.2076E+01    1.9090E+01    5.1030E+00    2.1298E+01    8.0072E+00    1.2195E+01   
 8.3762E+01    5.7819E+01    6.4883E+01    2.4054E+01    1.9878E+01    2.1314E+01    8.4135E+01    6.2103E+01    1.9090E+01    5.0826E+00    2.1237E+01    8.2450E+00    1.2282E+01   
 8.4357E+01    5.7805E+01    6.4865E+01    2.4171E+01    1.9792E+01    2.1345E+01    8.4166E+01    6.2101E+01    1.9107E+01    5.1234E+00    2.1217E+01    8.1552E+00    1.2213E+01   
 8.4858E+01    5.7803E+01    6.4866E+01    2.4230E+01    1.9842E+01    2.1345E+01    8.4175E+01    6.2118E+01    1.9159E+01    5.1030E+00    2.1257E+01    8.0706E+00    1.2230E+01   
 8.5358E+01    5.7818E+01    6.4871E+01    2.4210E+01    1.9842E+01    2.1382E+01    8.4187E+01    6.2118E+01    1.9154E+01    5.1030E+00    2.1278E+01    8.2503E+00    1.2247E+01   
 8.5858E+01    5.7811E+01    6.4871E+01    2.4203E+01    1.9839E+01    2.1412E+01    8.4174E+01    6.2127E+01    1.9185E+01    5.1030E+00    2.1339E+01    8.0178E+00    1.2178E+01   
 8.6461E+01    5.7807E+01    6.4872E+01    2.4171E+01    1.9785E+01    2.1452E+01    8.4188E+01    6.2157E+01    1.9211E+01    5.0826E+00    2.1380E+01    8.1341E+00    1.2178E+01   
 8.6962E+01    5.7813E+01    6.4893E+01    2.4171E+01    1.9815E+01    2.1477E+01    8.4176E+01    6.2176E+01    1.9261E+01    5.1234E+00    2.1217E+01    8.1816E+00    1.2247E+01   
 8.7462E+01    5.7813E+01    6.4890E+01    2.4135E+01    1.9810E+01    2.1512E+01    8.4167E+01    6.2174E+01    1.9261E+01    5.1234E+00    2.1257E+01    8.0125E+00    1.2264E+01   
 8.7963E+01    5.7806E+01    6.4890E+01    2.4044E+01    1.9810E+01    2.1512E+01    8.4180E+01    6.2190E+01    1.9287E+01    5.1030E+00    2.1441E+01    8.0653E+00    1.2213E+01   
 8.8566E+01    5.7832E+01    6.4923E+01    2.3955E+01    1.9799E+01    2.1522E+01    8.4156E+01    6.2199E+01    1.9335E+01    5.1437E+00    2.1482E+01    8.0283E+00    1.2230E+01   
 8.9066E+01    5.7850E+01    6.4935E+01    2.3845E+01    1.9809E+01    2.1563E+01    8.4155E+01    6.2199E+01    1.9373E+01    5.1437E+00    2.1278E+01    7.9438E+00    1.2195E+01   
 8.9566E+01    5.7845E+01    6.4935E+01    2.3845E+01    1.9869E+01    2.1569E+01    8.4155E+01    6.2229E+01    1.9382E+01    5.1234E+00    2.1359E+01    8.1129E+00    1.2230E+01   
 9.0067E+01    5.7854E+01    6.4944E+01    2.3815E+01    1.9866E+01    2.1584E+01    8.4164E+01    6.2237E+01    1.9382E+01    5.1437E+00    2.1441E+01    7.9385E+00    1.2195E+01   
 9.0662E+01    5.7848E+01    6.4948E+01    2.3741E+01    1.9924E+01    2.1610E+01    8.4168E+01    6.2252E+01    1.9403E+01    5.1437E+00    2.1359E+01    8.1288E+00    1.2213E+01   
 9.1162E+01    5.7848E+01    6.4964E+01    2.3684E+01    1.9890E+01    2.1610E+01    8.4185E+01    6.2269E+01    1.9435E+01    5.1437E+00    2.1319E+01    8.0125E+00    1.2178E+01   
 9.1662E+01    5.7859E+01    6.4960E+01    2.3705E+01    1.9890E+01    2.1640E+01    8.4229E+01    6.2269E+01    1.9452E+01    5.1437E+00    2.1217E+01    8.2292E+00    1.2247E+01   
 9.2163E+01    5.7856E+01    6.4960E+01    2.3801E+01    1.9910E+01    2.1634E+01    8.4244E+01    6.2288E+01    1.9475E+01    5.1641E+00    2.1196E+01    7.9544E+00    1.2247E+01   
 9.2766E+01    5.7863E+01    6.4968E+01    2.3807E+01    1.9962E+01    2.1660E+01    8.4244E+01    6.2274E+01    1.9508E+01    5.1641E+00    2.1421E+01    8.2609E+00    1.2213E+01   
 9.3267E+01    5.7850E+01    6.4967E+01    2.3807E+01    1.9975E+01    2.1664E+01    8.4254E+01    6.2298E+01    1.9534E+01    5.1437E+00    2.1278E+01    7.9649E+00    1.2213E+01   
 9.3771E+01    5.7850E+01    6.4974E+01    2.3789E+01    1.9974E+01    2.1666E+01    8.4276E+01    6.2285E+01    1.9534E+01    5.1437E+00    2.1298E+01    8.2609E+00    1.2230E+01   
 9.4272E+01    5.7863E+01    6.4970E+01    2.3856E+01    1.9974E+01    2.1666E+01    8.4302E+01    6.2319E+01    1.9537E+01    5.1641E+00    2.1298E+01    8.2133E+00    1.2264E+01   
# Time (s)      T1w (C)       T2w (C)       T1a (C)       T2a (C)       T1r (C)       T2r (C)       T3r (C)       T4r (C)       P1 (bar)      P2 (bar)      Ic (amp)      Qc (l/min)    
 9.4870E+01    5.7882E+01    6.4994E+01    2.3931E+01    2.0004E+01    2.1679E+01    8.4314E+01    6.2353E+01    1.9557E+01    5.1641E+00    2.1461E+01    8.1975E+00    1.2213E+01   
 9.5371E+01    5.7878E+01    6.4990E+01    2.4071E+01    1.9905E+01    2.1709E+01    8.4317E+01    6.2367E+01    1.9589E+01    5.1641E+00    2.1482E+01    7.9913E+00    1.2195E+01   
 9.5871E+01    5.7902E+01    6.4990E+01    2.4071E+01    1.9913E+01    2.1704E+01    8.4317E+01    6.2348E+01    1.9636E+01    5.1641E+00    2.1461E+01    8.2768E+00    1.2178E+01   
 9.6371E+01    5.7908E+01    6.5000E+01    2.4105E+01    1.9988E+01    2.1692E+01    8.4329E+01    6.2390E+01    1.9681E+01    5.1641E+00    2.1461E+01    8.1288E+00    1.2230E+01   
 9.6983E+01    5.7920E+01    6.5009E+01    2.4135E+01    2.0025E+01    2.1673E+01    8.4342E+01    6.2417E+01    1.9681E+01    5.1437E+00    2.1482E+01    8.0865E+00    1.2195E+01   
 9.7484E+01    5.7920E+01    6.5018E+01    2.4207E+01    2.0022E+01    2.1673E+01    8.4336E+01    6.2447E+01    1.9714E+01    5.1437E+00    2.1421E+01    7.9702E+00    1.2178E+01   
 9.7984E+01    5.7921E+01    6.5031E+01    2.4246E+01    2.0022E+01    2.1635E+01    8.4347E+01    6.2462E+01    1.9735E+01    5.1437E+00    2.1298E+01    8.1922E+00    1.2230E+01   
 9.8485E+01    5.7926E+01    6.5031E+01    2.4135E+01    2.0042E+01    2.1566E+01    8.4370E+01    6.2462E+01    1.9777E+01    5.1437E+00    2.1359E+01    8.1816E+00    1.2264E+01   
 9.9087E+01    5.7930E+01    6.5034E+01    2.4214E+01    2.0068E+01    2.1466E+01    8.4405E+01    6.2495E+01    1.9824E+01    5.1845E+00    2.1359E+01    8.0072E+00    1.2247E+01   
 9.9587E+01    5.7941E+01    6.5031E+01    2.4214E+01    2.0062E+01    2.1187E+01    8.4405E+01    6.2510E+01    1.9832E+01    5.1437E+00    2.1298E+01    8.2662E+00    1.2264E+01   
 1.0009E+02    5.7951E+01    6.5035E+01    2.4232E+01    2.0152E+01    2.0774E+01    8.4432E+01    6.2524E+01    1.9832E+01    5.1845E+00    2.1502E+01    8.1235E+00    1.2213E+01   
 1.0059E+02    5.7951E+01    6.5045E+01    2.4286E+01    2.0143E+01    2.0774E+01    8.4499E+01    6.2535E+01    1.9883E+01    5.1845E+00    2.1298E+01    7.9702E+00    1.2230E+01   
 1.0119E+02    5.7957E+01    6.5040E+01    2.4386E+01    2.0143E+01    2.0439E+01    8.4550E+01    6.2534E+01    1.9877E+01    5.1845E+00    2.1461E+01    8.2820E+00    1.2247E+01   
 1.0169E+02    5.7968E+01    6.5056E+01    2.4355E+01    2.0105E+01    2.0182E+01    8.4563E+01    6.2561E+01    1.9936E+01    5.1845E+00    2.1523E+01    8.2398E+00    1.2230E+01   
 1.0219E+02    5.7974E+01    6.5056E+01    2.4338E+01    2.0135E+01    1.9937E+01    8.4563E+01    6.2561E+01    1.9952E+01    5.1641E+00    2.1278E+01    7.9755E+00    1.2230E+01   
 1.0269E+02    5.7978E+01    6.5052E+01    2.4338E+01    2.0086E+01    1.9733E+01    8.4570E+01    6.2585E+01    1.9990E+01    5.1641E+00    2.1543E+01    8.1605E+00    1.2178E+01   
 1.0331E+02    5.7995E+01    6.5049E+01    2.4374E+01    2.0119E+01    1.9565E+01    8.4548E+01    6.2601E+01    1.9975E+01    5.2049E+00    2.1543E+01    7.9913E+00    1.2230E+01   
 1.0381E+02    5.7995E+01    6.5070E+01    2.4410E+01    2.0117E+01    1.9389E+01    8.4528E+01    6.2544E+01    1.9975E+01    5.1845E+00    2.1543E+01    8.1658E+00    1.2178E+01   
 1.0431E+02    5.7994E+01    6.5078E+01    2.4417E+01    2.0117E+01    1.9389E+01    8.4509E+01    6.2518E+01    1.9974E+01    5.1845E+00    2.1563E+01    8.2873E+00    1.2195E+01   
 1.0481E+02    5.8014E+01    6.5095E+01    2.4365E+01    2.0167E+01    1.9229E+01    8.4475E+01    6.2518E+01    1.9966E+01    5.1437E+00    2.1380E+01    8.0336E+00    1.2161E+01   
 1.0540E+02    5.8024E+01    6.5135E+01    2.4314E+01    2.0187E+01    1.9082E+01    8.4459E+01    6.2489E+01    1.9918E+01    5.1437E+00    2.1686E+01    8.2556E+00    1.2213E+01   
 1.0590E+02    5.8011E+01    6.5121E+01    2.4299E+01    2.0118E+01    1.8940E+01    8.4459E+01    6.2427E+01    1.9889E+01    5.1437E+00    2.1523E+01    7.9966E+00    1.2178E+01   
 1.0640E+02    5.8011E+01    6.5145E+01    2.4271E+01    2.0055E+01    1.8804E+01    8.4443E+01    6.2398E+01    1.9889E+01    5.1234E+00    2.1461E+01    8.0019E+00    1.2213E+01   
 1.0690E+02    5.7996E+01    6.5152E+01    2.4214E+01    2.0117E+01    1.8804E+01    8.4419E+01    6.2344E+01    1.9861E+01    5.1641E+00    2.1706E+01    8.0125E+00    1.2143E+01   
 1.0752E+02    5.7971E+01    6.5169E+01    2.4112E+01    2.0102E+01    1.8682E+01    8.4383E+01    6.2298E+01    1.9843E+01    5.1437E+00    2.1461E+01    8.0125E+00    1.2178E+01   
 1.0802E+02    5.7994E+01    6.5182E+01    2.4143E+01    2.0067E+01    1.8566E+01    8.4379E+01    6.2267E+01    1.9799E+01    5.1234E+00    2.1665E+01    8.2926E+00    1.2126E+01   
 1.0852E+02    5.7990E+01    6.5168E+01    2.4180E+01    2.0104E+01    1.8480E+01    8.4390E+01    6.2267E+01    1.9753E+01    5.1437E+00    2.1563E+01    8.0178E+00    1.2213E+01   
 1.0902E+02    5.7988E+01    6.5200E+01    2.4180E+01    2.0086E+01    1.8378E+01    8.4390E+01    6.2195E+01    1.9682E+01    5.1437E+00    2.1726E+01    8.1922E+00    1.2247E+01   
 1.0966E+02    5.8007E+01    6.5240E+01    2.4096E+01    2.0079E+01    1.8281E+01    8.4376E+01    6.2142E+01    1.9634E+01    5.0826E+00    2.1584E+01    8.0125E+00    1.2195E+01   
 1.1016E+02    5.8000E+01    6.5270E+01    2.4082E+01    2.0061E+01    1.8204E+01    8.4402E+01    6.2074E+01    1.9634E+01    5.1030E+00    2.1584E+01    8.0283E+00    1.2195E+01   
# Time (s)      T1w (C)       T2w (C)       T1a (C)       T2a (C)       T1r (C)       T2r (C)       T3r (C)       T4r (C)       P1 (bar)      P2 (bar)      Ic (amp)      Qc (l/min)    
 1.1066E+02    5.8015E+01    6.5285E+01    2.3954E+01    2.0037E+01    1.8204E+01    8.4403E+01    6.2034E+01    1.9597E+01    5.1030E+00    2.1523E+01    8.0601E+00    1.2247E+01   
 1.1116E+02    5.8024E+01    6.5302E+01    2.3896E+01    2.0037E+01    1.8114E+01    8.4428E+01    6.1993E+01    1.9559E+01    5.0826E+00    2.1828E+01    8.1129E+00    1.2195E+01   
 1.1178E+02    5.8031E+01    6.5343E+01    2.4010E+01    2.0024E+01    1.8037E+01    8.4454E+01    6.1935E+01    1.9497E+01    5.0826E+00    2.1502E+01    8.0125E+00    1.2178E+01   
 1.1229E+02    5.8052E+01    6.5343E+01    2.4119E+01    2.0006E+01    1.7952E+01    8.4454E+01    6.1935E+01    1.9456E+01    5.0826E+00    2.1523E+01    8.1499E+00    1.2178E+01   
 1.1279E+02    5.8053E+01    6.5364E+01    2.4135E+01    2.0009E+01    1.7886E+01    8.4450E+01    6.1817E+01    1.9401E+01    5.0826E+00    2.1584E+01    8.2080E+00    1.2213E+01   
 1.1329E+02    5.8073E+01    6.5383E+01    2.4156E+01    2.0040E+01    1.7811E+01    8.4462E+01    6.1771E+01    1.9401E+01    5.0623E+00    2.1869E+01    8.0706E+00    1.2161E+01   
 1.1392E+02    5.8073E+01    6.5388E+01    2.4132E+01    1.9975E+01    1.7732E+01    8.4477E+01    6.1704E+01    1.9365E+01    5.0623E+00    2.1767E+01    8.0548E+00    1.2195E+01   
 1.1442E+02    5.8073E+01    6.5400E+01    2.4187E+01    1.9975E+01    1.7732E+01    8.4508E+01    6.1619E+01    1.9309E+01    5.0826E+00    2.1625E+01    8.3138E+00    1.2213E+01   
 1.1492E+02    5.8061E+01    6.5401E+01    2.4180E+01    2.0000E+01    1.7695E+01    8.4550E+01    6.1564E+01    1.9261E+01    5.0623E+00    2.1645E+01    8.1922E+00    1.2247E+01   
 1.1542E+02    5.8061E+01    6.5401E+01    2.4200E+01    2.0004E+01    1.7611E+01    8.4550E+01    6.1564E+01    1.9199E+01    5.0419E+00    2.1686E+01    8.0495E+00    1.2230E+01   
 1.1608E+02    5.8055E+01    6.5406E+01    2.4180E+01    2.0018E+01    1.7564E+01    8.4615E+01    6.1489E+01    1.9140E+01    5.0419E+00    2.1747E+01    8.0178E+00    1.2195E+01   
 1.1658E+02    5.8060E+01    6.5399E+01    2.4164E+01    1.9939E+01    1.7480E+01    8.4615E+01    6.1401E+01    1.9071E+01    5.0623E+00    2.1890E+01    8.2979E+00    1.2230E+01   
 1.1708E+02    5.8064E+01    6.5412E+01    2.4256E+01    1.9946E+01    1.7443E+01    8.4644E+01    6.1322E+01    1.9071E+01    5.0215E+00    2.1747E+01    8.1552E+00    1.2161E+01   
 1.1758E+02    5.8064E+01    6.5412E+01    2.4216E+01    1.9946E+01    1.7443E+01    8.4677E+01    6.1248E+01    1.9041E+01    5.0215E+00    2.1686E+01    8.0125E+00    1.2161E+01   
 1.1819E+02    5.8060E+01    6.5438E+01    2.4182E+01    1.9838E+01    1.7385E+01    8.4700E+01    6.1149E+01    1.8973E+01    5.0215E+00    2.1849E+01    8.3296E+00    1.2178E+01   
 1.1869E+02    5.8059E+01    6.5441E+01    2.4153E+01    1.9764E+01    1.7315E+01    8.4715E+01    6.1097E+01    1.8913E+01    5.0215E+00    2.1686E+01    8.0019E+00    1.2178E+01   
 1.1919E+02    5.8070E+01    6.5441E+01    2.4081E+01    1.9728E+01    1.7264E+01    8.4715E+01    6.1097E+01    1.8861E+01    5.0215E+00    2.1910E+01    8.1235E+00    1.2230E+01   
 1.1969E+02    5.8054E+01    6.5451E+01    2.4065E+01    1.9733E+01    1.7214E+01    8.4733E+01    6.1011E+01    1.8797E+01    4.9808E+00    2.1828E+01    8.1816E+00    1.2178E+01   
 1.2036E+02    5.8057E+01    6.5455E+01    2.4056E+01    1.9702E+01    1.7163E+01    8.4758E+01    6.0954E+01    1.8776E+01    5.0011E+00    2.1747E+01    8.0231E+00    1.2195E+01   
 1.2086E+02    5.8065E+01    6.5452E+01    2.4044E+01    1.9681E+01    1.7129E+01    8.4781E+01    6.0849E+01    1.8776E+01    5.0215E+00    2.1828E+01    8.0495E+00    1.2230E+01   
 1.2136E+02    5.8065E+01    6.5466E+01    2.4045E+01    1.9600E+01    1.7129E+01    8.4788E+01    6.0790E+01    1.8739E+01    5.0011E+00    2.1584E+01    8.3138E+00    1.2264E+01   
 1.2186E+02    5.8059E+01    6.5447E+01    2.3958E+01    1.9584E+01    1.7075E+01    8.4806E+01    6.0726E+01    1.8677E+01    5.0011E+00    2.1706E+01    8.0125E+00    1.2247E+01   
 1.2249E+02    5.8059E+01    6.5454E+01    2.3924E+01    1.9567E+01    1.7029E+01    8.4829E+01    6.0699E+01    1.8610E+01    4.9604E+00    2.1910E+01    8.1552E+00    1.2213E+01   
 1.2299E+02    5.8082E+01    6.5468E+01    2.3886E+01    1.9517E+01    1.6994E+01    8.4841E+01    6.0684E+01    1.8536E+01    4.9808E+00    2.1767E+01    8.3138E+00    1.2247E+01   
 1.2349E+02    5.8082E+01    6.5460E+01    2.3886E+01    1.9443E+01    1.6968E+01    8.4841E+01    6.0583E+01    1.8498E+01    4.9808E+00    2.1971E+01    8.0442E+00    1.2213E+01   
 1.2399E+02    5.8078E+01    6.5474E+01    2.3834E+01    1.9454E+01    1.6939E+01    8.4858E+01    6.0534E+01    1.8498E+01    4.9808E+00    2.1971E+01    8.0125E+00    1.2230E+01   
 1.2459E+02    5.8078E+01    6.5478E+01    2.3793E+01    1.9403E+01    1.6949E+01    8.4884E+01    6.0464E+01    1.8422E+01    4.9604E+00    2.1747E+01    7.9966E+00    1.2247E+01   
 1.2509E+02    5.8077E+01    6.5479E+01    2.3782E+01    1.9403E+01    1.6933E+01    8.4898E+01    6.0406E+01    1.8386E+01    4.9604E+00    2.1788E+01    8.1658E+00    1.2195E+01   
 1.2559E+02    5.8085E+01    6.5465E+01    2.3836E+01    1.9327E+01    1.6939E+01    8.4913E+01    6.0391E+01    1.8296E+01    4.9604E+00    2.1706E+01    8.0283E+00    1.2195E+01   
 1.2609E+02    5.8095E+01    6.5465E+01    2.3845E+01    1.9512E+01    1.6950E+01    8.4913E+01    6.0321E+01    1.8246E+01    4.9400E+00    2.1910E+01    8.0072E+00    1.2230E+01   
# Time (s)      T1w (C)       T2w (C)       T1a (C)       T2a (C)       T1r (C)       T2r (C)       T3r (C)       T4r (C)       P1 (bar)      P2 (bar)      Ic (amp)      Qc (l/min)    
 1.2671E+02    5.8078E+01    6.5483E+01    2.3829E+01    1.9391E+01    1.7010E+01    8.4975E+01    6.0282E+01    1.8241E+01    4.9196E+00    2.1747E+01    8.2503E+00    1.2213E+01   
 1.2721E+02    5.8086E+01    6.5479E+01    2.3764E+01    1.9358E+01    1.7049E+01    8.4977E+01    6.0239E+01    1.8182E+01    4.9196E+00    2.1604E+01    7.9861E+00    1.2213E+01   
 1.2771E+02    5.8086E+01    6.5477E+01    2.3812E+01    1.9281E+01    1.7108E+01    8.4979E+01    6.0182E+01    1.8166E+01    4.9196E+00    2.1808E+01    8.0019E+00    1.2230E+01   
 1.2821E+02    5.8077E+01    6.5480E+01    2.3895E+01    1.9281E+01    1.7108E+01    8.4990E+01    6.0147E+01    1.8089E+01    4.9196E+00    2.1869E+01    8.2292E+00    1.2230E+01   
 1.2882E+02    5.8088E+01    6.5475E+01    2.3920E+01    1.9199E+01    1.7185E+01    8.5015E+01    6.0104E+01    1.8039E+01    4.8993E+00    2.1788E+01    8.1499E+00    1.2264E+01   
 1.2932E+02    5.8084E+01    6.5462E+01    2.3918E+01    1.9187E+01    1.7258E+01    8.5037E+01    6.0104E+01    1.7995E+01    4.8993E+00    2.1808E+01    8.2239E+00    1.2161E+01   
 1.2982E+02    5.8091E+01    6.5462E+01    2.3918E+01    1.9137E+01    1.7353E+01    8.5037E+01    6.0067E+01    1.7943E+01    4.8993E+00    2.1828E+01    7.9702E+00    1.2195E+01   
 1.3032E+02    5.8099E+01    6.5472E+01    2.4049E+01    1.9084E+01    1.7436E+01    8.5067E+01    6.0065E+01    1.7927E+01    4.8789E+00    2.1808E+01    8.0865E+00    1.2213E+01   
 1.3095E+02    5.8096E+01    6.5448E+01    2.4046E+01    1.9132E+01    1.7516E+01    8.5079E+01    6.0030E+01    1.7866E+01    4.8789E+00    2.1625E+01    7.9491E+00    1.2230E+01   
 1.3145E+02    5.8096E+01    6.5442E+01    2.4102E+01    1.9186E+01    1.7516E+01    8.5114E+01    6.0053E+01    1.7866E+01    4.8789E+00    2.1441E+01    8.0971E+00    1.2143E+01   
 1.3195E+02    5.8108E+01    6.5420E+01    2.4126E+01    1.9186E+01    1.7598E+01    8.5126E+01    6.0053E+01    1.7837E+01    4.8789E+00    2.1788E+01    8.0389E+00    1.2195E+01   
 1.3245E+02    5.8138E+01    6.5415E+01    2.4235E+01    1.9085E+01    1.7712E+01    8.5138E+01    6.0053E+01    1.7809E+01    4.8585E+00    2.1482E+01    8.2133E+00    1.2178E+01   
 1.3310E+02    5.8138E+01    6.5403E+01    2.4286E+01    1.9110E+01    1.7816E+01    8.5134E+01    6.0095E+01    1.7796E+01    4.8585E+00    2.1747E+01    7.9702E+00    1.2213E+01   
 1.3360E+02    5.8157E+01    6.5403E+01    2.4286E+01    1.9077E+01    1.7933E+01    8.5134E+01    6.0113E+01    1.7810E+01    4.8789E+00    2.1543E+01    8.1393E+00    1.2230E+01   
 1.3410E+02    5.8166E+01    6.5390E+01    2.4299E+01    1.9034E+01    1.8018E+01    8.5128E+01    6.0125E+01    1.7781E+01    4.8789E+00    2.1441E+01    8.2345E+00    1.2195E+01   
 1.3460E+02    5.8166E+01    6.5362E+01    2.4327E+01    1.8959E+01    1.8018E+01    8.5151E+01    6.0167E+01    1.7781E+01    4.8382E+00    2.1400E+01    7.9544E+00    1.2230E+01   
 1.3521E+02    5.8174E+01    6.5360E+01    2.4353E+01    1.9102E+01    1.8116E+01    8.5158E+01    6.0232E+01    1.7786E+01    4.8585E+00    2.1400E+01    8.2292E+00    1.2195E+01   
 1.3571E+02    5.8172E+01    6.5335E+01    2.4367E+01    1.9102E+01    1.8220E+01    8.5170E+01    6.0272E+01    1.7780E+01    4.8789E+00    2.1625E+01    8.1499E+00    1.2178E+01   
 1.3622E+02    5.8185E+01    6.5330E+01    2.4346E+01    1.9146E+01    1.8326E+01    8.5189E+01    6.0272E+01    1.7812E+01    4.8789E+00    2.1625E+01    7.9279E+00    1.2195E+01   
 1.3672E+02    5.8207E+01    6.5344E+01    2.4362E+01    1.9127E+01    1.8435E+01    8.5189E+01    6.0342E+01    1.7824E+01    4.8585E+00    2.1380E+01    8.0231E+00    1.2213E+01   
 1.3737E+02    5.8210E+01    6.5327E+01    2.4321E+01    1.9118E+01    1.8528E+01    8.5210E+01    6.0418E+01    1.7871E+01    4.8789E+00    2.1645E+01    8.1552E+00    1.2213E+01   
 1.3787E+02    5.8226E+01    6.5331E+01    2.4359E+01    1.9208E+01    1.8663E+01    8.5217E+01    6.0517E+01    1.7918E+01    4.8585E+00    2.1359E+01    8.0706E+00    1.2195E+01   
 1.3837E+02    5.8226E+01    6.5325E+01    2.4294E+01    1.9041E+01    1.8663E+01    8.5197E+01    6.0577E+01    1.7918E+01    4.8585E+00    2.1421E+01    8.1182E+00    1.2195E+01   
 1.3887E+02    5.8238E+01    6.5322E+01    2.4289E+01    1.9041E+01    1.8777E+01    8.5173E+01    6.0681E+01    1.7986E+01    4.8585E+00    2.1563E+01    7.9702E+00    1.2161E+01   
 1.3954E+02    5.8227E+01    6.5338E+01    2.4342E+01    1.9130E+01    1.8875E+01    8.5145E+01    6.0756E+01    1.8010E+01    4.8585E+00    2.1461E+01    7.9491E+00    1.2247E+01   
 1.4004E+02    5.8236E+01    6.5326E+01    2.4382E+01    1.9222E+01    1.8978E+01    8.5127E+01    6.0771E+01    1.8049E+01    4.8789E+00    2.1604E+01    8.1341E+00    1.2213E+01   
 1.4054E+02    5.8241E+01    6.5326E+01    2.4382E+01    1.9105E+01    1.9076E+01    8.5127E+01    6.0854E+01    1.8114E+01    4.8585E+00    2.1441E+01    8.2398E+00    1.2213E+01   
 1.4104E+02    5.8226E+01    6.5310E+01    2.4320E+01    1.9145E+01    1.9169E+01    8.5110E+01    6.0931E+01    1.8140E+01    4.8789E+00    2.1359E+01    8.2133E+00    1.2213E+01   
 1.4170E+02    5.8242E+01    6.5295E+01    2.4267E+01    1.9154E+01    1.9275E+01    8.5097E+01    6.1009E+01    1.8168E+01    4.8789E+00    2.1461E+01    8.2186E+00    1.2213E+01   
 1.4220E+02    5.8239E+01    6.5278E+01    2.4252E+01    1.9157E+01    1.9355E+01    8.5080E+01    6.1103E+01    1.8168E+01    4.8993E+00    2.1441E+01    7.9491E+00    1.2178E+01   
# Time (s)      T1w (C)       T2w (C)       T1a (C)       T2a (C)       T1r (C)       T2r (C)       T3r (C)       T4r (C)       P1 (bar)      P2 (bar)      Ic (amp)      Qc (l/min)    
 1.4270E+02    5.8239E+01    6.5286E+01    2.4270E+01    1.9157E+01    1.9355E+01    8.5065E+01    6.1199E+01    1.8204E+01    4.8993E+00    2.1380E+01    8.0178E+00    1.2213E+01   
 1.4320E+02    5.8228E+01    6.5279E+01    2.4287E+01    1.9209E+01    1.9442E+01    8.5031E+01    6.1280E+01    1.8236E+01    4.8993E+00    2.1625E+01    7.9279E+00    1.2213E+01   
 1.4384E+02    5.8248E+01    6.5276E+01    2.4245E+01    1.9277E+01    1.9516E+01    8.5022E+01    6.1280E+01    1.8240E+01    4.8993E+00    2.1523E+01    8.2345E+00    1.2230E+01   
 1.4434E+02    5.8241E+01    6.5276E+01    2.4195E+01    1.9217E+01    1.9619E+01    8.5022E+01    6.1364E+01    1.8249E+01    4.8993E+00    2.1584E+01    7.9385E+00    1.2213E+01   
 1.4484E+02    5.8229E+01    6.5278E+01    2.4195E+01    1.9183E+01    1.9708E+01    8.4995E+01    6.1414E+01    1.8267E+01    4.8993E+00    2.1625E+01    7.9332E+00    1.2195E+01   
 1.4534E+02    5.8251E+01    6.5274E+01    2.4214E+01    1.9253E+01    1.9782E+01    8.5000E+01    6.1493E+01    1.8267E+01    4.8993E+00    2.1319E+01    8.2186E+00    1.2230E+01   
 1.4599E+02    5.8243E+01    6.5288E+01    2.4243E+01    1.9334E+01    1.9867E+01    8.4982E+01    6.1550E+01    1.8279E+01    4.8993E+00    2.1482E+01    8.2080E+00    1.2213E+01   
 1.4649E+02    5.8243E+01    6.5273E+01    2.4242E+01    1.9334E+01    1.9867E+01    8.4968E+01    6.1618E+01    1.8284E+01    4.9196E+00    2.1421E+01    7.9121E+00    1.2178E+01   
 1.4699E+02    5.8266E+01    6.5268E+01    2.4234E+01    1.9310E+01    1.9947E+01    8.4973E+01    6.1660E+01    1.8319E+01    4.8993E+00    2.1421E+01    7.9279E+00    1.2178E+01   
 1.4749E+02    5.8257E+01    6.5268E+01    2.4245E+01    1.9363E+01    2.0024E+01    8.4973E+01    6.1660E+01    1.8346E+01    4.9400E+00    2.1584E+01    7.9332E+00    1.2195E+01   
 1.4811E+02    5.8270E+01    6.5294E+01    2.4245E+01    1.9243E+01    2.0102E+01    8.4990E+01    6.1725E+01    1.8371E+01    4.9400E+00    2.1400E+01    8.0072E+00    1.2178E+01   
 1.4861E+02    5.8279E+01    6.5283E+01    2.4254E+01    1.9280E+01    2.0184E+01    8.4995E+01    6.1792E+01    1.8401E+01    4.9196E+00    2.1298E+01    7.9544E+00    1.2230E+01   
 1.4911E+02    5.8278E+01    6.5285E+01    2.4265E+01    1.9382E+01    2.0184E+01    8.4995E+01    6.1881E+01    1.8401E+01    4.9400E+00    2.1543E+01    7.9332E+00    1.2213E+01   
 1.4961E+02    5.8278E+01    6.5279E+01    2.4263E+01    1.9382E+01    2.0265E+01    8.4984E+01    6.1950E+01    1.8412E+01    4.9400E+00    2.1543E+01    8.1023E+00    1.2230E+01   
 1.5028E+02    5.8313E+01    6.5302E+01    2.4351E+01    1.9248E+01    2.0333E+01    8.4995E+01    6.2018E+01    1.8466E+01    4.9604E+00    2.1461E+01    8.0865E+00    1.2282E+01   
 1.5078E+02    5.8320E+01    6.5294E+01    2.4367E+01    1.9395E+01    2.0410E+01    8.4982E+01    6.2074E+01    1.8528E+01    4.9808E+00    2.1339E+01    8.1446E+00    1.2247E+01   
 1.5128E+02    5.8310E+01    6.5294E+01    2.4338E+01    1.9362E+01    2.0473E+01    8.4982E+01    6.2074E+01    1.8554E+01    4.9808E+00    2.1298E+01    7.9279E+00    1.2213E+01   
 1.5178E+02    5.8337E+01    6.5314E+01    2.4338E+01    1.9532E+01    2.0534E+01    8.4996E+01    6.2107E+01    1.8594E+01    4.9604E+00    2.1461E+01    8.0389E+00    1.2195E+01   
 1.5238E+02    5.8335E+01    6.5308E+01    2.4301E+01    1.9502E+01    2.0617E+01    8.5018E+01    6.2170E+01    1.8648E+01    5.0011E+00    2.1400E+01    8.0019E+00    1.2195E+01   
 1.5288E+02    5.8350E+01    6.5306E+01    2.4367E+01    1.9454E+01    2.0617E+01    8.5015E+01    6.2208E+01    1.8648E+01    5.0011E+00    2.1482E+01    7.9491E+00    1.2178E+01   
 1.5338E+02    5.8350E+01    6.5327E+01    2.4360E+01    1.9454E+01    2.0680E+01    8.5014E+01    6.2230E+01    1.8653E+01    4.9808E+00    2.1441E+01    8.1129E+00    1.2213E+01   
 1.5388E+02    5.8347E+01    6.5311E+01    2.4278E+01    1.9468E+01    2.0727E+01    8.4983E+01    6.2291E+01    1.8694E+01    5.0011E+00    2.1421E+01    7.9596E+00    1.2195E+01   
 1.5450E+02    5.8353E+01    6.5299E+01    2.4254E+01    1.9413E+01    2.0801E+01    8.5001E+01    6.2291E+01    1.8731E+01    5.0215E+00    2.1339E+01    8.1446E+00    1.2178E+01   
 1.5500E+02    5.8327E+01    6.5285E+01    2.4239E+01    1.9428E+01    2.0853E+01    8.5001E+01    6.2331E+01    1.8751E+01    5.0215E+00    2.1502E+01    8.2028E+00    1.2178E+01   
 1.5550E+02    5.8361E+01    6.5300E+01    2.4258E+01    1.9523E+01    2.0919E+01    8.5008E+01    6.2361E+01    1.8809E+01    5.0215E+00    2.1645E+01    8.2398E+00    1.2178E+01   
 1.5600E+02    5.8361E+01    6.5319E+01    2.4302E+01    1.9517E+01    2.0919E+01    8.5000E+01    6.2398E+01    1.8809E+01    5.0215E+00    2.1441E+01    8.2609E+00    1.2178E+01   
 1.5663E+02    5.8357E+01    6.5332E+01    2.4294E+01    1.9656E+01    2.0973E+01    8.4994E+01    6.2433E+01    1.8822E+01    5.0215E+00    2.1523E+01    7.9649E+00    1.2195E+01   
 1.5713E+02    5.8360E+01    6.5327E+01    2.4269E+01    1.9640E+01    2.1025E+01    8.4965E+01    6.2481E+01    1.8863E+01    5.0215E+00    2.1339E+01    7.9649E+00    1.2161E+01   
 1.5763E+02    5.8371E+01    6.5328E+01    2.4266E+01    1.9672E+01    2.1084E+01    8.4958E+01    6.2481E+01    1.8903E+01    5.0419E+00    2.1502E+01    8.2715E+00    1.2178E+01   
 1.5813E+02    5.8383E+01    6.5328E+01    2.4266E+01    1.9631E+01    2.1145E+01    8.4972E+01    6.2505E+01    1.8934E+01    5.0215E+00    2.1584E+01    7.9913E+00    1.2230E+01   
# Time (s)      T1w (C)       T2w (C)       T1a (C)       T2a (C)       T1r (C)       T2r (C)       T3r (C)       T4r (C)       P1 (bar)      P2 (bar)      Ic (amp)      Qc (l/min)    
 1.5873E+02    5.8376E+01    6.5348E+01    2.4287E+01    1.9674E+01    2.1190E+01    8.4929E+01    6.2539E+01    1.8987E+01    5.0419E+00    2.1441E+01    8.0865E+00    1.2230E+01   
 1.5923E+02    5.8397E+01    6.5365E+01    2.4290E+01    1.9628E+01    2.1260E+01    8.4930E+01    6.2586E+01    1.9035E+01    5.0623E+00    2.1441E+01    7.9544E+00    1.2247E+01   
 1.5973E+02    5.8397E+01    6.5385E+01    2.4261E+01    1.9628E+01    2.1260E+01    8.4925E+01    6.2591E+01    1.9035E+01    5.0419E+00    2.1339E+01    8.0019E+00    1.2213E+01   
 1.6023E+02    5.8398E+01    6.5369E+01    2.4221E+01    1.9681E+01    2.1321E+01    8.4963E+01    6.2647E+01    1.9088E+01    5.0826E+00    2.1625E+01    8.2873E+00    1.2247E+01   
 1.6082E+02    5.8390E+01    6.5390E+01    2.4168E+01    1.9797E+01    2.1372E+01    8.4987E+01    6.2659E+01    1.9115E+01    5.0623E+00    2.1502E+01    8.2080E+00    1.2247E+01   
 1.6132E+02    5.8390E+01    6.5390E+01    2.4175E+01    1.9760E+01    2.1403E+01    8.4987E+01    6.2659E+01    1.9141E+01    5.0826E+00    2.1502E+01    8.1076E+00    1.2195E+01   
 1.6182E+02    5.8388E+01    6.5395E+01    2.4175E+01    1.9685E+01    2.1449E+01    8.5002E+01    6.2669E+01    1.9181E+01    5.0826E+00    2.1461E+01    8.1182E+00    1.2161E+01   
 1.6232E+02    5.8378E+01    6.5398E+01    2.4222E+01    1.9797E+01    2.1484E+01    8.5014E+01    6.2705E+01    1.9181E+01    5.0826E+00    2.1523E+01    8.0231E+00    1.2143E+01   
 1.6297E+02    5.8389E+01    6.5402E+01    2.4196E+01    1.9839E+01    2.1500E+01    8.5007E+01    6.2714E+01    1.9226E+01    5.1030E+00    2.1645E+01    8.0759E+00    1.2161E+01   
 1.6347E+02    5.8389E+01    6.5424E+01    2.4169E+01    1.9839E+01    2.1500E+01    8.5022E+01    6.2736E+01    1.9251E+01    5.1030E+00    2.1604E+01    8.0336E+00    1.2161E+01   
 1.6397E+02    5.8417E+01    6.5431E+01    2.4141E+01    1.9831E+01    2.1550E+01    8.5038E+01    6.2746E+01    1.9308E+01    5.1030E+00    2.1461E+01    8.0601E+00    1.2178E+01   
 1.6447E+02    5.8419E+01    6.5431E+01    2.4141E+01    1.9882E+01    2.1590E+01    8.5038E+01    6.2746E+01    1.9352E+01    5.1234E+00    2.1563E+01    8.1129E+00    1.2195E+01   
 1.6508E+02    5.8432E+01    6.5472E+01    2.4093E+01    1.9874E+01    2.1638E+01    8.5072E+01    6.2794E+01    1.9402E+01    5.1030E+00    2.1645E+01    8.2926E+00    1.2247E+01   
 1.6558E+02    5.8450E+01    6.5469E+01    2.4081E+01    1.9821E+01    2.1662E+01    8.5098E+01    6.2809E+01    1.9433E+01    5.0826E+00    2.1421E+01    8.1658E+00    1.2195E+01   
 1.6608E+02    5.8445E+01    6.5483E+01    2.4214E+01    1.9851E+01    2.1647E+01    8.5085E+01    6.2825E+01    1.9417E+01    5.1030E+00    2.1482E+01    8.3032E+00    1.2213E+01   
 1.6658E+02    5.8445E+01    6.5495E+01    2.4258E+01    1.9851E+01    2.1687E+01    8.5112E+01    6.2856E+01    1.9453E+01    5.1234E+00    2.1686E+01    7.9966E+00    1.2213E+01   
 1.6718E+02    5.8454E+01    6.5489E+01    2.4408E+01    1.9814E+01    2.1709E+01    8.5118E+01    6.2857E+01    1.9479E+01    5.1234E+00    2.1502E+01    8.3032E+00    1.2230E+01   
 1.6768E+02    5.8459E+01    6.5496E+01    2.4504E+01    1.9767E+01    2.1736E+01    8.5096E+01    6.2857E+01    1.9501E+01    5.1234E+00    2.1645E+01    8.0231E+00    1.2213E+01   
 1.6818E+02    5.8438E+01    6.5496E+01    2.4504E+01    1.9794E+01    2.1768E+01    8.5096E+01    6.2867E+01    1.9547E+01    5.1437E+00    2.1665E+01    7.9966E+00    1.2213E+01   
 1.6868E+02    5.8431E+01    6.5487E+01    2.4513E+01    1.9829E+01    2.1794E+01    8.5091E+01    6.2902E+01    1.9548E+01    5.1437E+00    2.1726E+01    8.0072E+00    1.2178E+01   
 1.6931E+02    5.8432E+01    6.5493E+01    2.4399E+01    1.9770E+01    2.1788E+01    8.5064E+01    6.2885E+01    1.9538E+01    5.1437E+00    2.1441E+01    7.9913E+00    1.2195E+01   
 1.6982E+02    5.8432E+01    6.5512E+01    2.4450E+01    1.9770E+01    2.1788E+01    8.5030E+01    6.2914E+01    1.9538E+01    5.1437E+00    2.1543E+01    8.3085E+00    1.2213E+01   
 1.7032E+02    5.8409E+01    6.5517E+01    2.4242E+01    1.9841E+01    2.1825E+01    8.5054E+01    6.2946E+01    1.9589E+01    5.1234E+00    2.1604E+01    8.0653E+00    1.2178E+01   
 1.7082E+02    5.8425E+01    6.5515E+01    2.4037E+01    1.9782E+01    2.1851E+01    8.5054E+01    6.2946E+01    1.9591E+01    5.1641E+00    2.1747E+01    8.2873E+00    1.2247E+01   
 1.7142E+02    5.8443E+01    6.5519E+01    2.3980E+01    1.9893E+01    2.1858E+01    8.5065E+01    6.2927E+01    1.9593E+01    5.1437E+00    2.1686E+01    8.2820E+00    1.2264E+01   
 1.7192E+02    5.8455E+01    6.5519E+01    2.3980E+01    1.9999E+01    2.1874E+01    8.5085E+01    6.2959E+01    1.9629E+01    5.1437E+00    2.1726E+01    8.0019E+00    1.2247E+01   
 1.7242E+02    5.8454E+01    6.5538E+01    2.3962E+01    2.0005E+01    2.1871E+01    8.5079E+01    6.2967E+01    1.9636E+01    5.1641E+00    2.1563E+01    8.0072E+00    1.2230E+01   
 1.7293E+02    5.8454E+01    6.5530E+01    2.3966E+01    2.0005E+01    2.1871E+01    8.5095E+01    6.2959E+01    1.9636E+01    5.1437E+00    2.1502E+01    8.0125E+00    1.2195E+01   
 1.7353E+02    5.8458E+01    6.5538E+01    2.4014E+01    1.9983E+01    2.1877E+01    8.5114E+01    6.2965E+01    1.9653E+01    5.1641E+00    2.1665E+01    8.3349E+00    1.2178E+01   
 1.7403E+02    5.8464E+01    6.5547E+01    2.3969E+01    1.9976E+01    2.1879E+01    8.5094E+01    6.2933E+01    1.9665E+01    5.1641E+00    2.1482E+01    8.0389E+00    1.2178E+01   
# Time (s)      T1w (C)       T2w (C)       T1a (C)       T2a (C)       T1r (C)       T2r (C)       T3r (C)       T4r (C)       P1 (bar)      P2 (bar)      Ic (amp)      Qc (l/min)    
 1.7453E+02    5.8457E+01    6.5547E+01    2.3969E+01    1.9962E+01    2.1887E+01    8.5094E+01    6.2933E+01    1.9671E+01    5.1641E+00    2.1584E+01    8.0442E+00    1.2213E+01   
 1.7503E+02    5.8493E+01    6.5558E+01    2.4047E+01    2.0040E+01    2.1894E+01    8.5092E+01    6.2940E+01    1.9678E+01    5.1845E+00    2.1767E+01    8.3296E+00    1.2230E+01   
 1.7563E+02    5.8494E+01    6.5575E+01    2.4134E+01    2.0065E+01    2.1881E+01    8.5079E+01    6.2974E+01    1.9718E+01    5.1641E+00    2.1625E+01    8.2609E+00    1.2247E+01   
 1.7613E+02    5.8501E+01    6.5584E+01    2.4239E+01    2.0016E+01    2.1865E+01    8.5080E+01    6.2947E+01    1.9702E+01    5.1845E+00    2.1584E+01    8.0231E+00    1.2213E+01   
 1.7663E+02    5.8501E+01    6.5580E+01    2.4304E+01    2.0016E+01    2.1849E+01    8.5083E+01    6.2953E+01    1.9712E+01    5.1641E+00    2.1461E+01    8.1552E+00    1.2213E+01   
 1.7713E+02    5.8499E+01    6.5584E+01    2.4244E+01    1.9998E+01    2.1827E+01    8.5054E+01    6.2969E+01    1.9744E+01    5.1641E+00    2.1747E+01    8.0231E+00    1.2195E+01   
 1.7774E+02    5.8501E+01    6.5596E+01    2.4296E+01    2.0057E+01    2.1810E+01    8.5054E+01    6.2969E+01    1.9765E+01    5.1641E+00    2.1563E+01    8.2133E+00    1.2230E+01   
 1.7824E+02    5.8527E+01    6.5611E+01    2.4312E+01    2.0089E+01    2.1770E+01    8.5048E+01    6.2981E+01    1.9799E+01    5.1437E+00    2.1441E+01    8.0495E+00    1.2230E+01   
 1.7874E+02    5.8528E+01    6.5613E+01    2.4305E+01    2.0196E+01    2.1702E+01    8.5060E+01    6.2987E+01    1.9855E+01    5.1437E+00    2.1625E+01    8.2450E+00    1.2178E+01   
 1.7925E+02    5.8528E+01    6.5622E+01    2.4294E+01    2.0196E+01    2.1687E+01    8.5060E+01    6.3002E+01    1.9839E+01    5.1641E+00    2.1563E+01    8.0072E+00    1.2247E+01   
 1.7985E+02    5.8524E+01    6.5611E+01    2.4305E+01    2.0203E+01    2.1532E+01    8.5075E+01    6.2998E+01    1.9880E+01    5.1437E+00    2.1604E+01    8.3085E+00    1.2161E+01   
 1.8035E+02    5.8536E+01    6.5616E+01    2.4379E+01    2.0241E+01    2.1234E+01    8.5100E+01    6.3024E+01    1.9915E+01    5.2049E+00    2.1747E+01    8.1605E+00    1.2195E+01   
 1.8085E+02    5.8526E+01    6.5637E+01    2.4379E+01    2.0289E+01    2.0817E+01    8.5100E+01    6.3024E+01    1.9958E+01    5.2049E+00    2.1604E+01    8.0231E+00    1.2213E+01   
 1.8135E+02    5.8536E+01    6.5651E+01    2.4428E+01    2.0314E+01    2.0473E+01    8.5122E+01    6.3040E+01    1.9966E+01    5.1641E+00    2.1584E+01    8.3138E+00    1.2230E+01   
 1.8199E+02    5.8553E+01    6.5638E+01    2.4504E+01    2.0279E+01    2.0203E+01    8.5146E+01    6.3058E+01    2.0003E+01    5.2049E+00    2.1767E+01    8.3402E+00    1.2195E+01   
 1.8249E+02    5.8556E+01    6.5649E+01    2.4486E+01    2.0320E+01    1.9969E+01    8.5149E+01    6.3040E+01    2.0011E+01    5.2252E+00    2.1625E+01    8.2926E+00    1.2195E+01   
 1.8299E+02    5.8556E+01    6.5639E+01    2.4447E+01    2.0320E+01    1.9969E+01    8.5134E+01    6.3034E+01    2.0011E+01    5.1845E+00    2.1604E+01    8.0283E+00    1.2178E+01   
 1.8349E+02    5.8564E+01    6.5651E+01    2.4454E+01    2.0344E+01    1.9770E+01    8.5103E+01    6.3040E+01    2.0023E+01    5.1845E+00    2.1686E+01    8.0495E+00    1.2178E+01   
 1.8410E+02    5.8562E+01    6.5666E+01    2.4499E+01    2.0334E+01    1.9587E+01    8.5091E+01    6.3006E+01    2.0029E+01    5.1845E+00    2.1584E+01    8.3560E+00    1.2178E+01   
 1.8460E+02    5.8558E+01    6.5669E+01    2.4499E+01    2.0370E+01    1.9410E+01    8.5091E+01    6.3006E+01    1.9992E+01    5.2049E+00    2.1767E+01    8.2133E+00    1.2178E+01   
 1.8510E+02    5.8571E+01    6.5669E+01    2.4466E+01    2.0329E+01    1.9260E+01    8.5073E+01    6.2957E+01    1.9975E+01    5.1845E+00    2.1869E+01    8.3666E+00    1.2178E+01   
 1.8560E+02    5.8575E+01    6.5686E+01    2.4415E+01    2.0406E+01    1.9260E+01    8.5041E+01    6.2920E+01    1.9975E+01    5.1845E+00    2.1767E+01    8.3402E+00    1.2195E+01   
 1.8622E+02    5.8582E+01    6.5718E+01    2.4465E+01    2.0371E+01    1.9105E+01    8.5013E+01    6.2867E+01    1.9953E+01    5.1641E+00    2.1645E+01    8.1076E+00    1.2178E+01   
 1.8672E+02    5.8582E+01    6.5738E+01    2.4401E+01    2.0371E+01    1.8967E+01    8.4984E+01    6.2830E+01    1.9924E+01    5.1437E+00    2.1645E+01    8.1499E+00    1.2213E+01   
 1.8722E+02    5.8565E+01    6.5776E+01    2.4433E+01    2.0336E+01    1.8826E+01    8.4984E+01    6.2808E+01    1.9862E+01    5.1641E+00    2.1828E+01    8.0706E+00    1.2178E+01   
 1.8772E+02    5.8556E+01    6.5780E+01    2.4433E+01    2.0332E+01    1.8721E+01    8.4956E+01    6.2808E+01    1.9823E+01    5.1641E+00    2.1828E+01    8.2028E+00    1.2161E+01   
 1.8835E+02    5.8556E+01    6.5780E+01    2.4360E+01    2.0309E+01    1.8589E+01    8.4904E+01    6.2741E+01    1.9768E+01    5.1234E+00    2.1930E+01    8.2292E+00    1.2195E+01   
 1.8885E+02    5.8577E+01    6.5813E+01    2.4328E+01    2.0284E+01    1.8503E+01    8.4878E+01    6.2648E+01    1.9722E+01    5.1234E+00    2.1706E+01    8.0971E+00    1.2178E+01   
 1.8935E+02    5.8562E+01    6.5828E+01    2.4267E+01    2.0280E+01    1.8503E+01    8.4851E+01    6.2614E+01    1.9722E+01    5.1234E+00    2.1971E+01    8.0601E+00    1.2195E+01   
 1.8985E+02    5.8562E+01    6.5854E+01    2.4239E+01    2.0280E+01    1.8411E+01    8.4870E+01    6.2543E+01    1.9664E+01    5.1234E+00    2.1808E+01    8.0601E+00    1.2213E+01   
# Time (s)      T1w (C)       T2w (C)       T1a (C)       T2a (C)       T1r (C)       T2r (C)       T3r (C)       T4r (C)       P1 (bar)      P2 (bar)      Ic (amp)      Qc (l/min)    
 1.9048E+02    5.8573E+01    6.5862E+01    2.4247E+01    2.0278E+01    1.8302E+01    8.4892E+01    6.2481E+01    1.9640E+01    5.1234E+00    2.1747E+01    8.3878E+00    1.2230E+01   
 1.9098E+02    5.8574E+01    6.5866E+01    2.4254E+01    2.0143E+01    1.8221E+01    8.4923E+01    6.2413E+01    1.9587E+01    5.1030E+00    2.1726E+01    8.2450E+00    1.2213E+01   
 1.9148E+02    5.8559E+01    6.5866E+01    2.4254E+01    2.0243E+01    1.8130E+01    8.4923E+01    6.2413E+01    1.9557E+01    5.1030E+00    2.1828E+01    8.2662E+00    1.2195E+01   
 1.9199E+02    5.8586E+01    6.5900E+01    2.4263E+01    2.0240E+01    1.8041E+01    8.4931E+01    6.2361E+01    1.9508E+01    5.1030E+00    2.1849E+01    8.1182E+00    1.2230E+01   
 1.9259E+02    5.8587E+01    6.5901E+01    2.4285E+01    2.0175E+01    1.7954E+01    8.4933E+01    6.2292E+01    1.9462E+01    5.1030E+00    2.1747E+01    8.1023E+00    1.2247E+01   
 1.9309E+02    5.8587E+01    6.5910E+01    2.4309E+01    2.0175E+01    1.7954E+01    8.4956E+01    6.2220E+01    1.9446E+01    5.1030E+00    2.1951E+01    8.3666E+00    1.2230E+01   
 1.9359E+02    5.8592E+01    6.5909E+01    2.4337E+01    2.0234E+01    1.7882E+01    8.4936E+01    6.2119E+01    1.9379E+01    5.1030E+00    2.1910E+01    8.0706E+00    1.2195E+01   
 1.9409E+02    5.8592E+01    6.5922E+01    2.4292E+01    2.0167E+01    1.7818E+01    8.4936E+01    6.2046E+01    1.9338E+01    5.1030E+00    2.2032E+01    8.0865E+00    1.2195E+01   
 1.9475E+02    5.8594E+01    6.5925E+01    2.4314E+01    2.0187E+01    1.7735E+01    8.4938E+01    6.1965E+01    1.9260E+01    5.0623E+00    2.2032E+01    8.2450E+00    1.2213E+01   
 1.9525E+02    5.8605E+01    6.5925E+01    2.4314E+01    2.0168E+01    1.7665E+01    8.4931E+01    6.1965E+01    1.9239E+01    5.0623E+00    2.1828E+01    8.1975E+00    1.2195E+01   
 1.9575E+02    5.8606E+01    6.5924E+01    2.4280E+01    2.0171E+01    1.7597E+01    8.4936E+01    6.1901E+01    1.9181E+01    5.0623E+00    2.1930E+01    8.1341E+00    1.2213E+01   
 1.9625E+02    5.8602E+01    6.5938E+01    2.4357E+01    2.0171E+01    1.7613E+01    8.4984E+01    6.1843E+01    1.9197E+01    5.0419E+00    2.2032E+01    8.0918E+00    1.2247E+01   
 1.9689E+02    5.8617E+01    6.5942E+01    2.4514E+01    2.0062E+01    1.7548E+01    8.5003E+01    6.1788E+01    1.9102E+01    5.0623E+00    2.1910E+01    8.0601E+00    1.2230E+01   
 1.9739E+02    5.8617E+01    6.5963E+01    2.4547E+01    1.9971E+01    1.7493E+01    8.5035E+01    6.1735E+01    1.9118E+01    5.0215E+00    2.1930E+01    8.1711E+00    1.2247E+01   
 1.9789E+02    5.8618E+01    6.5976E+01    2.4517E+01    1.9929E+01    1.7445E+01    8.5035E+01    6.1662E+01    1.9067E+01    5.0419E+00    2.1992E+01    8.0706E+00    1.2195E+01   
 1.9839E+02    5.8621E+01    6.5976E+01    2.4517E+01    1.9922E+01    1.7394E+01    8.5082E+01    6.1677E+01    1.9017E+01    5.0419E+00    2.2114E+01    8.2979E+00    1.2213E+01   
 1.9902E+02    5.8619E+01    6.5974E+01    2.4546E+01    1.9881E+01    1.7351E+01    8.5095E+01    6.1599E+01    1.8960E+01    5.0215E+00    2.1849E+01    8.0865E+00    1.2195E+01   
 1.9952E+02    5.8619E+01    6.5975E+01    2.4592E+01    1.9828E+01    1.7291E+01    8.5079E+01    6.1531E+01    1.8888E+01    5.0011E+00    2.1971E+01    8.1711E+00    1.2230E+01   
 2.0002E+02    5.8618E+01    6.5975E+01    2.4627E+01    1.9828E+01    1.7291E+01    8.5069E+01    6.1474E+01    1.8888E+01    5.0215E+00    2.2094E+01    8.1288E+00    1.2264E+01   
 2.0052E+02    5.8618E+01    6.5992E+01    2.4657E+01    1.9813E+01    1.7248E+01    8.5063E+01    6.1388E+01    1.8804E+01    5.0215E+00    2.1930E+01    8.1341E+00    1.2213E+01   
 2.0112E+02    5.8633E+01    6.5992E+01    2.4690E+01    1.9800E+01    1.7198E+01    8.5090E+01    6.1303E+01    1.8725E+01    5.0215E+00    2.1808E+01    8.3613E+00    1.2213E+01   
 2.0162E+02    5.8622E+01    6.6002E+01    2.4690E+01    1.9634E+01    1.7155E+01    8.5090E+01    6.1303E+01    1.8657E+01    5.0011E+00    2.1849E+01    8.0759E+00    1.2213E+01   
 2.0212E+02    5.8607E+01    6.6002E+01    2.4674E+01    1.9661E+01    1.7120E+01    8.5111E+01    6.1222E+01    1.8597E+01    5.0011E+00    2.2114E+01    8.2768E+00    1.2195E+01   
 2.0262E+02    5.8629E+01    6.6011E+01    2.4710E+01    1.9638E+01    1.7120E+01    8.5133E+01    6.1162E+01    1.8538E+01    5.0011E+00    2.2053E+01    8.2186E+00    1.2178E+01   
 2.0322E+02    5.8627E+01    6.6011E+01    2.4705E+01    1.9644E+01    1.7078E+01    8.5153E+01    6.1119E+01    1.8508E+01    4.9808E+00    2.1951E+01    8.2556E+00    1.2195E+01   
 2.0372E+02    5.8627E+01    6.6014E+01    2.4676E+01    1.9644E+01    1.7038E+01    8.5193E+01    6.1021E+01    1.8508E+01    4.9808E+00    2.1869E+01    8.2345E+00    1.2195E+01   
 2.0422E+02    5.8624E+01    6.6023E+01    2.4688E+01    1.9616E+01    1.7042E+01    8.5232E+01    6.0977E+01    1.8490E+01    4.9808E+00    2.1930E+01    8.2662E+00    1.2213E+01   
 2.0472E+02    5.8609E+01    6.6013E+01    2.4673E+01    1.9577E+01    1.7034E+01    8.5232E+01    6.0977E+01    1.8440E+01    4.9604E+00    2.2114E+01    8.1076E+00    1.2195E+01   
 2.0532E+02    5.8595E+01    6.5998E+01    2.4627E+01    1.9483E+01    1.7014E+01    8.5261E+01    6.0920E+01    1.8386E+01    4.9604E+00    2.2155E+01    8.0918E+00    1.2247E+01   
 2.0582E+02    5.8610E+01    6.5981E+01    2.4582E+01    1.9471E+01    1.7032E+01    8.5281E+01    6.0853E+01    1.8351E+01    4.9808E+00    2.2175E+01    8.3455E+00    1.2247E+01   
# Time (s)      T1w (C)       T2w (C)       T1a (C)       T2a (C)       T1r (C)       T2r (C)       T3r (C)       T4r (C)       P1 (bar)      P2 (bar)      Ic (amp)      Qc (l/min)    
 2.0632E+02    5.8597E+01    6.5987E+01    2.4572E+01    1.9471E+01    1.7048E+01    8.5302E+01    6.0833E+01    1.8367E+01    4.9400E+00    2.2094E+01    8.0706E+00    1.2247E+01   
 2.0683E+02    5.8597E+01    6.5988E+01    2.4586E+01    1.9425E+01    1.7072E+01    8.5349E+01    6.0784E+01    1.8292E+01    4.9196E+00    2.1971E+01    8.0495E+00    1.2213E+01   
 2.0746E+02    5.8603E+01    6.5985E+01    2.4596E+01    1.9496E+01    1.7139E+01    8.5385E+01    6.0761E+01    1.8283E+01    4.9196E+00    2.2053E+01    8.3719E+00    1.2264E+01   
 2.0796E+02    5.8607E+01    6.5978E+01    2.4619E+01    1.9338E+01    1.7180E+01    8.5385E+01    6.0713E+01    1.8240E+01    4.9400E+00    2.1971E+01    8.2239E+00    1.2247E+01   
 2.0846E+02    5.8632E+01    6.5992E+01    2.4634E+01    1.9313E+01    1.7229E+01    8.5380E+01    6.0698E+01    1.8191E+01    4.8993E+00    2.1930E+01    8.3190E+00    1.2213E+01   
 2.0896E+02    5.8638E+01    6.5995E+01    2.4604E+01    1.9360E+01    1.7308E+01    8.5388E+01    6.0679E+01    1.8140E+01    4.9196E+00    2.2032E+01    8.3296E+00    1.2230E+01   
 2.0958E+02    5.8650E+01    6.6003E+01    2.4609E+01    1.9375E+01    1.7397E+01    8.5420E+01    6.0694E+01    1.8091E+01    4.8993E+00    2.1890E+01    8.0759E+00    1.2178E+01   
 2.1008E+02    5.8663E+01    6.5993E+01    2.4621E+01    1.9375E+01    1.7397E+01    8.5449E+01    6.0675E+01    1.8091E+01    4.8993E+00    2.1971E+01    8.2662E+00    1.2213E+01   
 2.1058E+02    5.8649E+01    6.5972E+01    2.4588E+01    1.9368E+01    1.7482E+01    8.5456E+01    6.0637E+01    1.8072E+01    4.8993E+00    2.2032E+01    8.3349E+00    1.2230E+01   
 2.1108E+02    5.8658E+01    6.5982E+01    2.4605E+01    1.9306E+01    1.7561E+01    8.5456E+01    6.0635E+01    1.8025E+01    4.8789E+00    2.1747E+01    8.3190E+00    1.2213E+01   
 2.1173E+02    5.8660E+01    6.5948E+01    2.4603E+01    1.9207E+01    1.7659E+01    8.5466E+01    6.0666E+01    1.8013E+01    4.8789E+00    2.1869E+01    8.0072E+00    1.2230E+01   
 2.1223E+02    5.8672E+01    6.5948E+01    2.4603E+01    1.9161E+01    1.7748E+01    8.5475E+01    6.0666E+01    1.7991E+01    4.8789E+00    2.1747E+01    8.1393E+00    1.2230E+01   
 2.1273E+02    5.8675E+01    6.5933E+01    2.4544E+01    1.9232E+01    1.7868E+01    8.5496E+01    6.0679E+01    1.8005E+01    4.8585E+00    2.1767E+01    8.2345E+00    1.2213E+01   
 2.1323E+02    5.8674E+01    6.5929E+01    2.4592E+01    1.9232E+01    1.7868E+01    8.5523E+01    6.0707E+01    1.8005E+01    4.8789E+00    2.1706E+01    8.2450E+00    1.2230E+01   
 2.1386E+02    5.8672E+01    6.5896E+01    2.4500E+01    1.9158E+01    1.7971E+01    8.5527E+01    6.0733E+01    1.7989E+01    4.8789E+00    2.1767E+01    8.2345E+00    1.2247E+01   
 2.1437E+02    5.8686E+01    6.5898E+01    2.4570E+01    1.9109E+01    1.8066E+01    8.5534E+01    6.0763E+01    1.7984E+01    4.8789E+00    2.1625E+01    8.2662E+00    1.2247E+01   
 2.1487E+02    5.8688E+01    6.5890E+01    2.4521E+01    1.9082E+01    1.8181E+01    8.5534E+01    6.0784E+01    1.7971E+01    4.8789E+00    2.1890E+01    8.0865E+00    1.2230E+01   
 2.1537E+02    5.8694E+01    6.5876E+01    2.4505E+01    1.9139E+01    1.8272E+01    8.5535E+01    6.0784E+01    1.7973E+01    4.8789E+00    2.1747E+01    8.1341E+00    1.2213E+01   
 2.1598E+02    5.8678E+01    6.5861E+01    2.4528E+01    1.9093E+01    1.8377E+01    8.5548E+01    6.0840E+01    1.7985E+01    4.8789E+00    2.1726E+01    7.9702E+00    1.2195E+01   
 2.1649E+02    5.8673E+01    6.5827E+01    2.4474E+01    1.9115E+01    1.8477E+01    8.5531E+01    6.0900E+01    1.7986E+01    4.8789E+00    2.1910E+01    8.1393E+00    1.2161E+01   
 2.1699E+02    5.8691E+01    6.5807E+01    2.4424E+01    1.9115E+01    1.8477E+01    8.5540E+01    6.0965E+01    1.7986E+01    4.8789E+00    2.1604E+01    7.9913E+00    1.2230E+01   
 2.1749E+02    5.8691E+01    6.5797E+01    2.4359E+01    1.9169E+01    1.8580E+01    8.5532E+01    6.1031E+01    1.7974E+01    4.8789E+00    2.1869E+01    7.9755E+00    1.2195E+01   
 2.1809E+02    5.8681E+01    6.5783E+01    2.4321E+01    1.9112E+01    1.8684E+01    8.5543E+01    6.1117E+01    1.7981E+01    4.8789E+00    2.1604E+01    8.2820E+00    1.2247E+01   
 2.1859E+02    5.8675E+01    6.5788E+01    2.4321E+01    1.9104E+01    1.8763E+01    8.5530E+01    6.1102E+01    1.7996E+01    4.8789E+00    2.1584E+01    8.1763E+00    1.2161E+01   
 2.1909E+02    5.8697E+01    6.5788E+01    2.4305E+01    1.9127E+01    1.8859E+01    8.5532E+01    6.1175E+01    1.8006E+01    4.8993E+00    2.1645E+01    8.2028E+00    1.2178E+01   
 2.1959E+02    5.8710E+01    6.5790E+01    2.4340E+01    1.9155E+01    1.8859E+01    8.5536E+01    6.1229E+01    1.8033E+01    4.8993E+00    2.1808E+01    7.9755E+00    1.2264E+01   
 2.2023E+02    5.8716E+01    6.5779E+01    2.4374E+01    1.9208E+01    1.8969E+01    8.5520E+01    6.1305E+01    1.8059E+01    4.8993E+00    2.1604E+01    8.2609E+00    1.2178E+01   
 2.2073E+02    5.8725E+01    6.5759E+01    2.4348E+01    1.9208E+01    1.9049E+01    8.5482E+01    6.1354E+01    1.8043E+01    4.8789E+00    2.1523E+01    7.9755E+00    1.2161E+01   
 2.2123E+02    5.8725E+01    6.5766E+01    2.4392E+01    1.9291E+01    1.9134E+01    8.5456E+01    6.1432E+01    1.8077E+01    4.8789E+00    2.1625E+01    7.9861E+00    1.2195E+01   
 2.2173E+02    5.8712E+01    6.5757E+01    2.4392E+01    1.9254E+01    1.9231E+01    8.5442E+01    6.1417E+01    1.8105E+01    4.8993E+00    2.1604E+01    8.0971E+00    1.2213E+01   
# Time (s)      T1w (C)       T2w (C)       T1a (C)       T2a (C)       T1r (C)       T2r (C)       T3r (C)       T4r (C)       P1 (bar)      P2 (bar)      Ic (amp)      Qc (l/min)    
 2.2236E+02    5.8717E+01    6.5771E+01    2.4363E+01    1.9258E+01    1.9312E+01    8.5412E+01    6.1497E+01    1.8134E+01    4.9196E+00    2.1788E+01    8.0812E+00    1.2195E+01   
 2.2286E+02    5.8709E+01    6.5757E+01    2.4341E+01    1.9180E+01    1.9399E+01    8.5391E+01    6.1575E+01    1.8169E+01    4.8993E+00    2.1726E+01    8.1711E+00    1.2230E+01   
 2.2336E+02    5.8708E+01    6.5729E+01    2.4360E+01    1.9336E+01    1.9383E+01    8.5352E+01    6.1646E+01    1.8192E+01    4.9196E+00    2.1706E+01    7.9755E+00    1.2247E+01   
 2.2386E+02    5.8708E+01    6.5730E+01    2.4356E+01    1.9336E+01    1.9478E+01    8.5308E+01    6.1693E+01    1.8192E+01    4.9196E+00    2.1563E+01    7.9861E+00    1.2247E+01   
 2.2449E+02    5.8731E+01    6.5737E+01    2.4284E+01    1.9395E+01    1.9564E+01    8.5320E+01    6.1772E+01    1.8210E+01    4.8993E+00    2.1849E+01    8.3032E+00    1.2195E+01   
 2.2499E+02    5.8742E+01    6.5739E+01    2.4262E+01    1.9409E+01    1.9641E+01    8.5312E+01    6.1853E+01    1.8236E+01    4.9196E+00    2.1828E+01    7.9913E+00    1.2195E+01   
 2.2549E+02    5.8766E+01    6.5770E+01    2.4277E+01    1.9325E+01    1.9745E+01    8.5312E+01    6.1853E+01    1.8254E+01    4.8993E+00    2.1788E+01    8.0283E+00    1.2195E+01   
 2.2599E+02    5.8762E+01    6.5770E+01    2.4336E+01    1.9331E+01    1.9832E+01    8.5312E+01    6.1922E+01    1.8262E+01    4.9196E+00    2.1869E+01    8.0601E+00    1.2195E+01   
 2.2661E+02    5.8767E+01    6.5770E+01    2.4308E+01    1.9355E+01    1.9923E+01    8.5273E+01    6.1996E+01    1.8307E+01    4.9196E+00    2.1645E+01    8.0283E+00    1.2195E+01   
 2.2711E+02    5.8780E+01    6.5748E+01    2.4309E+01    1.9430E+01    1.9923E+01    8.5246E+01    6.2068E+01    1.8317E+01    4.9196E+00    2.1604E+01    7.9755E+00    1.2213E+01   
 2.2761E+02    5.8766E+01    6.5737E+01    2.4311E+01    1.9415E+01    1.9982E+01    8.5228E+01    6.2151E+01    1.8317E+01    4.9196E+00    2.1645E+01    7.9808E+00    1.2178E+01   
 2.2811E+02    5.8754E+01    6.5737E+01    2.4298E+01    1.9445E+01    2.0063E+01    8.5228E+01    6.2180E+01    1.8341E+01    4.9196E+00    2.1686E+01    8.1446E+00    1.2178E+01   
 2.2875E+02    5.8767E+01    6.5731E+01    2.4233E+01    1.9518E+01    2.0125E+01    8.5215E+01    6.2228E+01    1.8348E+01    4.9196E+00    2.1584E+01    8.2820E+00    1.2161E+01   
 2.2925E+02    5.8751E+01    6.5736E+01    2.4233E+01    1.9497E+01    2.0196E+01    8.5215E+01    6.2228E+01    1.8356E+01    4.9604E+00    2.1788E+01    8.0072E+00    1.2178E+01   
 2.2975E+02    5.8759E+01    6.5736E+01    2.4289E+01    1.9513E+01    2.0270E+01    8.5245E+01    6.2266E+01    1.8396E+01    4.9604E+00    2.1625E+01    8.0812E+00    1.2195E+01   
 2.3025E+02    5.8761E+01    6.5726E+01    2.4309E+01    1.9513E+01    2.0270E+01    8.5255E+01    6.2320E+01    1.8411E+01    4.9604E+00    2.1502E+01    8.0283E+00    1.2195E+01   
 2.3091E+02    5.8778E+01    6.5755E+01    2.4337E+01    1.9515E+01    2.0331E+01    8.5250E+01    6.2356E+01    1.8450E+01    4.9808E+00    2.1706E+01    8.2662E+00    1.2195E+01   
 2.3141E+02    5.8778E+01    6.5741E+01    2.4339E+01    1.9515E+01    2.0423E+01    8.5258E+01    6.2432E+01    1.8450E+01    4.9808E+00    2.1625E+01    8.0231E+00    1.2178E+01   
 2.3191E+02    5.8798E+01    6.5746E+01    2.4260E+01    1.9475E+01    2.0482E+01    8.5324E+01    6.2487E+01    1.8488E+01    4.9604E+00    2.1625E+01    8.0971E+00    1.2195E+01   
 2.3241E+02    5.8811E+01    6.5748E+01    2.4260E+01    1.9462E+01    2.0543E+01    8.5324E+01    6.2487E+01    1.8517E+01    4.9808E+00    2.1604E+01    7.9966E+00    1.2161E+01   
 2.3300E+02    5.8824E+01    6.5769E+01    2.4214E+01    1.9544E+01    2.0624E+01    8.5307E+01    6.2548E+01    1.8545E+01    4.9808E+00    2.1665E+01    8.0072E+00    1.2195E+01   
 2.3350E+02    5.8837E+01    6.5769E+01    2.4242E+01    1.9494E+01    2.0665E+01    8.5278E+01    6.2590E+01    1.8587E+01    5.0011E+00    2.1828E+01    8.0072E+00    1.2161E+01   
 2.3400E+02    5.8829E+01    6.5779E+01    2.4384E+01    1.9494E+01    2.0665E+01    8.5264E+01    6.2628E+01    1.8587E+01    5.0215E+00    2.1625E+01    8.0072E+00    1.2161E+01   
 2.3450E+02    5.8815E+01    6.5764E+01    2.4472E+01    1.9549E+01    2.0735E+01    8.5263E+01    6.2688E+01    1.8614E+01    5.0011E+00    2.1584E+01    8.2292E+00    1.2161E+01   
 2.3507E+02    5.8817E+01    6.5778E+01    2.4598E+01    1.9409E+01    2.0804E+01    8.5263E+01    6.2733E+01    1.8659E+01    5.0011E+00    2.1584E+01    8.0283E+00    1.2195E+01   
 2.3557E+02    5.8833E+01    6.5786E+01    2.4598E+01    1.9521E+01    2.0836E+01    8.5250E+01    6.2719E+01    1.8686E+01    5.0215E+00    2.1808E+01    8.0495E+00    1.2213E+01   
 2.3607E+02    5.8837E+01    6.5786E+01    2.4421E+01    1.9555E+01    2.0903E+01    8.5217E+01    6.2765E+01    1.8727E+01    5.0215E+00    2.1686E+01    8.0601E+00    1.2195E+01   
 2.3657E+02    5.8851E+01    6.5796E+01    2.4220E+01    1.9567E+01    2.0903E+01    8.5176E+01    6.2795E+01    1.8769E+01    5.0419E+00    2.1890E+01    8.0389E+00    1.2213E+01   
 2.3722E+02    5.8841E+01    6.5807E+01    2.4094E+01    1.9496E+01    2.0946E+01    8.5182E+01    6.2810E+01    1.8819E+01    5.0419E+00    2.1604E+01    8.0548E+00    1.2247E+01   
 2.3772E+02    5.8842E+01    6.5799E+01    2.3979E+01    1.9496E+01    2.0994E+01    8.5156E+01    6.2827E+01    1.8819E+01    5.0419E+00    2.1604E+01    8.2556E+00    1.2247E+01   
# Time (s)      T1w (C)       T2w (C)       T1a (C)       T2a (C)       T1r (C)       T2r (C)       T3r (C)       T4r (C)       P1 (bar)      P2 (bar)      Ic (amp)      Qc (l/min)    
 2.3822E+02    5.8842E+01    6.5811E+01    2.3983E+01    1.9509E+01    2.1052E+01    8.5152E+01    6.2828E+01    1.8841E+01    5.0419E+00    2.1828E+01    8.0283E+00    1.2247E+01   
 2.3872E+02    5.8870E+01    6.5830E+01    2.3999E+01    1.9527E+01    2.1101E+01    8.5152E+01    6.2862E+01    1.8894E+01    5.0419E+00    2.1808E+01    8.1816E+00    1.2178E+01   
 2.3936E+02    5.8863E+01    6.5847E+01    2.4012E+01    1.9614E+01    2.1146E+01    8.5126E+01    6.2906E+01    1.8934E+01    5.0419E+00    2.1706E+01    8.0283E+00    1.2195E+01   
 2.3986E+02    5.8865E+01    6.5847E+01    2.4026E+01    1.9718E+01    2.1202E+01    8.5144E+01    6.2921E+01    1.8957E+01    5.0623E+00    2.1828E+01    8.1922E+00    1.2230E+01   
 2.4037E+02    5.8863E+01    6.5856E+01    2.4035E+01    1.9664E+01    2.1202E+01    8.5162E+01    6.2951E+01    1.9005E+01    5.0623E+00    2.1890E+01    8.1341E+00    1.2195E+01   
 2.4087E+02    5.8874E+01    6.5875E+01    2.4022E+01    1.9664E+01    2.1254E+01    8.5157E+01    6.2957E+01    1.9005E+01    5.0826E+00    2.1686E+01    8.0759E+00    1.2213E+01   
 2.4148E+02    5.8869E+01    6.5867E+01    2.4045E+01    1.9645E+01    2.1298E+01    8.5161E+01    6.2948E+01    1.9052E+01    5.0826E+00    2.1706E+01    8.2556E+00    1.2195E+01   
 2.4198E+02    5.8869E+01    6.5878E+01    2.4091E+01    1.9737E+01    2.1332E+01    8.5161E+01    6.2942E+01    1.9058E+01    5.1234E+00    2.1788E+01    8.0601E+00    1.2230E+01   
 2.4248E+02    5.8877E+01    6.5871E+01    2.4091E+01    1.9758E+01    2.1359E+01    8.5161E+01    6.2942E+01    1.9091E+01    5.0826E+00    2.1686E+01    8.1076E+00    1.2264E+01   
 2.4298E+02    5.8886E+01    6.5871E+01    2.4022E+01    1.9730E+01    2.1400E+01    8.5186E+01    6.2978E+01    1.9118E+01    5.1030E+00    2.1645E+01    8.1816E+00    1.2247E+01   
 2.4364E+02    5.8879E+01    6.5882E+01    2.4025E+01    1.9701E+01    2.1429E+01    8.5208E+01    6.3016E+01    1.9176E+01    5.1234E+00    2.1726E+01    8.0336E+00    1.2213E+01   
 2.4414E+02    5.8892E+01    6.5900E+01    2.3979E+01    1.9695E+01    2.1429E+01    8.5264E+01    6.3012E+01    1.9214E+01    5.1030E+00    2.1604E+01    8.0442E+00    1.2195E+01   
 2.4464E+02    5.8892E+01    6.5905E+01    2.3987E+01    1.9695E+01    2.1469E+01    8.5291E+01    6.3036E+01    1.9214E+01    5.1234E+00    2.1767E+01    8.1605E+00    1.2247E+01   
 2.4515E+02    5.8892E+01    6.5898E+01    2.4015E+01    1.9790E+01    2.1500E+01    8.5317E+01    6.3061E+01    1.9254E+01    5.1234E+00    2.1604E+01    8.1235E+00    1.2213E+01   
 2.4578E+02    5.8880E+01    6.5902E+01    2.3952E+01    1.9821E+01    2.1540E+01    8.5334E+01    6.3087E+01    1.9304E+01    5.1234E+00    2.1665E+01    8.0653E+00    1.2230E+01   
 2.4628E+02    5.8896E+01    6.5910E+01    2.3952E+01    1.9872E+01    2.1568E+01    8.5334E+01    6.3104E+01    1.9333E+01    5.1437E+00    2.1910E+01    8.3190E+00    1.2195E+01   
 2.4678E+02    5.8891E+01    6.5910E+01    2.3834E+01    1.9799E+01    2.1606E+01    8.5334E+01    6.3104E+01    1.9357E+01    5.1234E+00    2.1767E+01    8.3190E+00    1.2161E+01   
 2.4729E+02    5.8900E+01    6.5910E+01    2.3832E+01    1.9781E+01    2.1606E+01    8.5336E+01    6.3142E+01    1.9383E+01    5.1437E+00    2.1828E+01    8.3613E+00    1.2178E+01   
 2.4789E+02    5.8904E+01    6.5927E+01    2.3837E+01    1.9788E+01    2.1614E+01    8.5329E+01    6.3143E+01    1.9401E+01    5.1437E+00    2.1747E+01    8.2979E+00    1.2143E+01   
 2.4839E+02    5.8902E+01    6.5926E+01    2.3821E+01    1.9788E+01    2.1642E+01    8.5351E+01    6.3140E+01    1.9401E+01    5.1641E+00    2.1808E+01    8.2662E+00    1.2213E+01   
 2.4889E+02    5.8902E+01    6.5940E+01    2.3904E+01    1.9780E+01    2.1654E+01    8.5337E+01    6.3137E+01    1.9396E+01    5.1437E+00    2.1788E+01    8.0495E+00    1.2178E+01   
 2.4939E+02    5.8923E+01    6.5945E+01    2.3904E+01    1.9877E+01    2.1672E+01    8.5343E+01    6.3137E+01    1.9413E+01    5.1641E+00    2.1645E+01    8.0548E+00    1.2195E+01   
 2.5001E+02    5.8912E+01    6.5947E+01    2.3877E+01    1.9869E+01    2.1671E+01    8.5339E+01    6.3172E+01    1.9434E+01    5.1437E+00    2.1788E+01    8.0548E+00    1.2230E+01   
 2.5051E+02    5.8913E+01    6.5947E+01    2.3894E+01    1.9913E+01    2.1696E+01    8.5360E+01    6.3172E+01    1.9442E+01    5.1845E+00    2.1930E+01    8.0812E+00    1.2195E+01   
 2.5101E+02    5.8922E+01    6.5963E+01    2.3895E+01    1.9956E+01    2.1680E+01    8.5378E+01    6.3152E+01    1.9436E+01    5.1437E+00    2.1828E+01    8.1129E+00    1.2178E+01   
 2.5152E+02    5.8903E+01    6.5961E+01    2.3892E+01    1.9956E+01    2.1704E+01    8.5415E+01    6.3174E+01    1.9436E+01    5.1641E+00    2.1665E+01    8.3402E+00    1.2178E+01   
 2.5218E+02    5.8911E+01    6.5969E+01    2.3897E+01    1.9899E+01    2.1754E+01    8.5443E+01    6.3190E+01    1.9494E+01    5.2049E+00    2.1767E+01    8.1446E+00    1.2230E+01   
 2.5268E+02    5.8911E+01    6.5979E+01    2.3899E+01    1.9900E+01    2.1760E+01    8.5474E+01    6.3224E+01    1.9538E+01    5.1845E+00    2.1726E+01    8.3296E+00    1.2230E+01   
 2.5318E+02    5.8904E+01    6.5974E+01    2.3899E+01    1.9911E+01    2.1767E+01    8.5474E+01    6.3242E+01    1.9548E+01    5.1845E+00    2.1951E+01    8.3085E+00    1.2213E+01   
 2.5368E+02    5.8930E+01    6.5988E+01    2.4145E+01    1.9981E+01    2.1790E+01    8.5499E+01    6.3257E+01    1.9584E+01    5.1845E+00    2.1971E+01    8.0812E+00    1.2247E+01   
# Time (s)      T1w (C)       T2w (C)       T1a (C)       T2a (C)       T1r (C)       T2r (C)       T3r (C)       T4r (C)       P1 (bar)      P2 (bar)      Ic (amp)      Qc (l/min)    
 2.5430E+02    5.8930E+01    6.5993E+01    2.4252E+01    2.0067E+01    2.1798E+01    8.5492E+01    6.3239E+01    1.9616E+01    5.2049E+00    2.1747E+01    8.3508E+00    1.2178E+01   
 2.5480E+02    5.8913E+01    6.6006E+01    2.4332E+01    2.0063E+01    2.1813E+01    8.5511E+01    6.3278E+01    1.9660E+01    5.1845E+00    2.1971E+01    8.0812E+00    1.2195E+01   
 2.5530E+02    5.8930E+01    6.6008E+01    2.4363E+01    2.0063E+01    2.1812E+01    8.5514E+01    6.3285E+01    1.9660E+01    5.1845E+00    2.2032E+01    8.2239E+00    1.2195E+01   
 2.5580E+02    5.8930E+01    6.6022E+01    2.4263E+01    2.0030E+01    2.1801E+01    8.5514E+01    6.3293E+01    1.9686E+01    5.1641E+00    2.1890E+01    8.2028E+00    1.2213E+01   
 2.5642E+02    5.8924E+01    6.6019E+01    2.4275E+01    2.0066E+01    2.1763E+01    8.5509E+01    6.3343E+01    1.9716E+01    5.1641E+00    2.1930E+01    8.3878E+00    1.2178E+01   
 2.5692E+02    5.8921E+01    6.6021E+01    2.4275E+01    2.0080E+01    2.1705E+01    8.5526E+01    6.3343E+01    1.9731E+01    5.1437E+00    2.1951E+01    8.2028E+00    1.2195E+01   
 2.5742E+02    5.8936E+01    6.6021E+01    2.4251E+01    2.0135E+01    2.1626E+01    8.5541E+01    6.3356E+01    1.9770E+01    5.1641E+00    2.1665E+01    8.0601E+00    1.2161E+01   
 2.5792E+02    5.8913E+01    6.6018E+01    2.4214E+01    2.0119E+01    2.1626E+01    8.5554E+01    6.3368E+01    1.9830E+01    5.1845E+00    2.1686E+01    8.3349E+00    1.2178E+01   
 2.5857E+02    5.8917E+01    6.6024E+01    2.4180E+01    2.0140E+01    2.1465E+01    8.5562E+01    6.3365E+01    1.9870E+01    5.1845E+00    2.1828E+01    8.3508E+00    1.2195E+01   
 2.5907E+02    5.8926E+01    6.6023E+01    2.4120E+01    2.0140E+01    2.1178E+01    8.5576E+01    6.3409E+01    1.9870E+01    5.2049E+00    2.1992E+01    8.1393E+00    1.2161E+01   
 2.5957E+02    5.8926E+01    6.6017E+01    2.4119E+01    2.0188E+01    2.0770E+01    8.5576E+01    6.3418E+01    1.9960E+01    5.2252E+00    2.1788E+01    8.0706E+00    1.2195E+01   
 2.6007E+02    5.8939E+01    6.6017E+01    2.4119E+01    2.0249E+01    2.0439E+01    8.5550E+01    6.3452E+01    1.9990E+01    5.1845E+00    2.1869E+01    8.2292E+00    1.2195E+01   
 2.6068E+02    5.8930E+01    6.6028E+01    2.4135E+01    2.0291E+01    2.0208E+01    8.5573E+01    6.3461E+01    2.0062E+01    5.1845E+00    2.1767E+01    8.3983E+00    1.2178E+01   
 2.6118E+02    5.8933E+01    6.6028E+01    2.4110E+01    2.0316E+01    2.0208E+01    8.5561E+01    6.3461E+01    2.0088E+01    5.1845E+00    2.1828E+01    8.2292E+00    1.2213E+01   
 2.6168E+02    5.8934E+01    6.6029E+01    2.4026E+01    2.0316E+01    1.9975E+01    8.5577E+01    6.3461E+01    2.0124E+01    5.2049E+00    2.1828E+01    8.1023E+00    1.2161E+01   
 2.6218E+02    5.8920E+01    6.6008E+01    2.4000E+01    2.0216E+01    1.9791E+01    8.5552E+01    6.3492E+01    2.0124E+01    5.1845E+00    2.1747E+01    8.4195E+00    1.2178E+01   
 2.6279E+02    5.8932E+01    6.6028E+01    2.4018E+01    2.0322E+01    1.9623E+01    8.5549E+01    6.3479E+01    2.0127E+01    5.2049E+00    2.1767E+01    8.4300E+00    1.2178E+01   
 2.6329E+02    5.8929E+01    6.6035E+01    2.4018E+01    2.0269E+01    1.9468E+01    8.5549E+01    6.3442E+01    2.0134E+01    5.1845E+00    2.2032E+01    8.1341E+00    1.2195E+01   
 2.6379E+02    5.8942E+01    6.6061E+01    2.3997E+01    2.0257E+01    1.9317E+01    8.5521E+01    6.3442E+01    2.0103E+01    5.2049E+00    2.1890E+01    8.1869E+00    1.2178E+01   
 2.6429E+02    5.8944E+01    6.6061E+01    2.3996E+01    2.0279E+01    1.9317E+01    8.5479E+01    6.3399E+01    2.0074E+01    5.1845E+00    2.1828E+01    8.3772E+00    1.2195E+01   
 2.6487E+02    5.8952E+01    6.6072E+01    2.3959E+01    2.0279E+01    1.9163E+01    8.5467E+01    6.3362E+01    2.0032E+01    5.1845E+00    2.1951E+01    8.1235E+00    1.2178E+01   
 2.6537E+02    5.8955E+01    6.6088E+01    2.3939E+01    2.0282E+01    1.9030E+01    8.5450E+01    6.3318E+01    2.0032E+01    5.1437E+00    2.1910E+01    8.3825E+00    1.2230E+01   
 2.6587E+02    5.8969E+01    6.6114E+01    2.3968E+01    2.0193E+01    1.8901E+01    8.5450E+01    6.3277E+01    1.9989E+01    5.1641E+00    2.1930E+01    8.3666E+00    1.2195E+01   
 2.6637E+02    5.8975E+01    6.6148E+01    2.3968E+01    2.0271E+01    1.8787E+01    8.5427E+01    6.3242E+01    1.9938E+01    5.1641E+00    2.2175E+01    8.3455E+00    1.2178E+01   
 2.6698E+02    5.8992E+01    6.6155E+01    2.3937E+01    2.0171E+01    1.8666E+01    8.5406E+01    6.3242E+01    1.9903E+01    5.1845E+00    2.1971E+01    8.2080E+00    1.2213E+01   
 2.6748E+02    5.8982E+01    6.6155E+01    2.3960E+01    2.0209E+01    1.8666E+01    8.5389E+01    6.3194E+01    1.9844E+01    5.1641E+00    2.1971E+01    8.2186E+00    1.2213E+01   
 2.6798E+02    5.8967E+01    6.6165E+01    2.3957E+01    2.0193E+01    1.8578E+01    8.5390E+01    6.3158E+01    1.9813E+01    5.1437E+00    2.2216E+01    8.3296E+00    1.2195E+01   
 2.6849E+02    5.8967E+01    6.6181E+01    2.4035E+01    2.0261E+01    1.8470E+01    8.5393E+01    6.3097E+01    1.9813E+01    5.1437E+00    2.1971E+01    8.4459E+00    1.2178E+01   
 2.6908E+02    5.8967E+01    6.6193E+01    2.4074E+01    2.0100E+01    1.8400E+01    8.5391E+01    6.3021E+01    1.9800E+01    5.1234E+00    2.2196E+01    8.4617E+00    1.2195E+01   
 2.6958E+02    5.8983E+01    6.6212E+01    2.4074E+01    2.0153E+01    1.8301E+01    8.5391E+01    6.2972E+01    1.9739E+01    5.1234E+00    2.2236E+01    8.4723E+00    1.2161E+01   
# Time (s)      T1w (C)       T2w (C)       T1a (C)       T2a (C)       T1r (C)       T2r (C)       T3r (C)       T4r (C)       P1 (bar)      P2 (bar)      Ic (amp)      Qc (l/min)    
 2.7008E+02    5.8973E+01    6.6227E+01    2.4094E+01    2.0145E+01    1.8232E+01    8.5378E+01    6.2972E+01    1.9685E+01    5.1030E+00    2.1930E+01    8.2715E+00    1.2178E+01   
 2.7058E+02    5.8991E+01    6.6227E+01    2.4078E+01    2.0185E+01    1.8232E+01    8.5394E+01    6.2903E+01    1.9625E+01    5.1030E+00    2.1971E+01    8.3560E+00    1.2230E+01   
 2.7117E+02    5.8985E+01    6.6252E+01    2.4080E+01    2.0185E+01    1.8161E+01    8.5381E+01    6.2827E+01    1.9580E+01    5.0623E+00    2.2114E+01    8.2820E+00    1.2195E+01   
