# Run number  5 on Mon 2026-05-25T12:05:41 BST
# Time (s)      T1w (C)       T2w (C)       T1a (C)       T2a (C)       T1r (C)       T2r (C)       T3r (C)       T4r (C)       P1 (bar)      P2 (bar)      Ic (amp)      Qc (l/min)    
 2.9315E-01    5.4562E+01    6.1783E+01    2.4164E+01    1.9709E+01    2.1393E+01    8.1181E+01    5.9402E+01    1.8952E+01    5.0623E+00    2.0013E+01    7.5897E+00    1.2230E+01   
 9.6324E-01    5.4550E+01    6.1796E+01    2.4241E+01    1.9792E+01    2.1413E+01    8.1176E+01    5.9398E+01    1.8982E+01    5.1030E+00    1.9932E+01    7.7641E+00    1.2195E+01   
 1.4634E+00    5.4550E+01    6.1805E+01    2.4234E+01    1.9732E+01    2.1413E+01    8.1149E+01    5.9407E+01    1.8982E+01    5.0623E+00    1.9932E+01    7.5844E+00    1.2195E+01   
 1.9637E+00    5.4572E+01    6.1805E+01    2.4177E+01    1.9732E+01    2.1436E+01    8.1180E+01    5.9429E+01    1.8997E+01    5.1030E+00    1.9932E+01    7.5897E+00    1.2161E+01   
 2.4640E+00    5.4558E+01    6.1790E+01    2.4140E+01    1.9792E+01    2.1447E+01    8.1167E+01    5.9429E+01    1.8994E+01    5.0826E+00    1.9789E+01    7.8064E+00    1.2178E+01   
 2.9642E+00    5.4566E+01    6.1830E+01    2.4140E+01    1.9772E+01    2.1471E+01    8.1167E+01    5.9444E+01    1.9013E+01    5.1030E+00    1.9850E+01    7.5791E+00    1.2213E+01   
 3.4647E+00    5.4566E+01    6.1827E+01    2.4173E+01    1.9768E+01    2.1492E+01    8.1208E+01    5.9450E+01    1.9045E+01    5.1030E+00    1.9952E+01    7.8539E+00    1.2178E+01   
 3.9649E+00    5.4556E+01    6.1832E+01    2.4219E+01    1.9791E+01    2.1492E+01    8.1217E+01    5.9441E+01    1.9045E+01    5.0826E+00    1.9809E+01    7.5844E+00    1.2195E+01   
 4.4652E+00    5.4564E+01    6.1823E+01    2.4220E+01    1.9776E+01    2.1500E+01    8.1255E+01    5.9462E+01    1.9047E+01    5.1234E+00    1.9870E+01    7.8539E+00    1.2213E+01   
 4.9654E+00    5.4550E+01    6.1823E+01    2.4228E+01    1.9794E+01    2.1511E+01    8.1282E+01    5.9462E+01    1.9079E+01    5.0826E+00    1.9809E+01    7.8592E+00    1.2230E+01   
 5.4657E+00    5.4558E+01    6.1838E+01    2.4228E+01    1.9759E+01    2.1512E+01    8.1268E+01    5.9489E+01    1.9076E+01    5.1030E+00    1.9830E+01    7.8275E+00    1.2195E+01   
 5.9660E+00    5.4558E+01    6.1840E+01    2.4177E+01    1.9783E+01    2.1508E+01    8.1286E+01    5.9504E+01    1.9113E+01    5.1030E+00    1.9911E+01    7.6689E+00    1.2230E+01   
 6.4664E+00    5.4571E+01    6.1852E+01    2.4273E+01    1.9841E+01    2.1508E+01    8.1309E+01    5.9539E+01    1.9113E+01    5.1234E+00    2.0034E+01    7.5949E+00    1.2230E+01   
 6.9667E+00    5.4566E+01    6.1875E+01    2.4425E+01    1.9841E+01    2.1520E+01    8.1307E+01    5.9542E+01    1.9135E+01    5.1030E+00    1.9850E+01    7.6267E+00    1.2195E+01   
 7.4670E+00    5.4579E+01    6.1875E+01    2.4390E+01    1.9870E+01    2.1505E+01    8.1305E+01    5.9542E+01    1.9192E+01    5.1234E+00    1.9870E+01    7.6055E+00    1.2213E+01   
 7.9673E+00    5.4591E+01    6.1876E+01    2.4390E+01    1.9811E+01    2.1499E+01    8.1305E+01    5.9558E+01    1.9206E+01    5.0826E+00    1.9911E+01    7.7588E+00    1.2178E+01   
 8.4676E+00    5.4591E+01    6.1882E+01    2.4318E+01    1.9898E+01    2.1463E+01    8.1318E+01    5.9548E+01    1.9206E+01    5.0826E+00    2.0054E+01    7.7482E+00    1.2213E+01   
 8.9751E+00    5.4601E+01    6.1883E+01    2.4259E+01    1.9847E+01    2.1463E+01    8.1321E+01    5.9537E+01    1.9244E+01    5.0826E+00    1.9911E+01    7.6954E+00    1.2195E+01   
 9.4772E+00    5.4595E+01    6.1903E+01    2.4181E+01    1.9847E+01    2.1431E+01    8.1305E+01    5.9545E+01    1.9266E+01    5.0826E+00    1.9850E+01    7.7324E+00    1.2213E+01   
 9.9803E+00    5.4604E+01    6.1903E+01    2.4156E+01    1.9876E+01    2.1388E+01    8.1327E+01    5.9545E+01    1.9275E+01    5.1234E+00    1.9870E+01    7.7059E+00    1.2213E+01   
 1.0482E+01    5.4604E+01    6.1909E+01    2.4156E+01    1.9908E+01    2.1302E+01    8.1313E+01    5.9561E+01    1.9298E+01    5.0826E+00    2.0054E+01    7.6161E+00    1.2178E+01   
 1.1085E+01    5.4606E+01    6.1913E+01    2.4089E+01    1.9967E+01    2.1220E+01    8.1318E+01    5.9581E+01    1.9319E+01    5.1030E+00    1.9809E+01    7.6108E+00    1.2213E+01   
 1.1587E+01    5.4606E+01    6.1915E+01    2.4107E+01    1.9968E+01    2.1056E+01    8.1294E+01    5.9598E+01    1.9303E+01    5.1030E+00    1.9850E+01    7.8645E+00    1.2213E+01   
 1.2093E+01    5.4611E+01    6.1923E+01    2.4055E+01    2.0046E+01    2.1056E+01    8.1284E+01    5.9612E+01    1.9361E+01    5.1030E+00    1.9789E+01    7.8328E+00    1.2213E+01   
 1.2596E+01    5.4612E+01    6.1913E+01    2.4055E+01    2.0046E+01    2.0657E+01    8.1253E+01    5.9619E+01    1.9384E+01    5.1234E+00    1.9870E+01    7.5949E+00    1.2195E+01   
 1.3175E+01    5.4616E+01    6.1913E+01    2.4041E+01    2.0155E+01    2.0223E+01    8.1218E+01    5.9619E+01    1.9421E+01    5.1030E+00    1.9932E+01    7.8592E+00    1.2126E+01   
 1.3679E+01    5.4628E+01    6.1924E+01    2.4041E+01    2.0092E+01    1.9907E+01    8.1218E+01    5.9627E+01    1.9466E+01    5.1234E+00    1.9830E+01    7.6954E+00    1.2178E+01   
 1.4181E+01    5.4618E+01    6.1931E+01    2.4042E+01    2.0012E+01    1.9668E+01    8.1202E+01    5.9632E+01    1.9497E+01    5.1030E+00    1.9952E+01    7.7799E+00    1.2161E+01   
 1.4684E+01    5.4618E+01    6.1930E+01    2.4087E+01    2.0071E+01    1.9668E+01    8.1180E+01    5.9627E+01    1.9497E+01    5.1234E+00    2.0074E+01    7.9068E+00    1.2195E+01   
 1.5269E+01    5.4635E+01    6.1938E+01    2.4147E+01    2.0008E+01    1.9451E+01    8.1147E+01    5.9610E+01    1.9491E+01    5.1030E+00    1.9850E+01    7.6161E+00    1.2230E+01   
# Time (s)      T1w (C)       T2w (C)       T1a (C)       T2a (C)       T1r (C)       T2r (C)       T3r (C)       T4r (C)       P1 (bar)      P2 (bar)      Ic (amp)      Qc (l/min)    
 1.5773E+01    5.4627E+01    6.1955E+01    2.4244E+01    2.0008E+01    1.9255E+01    8.1133E+01    5.9623E+01    1.9485E+01    5.1030E+00    1.9952E+01    7.9068E+00    1.2213E+01   
 1.6275E+01    5.4641E+01    6.1955E+01    2.4282E+01    1.9966E+01    1.9068E+01    8.1111E+01    5.9623E+01    1.9504E+01    5.1234E+00    1.9952E+01    7.8169E+00    1.2213E+01   
 1.6777E+01    5.4635E+01    6.1969E+01    2.4282E+01    2.0019E+01    1.8910E+01    8.1111E+01    5.9592E+01    1.9493E+01    5.1030E+00    1.9932E+01    7.6742E+00    1.2230E+01   
 1.7357E+01    5.4624E+01    6.1976E+01    2.4298E+01    2.0066E+01    1.8753E+01    8.1091E+01    5.9563E+01    1.9464E+01    5.1030E+00    2.0013E+01    7.7429E+00    1.2178E+01   
 1.7860E+01    5.4624E+01    6.2001E+01    2.4272E+01    2.0023E+01    1.8600E+01    8.1073E+01    5.9507E+01    1.9464E+01    5.1030E+00    2.0034E+01    7.6319E+00    1.2213E+01   
 1.8362E+01    5.4617E+01    6.2015E+01    2.4265E+01    2.0023E+01    1.8600E+01    8.1063E+01    5.9483E+01    1.9438E+01    5.1030E+00    2.0156E+01    7.8698E+00    1.2230E+01   
 1.8864E+01    5.4637E+01    6.2038E+01    2.4196E+01    2.0010E+01    1.8456E+01    8.1047E+01    5.9439E+01    1.9419E+01    5.0826E+00    2.0136E+01    7.6531E+00    1.2230E+01   
 1.9470E+01    5.4628E+01    6.2024E+01    2.4155E+01    1.9933E+01    1.8319E+01    8.1015E+01    5.9424E+01    1.9349E+01    5.0826E+00    2.0013E+01    7.6372E+00    1.2282E+01   
 1.9974E+01    5.4634E+01    6.2028E+01    2.4174E+01    1.9995E+01    1.8202E+01    8.1015E+01    5.9358E+01    1.9317E+01    5.0826E+00    2.0197E+01    7.7429E+00    1.2178E+01   
 2.0477E+01    5.4630E+01    6.2037E+01    2.4158E+01    1.9940E+01    1.8070E+01    8.0990E+01    5.9324E+01    1.9230E+01    5.0826E+00    2.0217E+01    7.9332E+00    1.2247E+01   
 2.0980E+01    5.4630E+01    6.2066E+01    2.4172E+01    1.9958E+01    1.8070E+01    8.1001E+01    5.9266E+01    1.9230E+01    5.1030E+00    2.0054E+01    7.7482E+00    1.2230E+01   
 2.1574E+01    5.4621E+01    6.2084E+01    2.4257E+01    1.9952E+01    1.7967E+01    8.1041E+01    5.9204E+01    1.9188E+01    5.0826E+00    2.0136E+01    7.8011E+00    1.2230E+01   
 2.2076E+01    5.4632E+01    6.2097E+01    2.4310E+01    1.9952E+01    1.7869E+01    8.1096E+01    5.9137E+01    1.9119E+01    5.1030E+00    2.0013E+01    7.7535E+00    1.2213E+01   
 2.2578E+01    5.4617E+01    6.2082E+01    2.4345E+01    1.9906E+01    1.7764E+01    8.1141E+01    5.9137E+01    1.9078E+01    5.0623E+00    2.0217E+01    7.8804E+00    1.2195E+01   
 2.3080E+01    5.4631E+01    6.2097E+01    2.4345E+01    1.9948E+01    1.7687E+01    8.1141E+01    5.9066E+01    1.9038E+01    5.0623E+00    2.0095E+01    7.8751E+00    1.2247E+01   
 2.3670E+01    5.4625E+01    6.2121E+01    2.4308E+01    1.9847E+01    1.7633E+01    8.1215E+01    5.9023E+01    1.8978E+01    5.0419E+00    2.0074E+01    7.8645E+00    1.2195E+01   
 2.4176E+01    5.4625E+01    6.2127E+01    2.4293E+01    1.9864E+01    1.7548E+01    8.1277E+01    5.8953E+01    1.8938E+01    5.0419E+00    2.0136E+01    7.8962E+00    1.2213E+01   
 2.4678E+01    5.4637E+01    6.2135E+01    2.4309E+01    1.9864E+01    1.7564E+01    8.1332E+01    5.8900E+01    1.8953E+01    5.0419E+00    2.0156E+01    7.7324E+00    1.2178E+01   
 2.5180E+01    5.4638E+01    6.2150E+01    2.4279E+01    1.9807E+01    1.7502E+01    8.1396E+01    5.8807E+01    1.8886E+01    5.0215E+00    2.0319E+01    7.6584E+00    1.2178E+01   
 2.5770E+01    5.4664E+01    6.2178E+01    2.4260E+01    1.9770E+01    1.7417E+01    8.1425E+01    5.8738E+01    1.8841E+01    5.0011E+00    2.0299E+01    7.8434E+00    1.2230E+01   
 2.6273E+01    5.4662E+01    6.2178E+01    2.4255E+01    1.9751E+01    1.7363E+01    8.1425E+01    5.8738E+01    1.8807E+01    5.0011E+00    2.0299E+01    7.9332E+00    1.2213E+01   
 2.6776E+01    5.4676E+01    6.2185E+01    2.4255E+01    1.9800E+01    1.7292E+01    8.1440E+01    5.8665E+01    1.8732E+01    5.0011E+00    2.0034E+01    7.6637E+00    1.2230E+01   
 2.7277E+01    5.4676E+01    6.2190E+01    2.4239E+01    1.9759E+01    1.7222E+01    8.1436E+01    5.8611E+01    1.8732E+01    5.0215E+00    2.0156E+01    7.6531E+00    1.2230E+01   
 2.7895E+01    5.4671E+01    6.2205E+01    2.4200E+01    1.9714E+01    1.7222E+01    8.1464E+01    5.8532E+01    1.8703E+01    4.9808E+00    2.0299E+01    7.9491E+00    1.2282E+01   
 2.8397E+01    5.4683E+01    6.2210E+01    2.4169E+01    1.9729E+01    1.7162E+01    8.1461E+01    5.8459E+01    1.8646E+01    4.9808E+00    2.0340E+01    7.9226E+00    1.2230E+01   
 2.8899E+01    5.4683E+01    6.2220E+01    2.4173E+01    1.9751E+01    1.7095E+01    8.1463E+01    5.8459E+01    1.8613E+01    4.9604E+00    2.0197E+01    7.8909E+00    1.2178E+01   
 2.9401E+01    5.4688E+01    6.2220E+01    2.4172E+01    1.9757E+01    1.7039E+01    8.1463E+01    5.8382E+01    1.8546E+01    4.9196E+00    2.0054E+01    7.9226E+00    1.2195E+01   
 3.0008E+01    5.4702E+01    6.2249E+01    2.4172E+01    1.9693E+01    1.6994E+01    8.1450E+01    5.8320E+01    1.8484E+01    4.9604E+00    2.0176E+01    7.8856E+00    1.2195E+01   
 3.0511E+01    5.4697E+01    6.2238E+01    2.4216E+01    1.9664E+01    1.6951E+01    8.1440E+01    5.8275E+01    1.8412E+01    4.9604E+00    2.0197E+01    7.8539E+00    1.2178E+01   
 3.1015E+01    5.4697E+01    6.2261E+01    2.4211E+01    1.9628E+01    1.6951E+01    8.1419E+01    5.8216E+01    1.8412E+01    4.9400E+00    2.0319E+01    7.7905E+00    1.2161E+01   
# Time (s)      T1w (C)       T2w (C)       T1a (C)       T2a (C)       T1r (C)       T2r (C)       T3r (C)       T4r (C)       P1 (bar)      P2 (bar)      Ic (amp)      Qc (l/min)    
 3.1517E+01    5.4704E+01    6.2256E+01    2.4226E+01    1.9628E+01    1.6890E+01    8.1424E+01    5.8143E+01    1.8369E+01    4.9400E+00    2.0278E+01    7.6478E+00    1.2195E+01   
 3.2103E+01    5.4701E+01    6.2268E+01    2.4267E+01    1.9569E+01    1.6841E+01    8.1426E+01    5.8080E+01    1.8323E+01    4.9196E+00    2.0258E+01    7.9385E+00    1.2161E+01   
 3.2605E+01    5.4695E+01    6.2253E+01    2.4229E+01    1.9581E+01    1.6820E+01    8.1440E+01    5.8094E+01    1.8272E+01    4.9196E+00    2.0136E+01    7.9279E+00    1.2143E+01   
 3.3107E+01    5.4707E+01    6.2276E+01    2.4229E+01    1.9474E+01    1.6757E+01    8.1462E+01    5.8003E+01    1.8216E+01    4.9400E+00    2.0258E+01    7.9121E+00    1.2178E+01   
 3.3609E+01    5.4707E+01    6.2257E+01    2.4228E+01    1.9460E+01    1.6733E+01    8.1480E+01    5.7957E+01    1.8232E+01    4.8993E+00    2.0156E+01    7.8698E+00    1.2161E+01   
 3.4175E+01    5.4714E+01    6.2276E+01    2.4356E+01    1.9437E+01    1.6733E+01    8.1490E+01    5.7909E+01    1.8182E+01    4.9196E+00    2.0136E+01    7.7218E+00    1.2178E+01   
 3.4677E+01    5.4710E+01    6.2269E+01    2.4351E+01    1.9437E+01    1.6706E+01    8.1523E+01    5.7870E+01    1.8144E+01    4.8993E+00    2.0319E+01    7.6848E+00    1.2178E+01   
 3.5179E+01    5.4703E+01    6.2269E+01    2.4315E+01    1.9465E+01    1.6671E+01    8.1539E+01    5.7870E+01    1.8109E+01    4.9196E+00    2.0258E+01    7.8434E+00    1.2213E+01   
 3.5681E+01    5.4716E+01    6.2266E+01    2.4315E+01    1.9414E+01    1.6641E+01    8.1539E+01    5.7814E+01    1.8050E+01    4.9196E+00    2.0217E+01    7.6214E+00    1.2213E+01   
 3.6290E+01    5.4717E+01    6.2281E+01    2.4233E+01    1.9244E+01    1.6621E+01    8.1540E+01    5.7772E+01    1.8012E+01    4.8993E+00    2.0319E+01    7.6425E+00    1.2264E+01   
 3.6795E+01    5.4737E+01    6.2274E+01    2.4222E+01    1.9159E+01    1.6605E+01    8.1575E+01    5.7694E+01    1.7969E+01    4.8789E+00    2.0136E+01    7.7958E+00    1.2230E+01   
 3.7297E+01    5.4737E+01    6.2266E+01    2.4173E+01    1.9201E+01    1.6605E+01    8.1622E+01    5.7653E+01    1.7969E+01    4.8993E+00    2.0319E+01    7.6372E+00    1.2195E+01   
 3.7799E+01    5.4737E+01    6.2272E+01    2.4215E+01    1.9201E+01    1.6636E+01    8.1655E+01    5.7600E+01    1.7919E+01    4.8789E+00    2.0074E+01    7.7324E+00    1.2213E+01   
 3.8359E+01    5.4748E+01    6.2261E+01    2.4219E+01    1.9241E+01    1.6668E+01    8.1681E+01    5.7546E+01    1.7862E+01    4.8585E+00    2.0238E+01    7.7535E+00    1.2230E+01   
 3.8862E+01    5.4751E+01    6.2261E+01    2.4231E+01    1.9167E+01    1.6701E+01    8.1681E+01    5.7546E+01    1.7812E+01    4.8585E+00    2.0176E+01    7.7376E+00    1.2195E+01   
 3.9364E+01    5.4739E+01    6.2260E+01    2.4231E+01    1.9147E+01    1.6768E+01    8.1683E+01    5.7509E+01    1.7764E+01    4.8382E+00    2.0299E+01    7.6478E+00    1.2213E+01   
 3.9866E+01    5.4739E+01    6.2246E+01    2.4194E+01    1.9180E+01    1.6829E+01    8.1688E+01    5.7487E+01    1.7764E+01    4.8382E+00    2.0278E+01    7.8592E+00    1.2195E+01   
 4.0456E+01    5.4737E+01    6.2265E+01    2.4179E+01    1.9097E+01    1.6829E+01    8.1704E+01    5.7456E+01    1.7712E+01    4.8382E+00    2.0095E+01    7.5949E+00    1.2178E+01   
 4.0958E+01    5.4776E+01    6.2271E+01    2.4191E+01    1.9113E+01    1.6918E+01    8.1712E+01    5.7420E+01    1.7688E+01    4.8178E+00    2.0095E+01    7.5844E+00    1.2213E+01   
 4.1460E+01    5.4765E+01    6.2271E+01    2.4126E+01    1.8973E+01    1.6981E+01    8.1705E+01    5.7420E+01    1.7658E+01    4.8178E+00    2.0074E+01    7.6002E+00    1.2195E+01   
 4.1965E+01    5.4768E+01    6.2273E+01    2.4126E+01    1.8977E+01    1.7071E+01    8.1705E+01    5.7396E+01    1.7635E+01    4.8178E+00    2.0278E+01    7.7799E+00    1.2143E+01   
 4.2528E+01    5.4790E+01    6.2277E+01    2.4092E+01    1.9044E+01    1.7170E+01    8.1745E+01    5.7387E+01    1.7605E+01    4.7974E+00    2.0217E+01    7.6319E+00    1.2178E+01   
 4.3030E+01    5.4790E+01    6.2258E+01    2.4055E+01    1.9053E+01    1.7259E+01    8.1732E+01    5.7402E+01    1.7605E+01    4.8178E+00    2.0013E+01    7.7905E+00    1.2161E+01   
 4.3532E+01    5.4810E+01    6.2264E+01    2.4149E+01    1.9069E+01    1.7259E+01    8.1756E+01    5.7398E+01    1.7582E+01    4.7974E+00    2.0095E+01    7.5685E+00    1.2195E+01   
 4.4034E+01    5.4811E+01    6.2288E+01    2.4111E+01    1.9063E+01    1.7384E+01    8.1755E+01    5.7418E+01    1.7567E+01    4.7770E+00    2.0034E+01    7.8645E+00    1.2247E+01   
 4.4640E+01    5.4796E+01    6.2234E+01    2.4000E+01    1.9013E+01    1.7476E+01    8.1781E+01    5.7428E+01    1.7533E+01    4.7770E+00    2.0115E+01    7.8645E+00    1.2213E+01   
 4.5142E+01    5.4806E+01    6.2234E+01    2.4000E+01    1.9079E+01    1.7566E+01    8.1781E+01    5.7428E+01    1.7517E+01    4.7770E+00    2.0136E+01    7.8486E+00    1.2195E+01   
 4.5645E+01    5.4815E+01    6.2217E+01    2.3938E+01    1.9026E+01    1.7667E+01    8.1790E+01    5.7442E+01    1.7516E+01    4.7770E+00    2.0136E+01    7.6689E+00    1.2195E+01   
 4.6147E+01    5.4815E+01    6.2205E+01    2.3901E+01    1.8999E+01    1.7762E+01    8.1790E+01    5.7458E+01    1.7516E+01    4.7974E+00    1.9911E+01    7.5632E+00    1.2161E+01   
 4.6712E+01    5.4791E+01    6.2188E+01    2.3937E+01    1.8983E+01    1.7762E+01    8.1799E+01    5.7483E+01    1.7502E+01    4.7974E+00    2.0115E+01    7.5579E+00    1.2230E+01   
# Time (s)      T1w (C)       T2w (C)       T1a (C)       T2a (C)       T1r (C)       T2r (C)       T3r (C)       T4r (C)       P1 (bar)      P2 (bar)      Ic (amp)      Qc (l/min)    
 4.7217E+01    5.4796E+01    6.2158E+01    2.3957E+01    1.9030E+01    1.7886E+01    8.1772E+01    5.7541E+01    1.7508E+01    4.7974E+00    1.9911E+01    7.6214E+00    1.2178E+01   
 4.7722E+01    5.4800E+01    6.2158E+01    2.3992E+01    1.9013E+01    1.7980E+01    8.1793E+01    5.7541E+01    1.7505E+01    4.7770E+00    1.9932E+01    7.7905E+00    1.2126E+01   
 4.8227E+01    5.4812E+01    6.2147E+01    2.3992E+01    1.9062E+01    1.8088E+01    8.1793E+01    5.7596E+01    1.7499E+01    4.7770E+00    1.9850E+01    7.5368E+00    1.2195E+01   
 4.8812E+01    5.4808E+01    6.2131E+01    2.4018E+01    1.9052E+01    1.8185E+01    8.1809E+01    5.7647E+01    1.7516E+01    4.8178E+00    1.9870E+01    7.7694E+00    1.2195E+01   
 4.9314E+01    5.4808E+01    6.2108E+01    2.4042E+01    1.9036E+01    1.8287E+01    8.1822E+01    5.7712E+01    1.7540E+01    4.7974E+00    2.0013E+01    7.5738E+00    1.2178E+01   
 4.9816E+01    5.4810E+01    6.2110E+01    2.3980E+01    1.9036E+01    1.8287E+01    8.1825E+01    5.7768E+01    1.7540E+01    4.7974E+00    2.0115E+01    7.7588E+00    1.2178E+01   
 5.0318E+01    5.4805E+01    6.2087E+01    2.3961E+01    1.9002E+01    1.8390E+01    8.1834E+01    5.7827E+01    1.7551E+01    4.7974E+00    1.9952E+01    7.6531E+00    1.2195E+01   
 5.0881E+01    5.4832E+01    6.2101E+01    2.3963E+01    1.9073E+01    1.8479E+01    8.1818E+01    5.7827E+01    1.7582E+01    4.8178E+00    1.9972E+01    7.7799E+00    1.2178E+01   
 5.1383E+01    5.4834E+01    6.2101E+01    2.3963E+01    1.9014E+01    1.8567E+01    8.1818E+01    5.7895E+01    1.7597E+01    4.7974E+00    1.9932E+01    7.5474E+00    1.2178E+01   
 5.1885E+01    5.4847E+01    6.2091E+01    2.4011E+01    1.9060E+01    1.8680E+01    8.1817E+01    5.7954E+01    1.7622E+01    4.7974E+00    1.9891E+01    7.8275E+00    1.2178E+01   
 5.2387E+01    5.4847E+01    6.2075E+01    2.4026E+01    1.9075E+01    1.8680E+01    8.1793E+01    5.8020E+01    1.7622E+01    4.7974E+00    1.9870E+01    7.6795E+00    1.2195E+01   
 5.2985E+01    5.4840E+01    6.2101E+01    2.4061E+01    1.9091E+01    1.8760E+01    8.1749E+01    5.8093E+01    1.7655E+01    4.7974E+00    1.9870E+01    7.5474E+00    1.2213E+01   
 5.3487E+01    5.4859E+01    6.2082E+01    2.3997E+01    1.8963E+01    1.8853E+01    8.1735E+01    5.8170E+01    1.7686E+01    4.7974E+00    1.9870E+01    7.5474E+00    1.2195E+01   
 5.3992E+01    5.4852E+01    6.2082E+01    2.3884E+01    1.9018E+01    1.8932E+01    8.1735E+01    5.8170E+01    1.7724E+01    4.8178E+00    2.0034E+01    7.8169E+00    1.2178E+01   
 5.4494E+01    5.4852E+01    6.2075E+01    2.3884E+01    1.9008E+01    1.9036E+01    8.1716E+01    5.8224E+01    1.7752E+01    4.8178E+00    1.9911E+01    7.5791E+00    1.2230E+01   
 5.5089E+01    5.4869E+01    6.2094E+01    2.3860E+01    1.9036E+01    1.9115E+01    8.1700E+01    5.8291E+01    1.7784E+01    4.8178E+00    1.9870E+01    7.8222E+00    1.2213E+01   
 5.5592E+01    5.4869E+01    6.2088E+01    2.3886E+01    1.8999E+01    1.9115E+01    8.1693E+01    5.8384E+01    1.7784E+01    4.8178E+00    1.9932E+01    7.5527E+00    1.2178E+01   
 5.6094E+01    5.4864E+01    6.2073E+01    2.3914E+01    1.8999E+01    1.9202E+01    8.1690E+01    5.8440E+01    1.7806E+01    4.8382E+00    2.0034E+01    7.6108E+00    1.2213E+01   
 5.6596E+01    5.4881E+01    6.2058E+01    2.3910E+01    1.9033E+01    1.9280E+01    8.1678E+01    5.8497E+01    1.7802E+01    4.8178E+00    1.9870E+01    7.7324E+00    1.2230E+01   
 5.7193E+01    5.4876E+01    6.2072E+01    2.3908E+01    1.8988E+01    1.9353E+01    8.1643E+01    5.8560E+01    1.7806E+01    4.8178E+00    1.9870E+01    7.5368E+00    1.2230E+01   
 5.7696E+01    5.4853E+01    6.2058E+01    2.3892E+01    1.8946E+01    1.9430E+01    8.1643E+01    5.8560E+01    1.7798E+01    4.8178E+00    1.9830E+01    7.5421E+00    1.2195E+01   
 5.8198E+01    5.4851E+01    6.2044E+01    2.3922E+01    1.9031E+01    1.9503E+01    8.1628E+01    5.8622E+01    1.7798E+01    4.8382E+00    1.9932E+01    7.5527E+00    1.2230E+01   
 5.8700E+01    5.4837E+01    6.2028E+01    2.3939E+01    1.9101E+01    1.9487E+01    8.1587E+01    5.8667E+01    1.7782E+01    4.8382E+00    1.9830E+01    7.6478E+00    1.2230E+01   
 5.9301E+01    5.4834E+01    6.2016E+01    2.3953E+01    1.9101E+01    1.9574E+01    8.1583E+01    5.8735E+01    1.7789E+01    4.8382E+00    1.9850E+01    7.6954E+00    1.2195E+01   
 5.9803E+01    5.4843E+01    6.2012E+01    2.3913E+01    1.9054E+01    1.9643E+01    8.1590E+01    5.8825E+01    1.7810E+01    4.8585E+00    1.9830E+01    7.7271E+00    1.2161E+01   
 6.0305E+01    5.4832E+01    6.2012E+01    2.3861E+01    1.9091E+01    1.9718E+01    8.1598E+01    5.8825E+01    1.7815E+01    4.8382E+00    1.9870E+01    7.7799E+00    1.2230E+01   
 6.0808E+01    5.4858E+01    6.2015E+01    2.3876E+01    1.9014E+01    1.9768E+01    8.1584E+01    5.8858E+01    1.7823E+01    4.8382E+00    2.0013E+01    7.5632E+00    1.2213E+01   
 6.1386E+01    5.4861E+01    6.2014E+01    2.3852E+01    1.9063E+01    1.9839E+01    8.1578E+01    5.8929E+01    1.7838E+01    4.8585E+00    1.9809E+01    7.7746E+00    1.2213E+01   
 6.1888E+01    5.4876E+01    6.2015E+01    2.3882E+01    1.9014E+01    1.9839E+01    8.1572E+01    5.8972E+01    1.7838E+01    4.8382E+00    1.9830E+01    7.8011E+00    1.2230E+01   
 6.2390E+01    5.4873E+01    6.2031E+01    2.3910E+01    1.9014E+01    1.9910E+01    8.1557E+01    5.9005E+01    1.7866E+01    4.8585E+00    2.0074E+01    7.8381E+00    1.2161E+01   
# Time (s)      T1w (C)       T2w (C)       T1a (C)       T2a (C)       T1r (C)       T2r (C)       T3r (C)       T4r (C)       P1 (bar)      P2 (bar)      Ic (amp)      Qc (l/min)    
 6.2893E+01    5.4886E+01    6.2026E+01    2.3928E+01    1.9170E+01    1.9968E+01    8.1565E+01    5.9060E+01    1.7888E+01    4.8993E+00    1.9809E+01    7.5579E+00    1.2161E+01   
 6.3458E+01    5.4883E+01    6.2026E+01    2.3954E+01    1.9074E+01    2.0031E+01    8.1550E+01    5.9060E+01    1.7898E+01    4.8585E+00    1.9891E+01    7.7271E+00    1.2161E+01   
 6.3961E+01    5.4908E+01    6.2027E+01    2.3970E+01    1.9186E+01    2.0085E+01    8.1536E+01    5.9111E+01    1.7922E+01    4.8585E+00    1.9850E+01    7.5527E+00    1.2161E+01   
 6.4463E+01    5.4886E+01    6.2033E+01    2.4001E+01    1.9185E+01    2.0124E+01    8.1536E+01    5.9160E+01    1.7952E+01    4.8993E+00    1.9830E+01    7.8275E+00    1.2178E+01   
 6.4965E+01    5.4886E+01    6.2045E+01    2.4001E+01    1.9185E+01    2.0124E+01    8.1573E+01    5.9203E+01    1.7952E+01    4.8993E+00    1.9809E+01    7.5632E+00    1.2178E+01   
 6.5570E+01    5.4906E+01    6.2046E+01    2.4030E+01    1.9192E+01    2.0204E+01    8.1578E+01    5.9247E+01    1.7994E+01    4.9196E+00    1.9891E+01    7.5579E+00    1.2230E+01   
 6.6073E+01    5.4906E+01    6.2031E+01    2.4045E+01    1.9158E+01    2.0234E+01    8.1555E+01    5.9242E+01    1.7998E+01    4.8993E+00    1.9891E+01    7.5632E+00    1.2195E+01   
 6.6575E+01    5.4893E+01    6.2031E+01    2.4032E+01    1.9232E+01    2.0296E+01    8.1555E+01    5.9242E+01    1.8027E+01    4.9400E+00    1.9830E+01    7.5632E+00    1.2247E+01   
 6.7077E+01    5.4910E+01    6.2032E+01    2.4032E+01    1.9264E+01    2.0352E+01    8.1555E+01    5.9253E+01    1.8082E+01    4.9196E+00    1.9891E+01    7.7746E+00    1.2178E+01   
 6.7643E+01    5.4892E+01    6.2036E+01    2.4004E+01    1.9227E+01    2.0401E+01    8.1567E+01    5.9301E+01    1.8113E+01    4.9604E+00    2.0013E+01    7.6108E+00    1.2213E+01   
 6.8145E+01    5.4892E+01    6.2037E+01    2.3989E+01    1.9253E+01    2.0401E+01    8.1552E+01    5.9349E+01    1.8113E+01    4.9400E+00    1.9809E+01    7.7958E+00    1.2213E+01   
 6.8647E+01    5.4894E+01    6.2059E+01    2.3965E+01    1.9253E+01    2.0450E+01    8.1536E+01    5.9377E+01    1.8136E+01    4.9400E+00    1.9972E+01    7.5844E+00    1.2195E+01   
 6.9149E+01    5.4900E+01    6.2049E+01    2.4024E+01    1.9300E+01    2.0493E+01    8.1506E+01    5.9415E+01    1.8152E+01    4.9400E+00    1.9932E+01    7.7271E+00    1.2195E+01   
 6.9749E+01    5.4898E+01    6.2054E+01    2.4098E+01    1.9329E+01    2.0566E+01    8.1505E+01    5.9430E+01    1.8208E+01    4.9604E+00    1.9993E+01    7.7482E+00    1.2213E+01   
 7.0252E+01    5.4911E+01    6.2054E+01    2.4098E+01    1.9337E+01    2.0610E+01    8.1505E+01    5.9435E+01    1.8259E+01    4.9604E+00    1.9891E+01    7.7271E+00    1.2195E+01   
 7.0754E+01    5.4911E+01    6.2084E+01    2.4238E+01    1.9422E+01    2.0657E+01    8.1495E+01    5.9456E+01    1.8269E+01    4.9808E+00    1.9891E+01    7.6002E+00    1.2195E+01   
 7.1256E+01    5.4911E+01    6.2095E+01    2.4387E+01    1.9422E+01    2.0657E+01    8.1498E+01    5.9504E+01    1.8269E+01    4.9604E+00    1.9932E+01    7.8222E+00    1.2178E+01   
 7.1827E+01    5.4925E+01    6.2101E+01    2.4415E+01    1.9446E+01    2.0710E+01    8.1515E+01    5.9506E+01    1.8318E+01    4.9604E+00    1.9952E+01    7.8592E+00    1.2195E+01   
 7.2329E+01    5.4914E+01    6.2104E+01    2.4386E+01    1.9431E+01    2.0748E+01    8.1540E+01    5.9529E+01    1.8320E+01    5.0011E+00    1.9993E+01    7.5897E+00    1.2213E+01   
 7.2832E+01    5.4918E+01    6.2104E+01    2.4386E+01    1.9485E+01    2.0792E+01    8.1554E+01    5.9544E+01    1.8409E+01    4.9604E+00    2.0095E+01    7.8698E+00    1.2213E+01   
 7.3334E+01    5.4917E+01    6.2116E+01    2.4373E+01    1.9526E+01    2.0829E+01    8.1552E+01    5.9585E+01    1.8453E+01    5.0011E+00    2.0054E+01    7.6002E+00    1.2264E+01   
 7.3931E+01    5.4909E+01    6.2096E+01    2.4453E+01    1.9463E+01    2.0893E+01    8.1540E+01    5.9596E+01    1.8477E+01    5.0011E+00    1.9891E+01    7.6584E+00    1.2178E+01   
 7.4434E+01    5.4909E+01    6.2107E+01    2.4506E+01    1.9500E+01    2.0893E+01    8.1536E+01    5.9614E+01    1.8477E+01    5.0011E+00    1.9993E+01    7.5949E+00    1.2195E+01   
 7.4936E+01    5.4896E+01    6.2105E+01    2.4544E+01    1.9484E+01    2.0926E+01    8.1516E+01    5.9612E+01    1.8524E+01    5.0011E+00    2.0115E+01    7.8909E+00    1.2195E+01   
 7.5441E+01    5.4900E+01    6.2105E+01    2.4495E+01    1.9520E+01    2.0957E+01    8.1503E+01    5.9627E+01    1.8555E+01    5.0215E+00    2.0034E+01    7.8645E+00    1.2195E+01   
 7.6003E+01    5.4894E+01    6.2105E+01    2.4358E+01    1.9448E+01    2.1006E+01    8.1503E+01    5.9627E+01    1.8591E+01    5.0215E+00    2.0034E+01    7.8804E+00    1.2230E+01   
 7.6506E+01    5.4913E+01    6.2108E+01    2.4358E+01    1.9493E+01    2.1029E+01    8.1505E+01    5.9631E+01    1.8612E+01    5.0215E+00    2.0013E+01    7.6161E+00    1.2195E+01   
 7.7008E+01    5.4899E+01    6.2111E+01    2.4275E+01    1.9481E+01    2.1066E+01    8.1549E+01    5.9653E+01    1.8657E+01    5.0215E+00    2.0013E+01    7.6425E+00    1.2230E+01   
 7.7511E+01    5.4899E+01    6.2128E+01    2.4237E+01    1.9481E+01    2.1066E+01    8.1573E+01    5.9687E+01    1.8657E+01    5.0215E+00    1.9972E+01    7.6425E+00    1.2178E+01   
 7.8100E+01    5.4914E+01    6.2116E+01    2.4227E+01    1.9580E+01    2.1111E+01    8.1594E+01    5.9681E+01    1.8687E+01    5.0215E+00    1.9952E+01    7.6319E+00    1.2213E+01   
# Time (s)      T1w (C)       T2w (C)       T1a (C)       T2a (C)       T1r (C)       T2r (C)       T3r (C)       T4r (C)       P1 (bar)      P2 (bar)      Ic (amp)      Qc (l/min)    
 7.8602E+01    5.4922E+01    6.2142E+01    2.4227E+01    1.9612E+01    2.1132E+01    8.1590E+01    5.9707E+01    1.8724E+01    5.0215E+00    1.9952E+01    7.6108E+00    1.2230E+01   
 7.9104E+01    5.4934E+01    6.2157E+01    2.4243E+01    1.9668E+01    2.1163E+01    8.1590E+01    5.9707E+01    1.8766E+01    5.0419E+00    1.9952E+01    7.6795E+00    1.2230E+01   
 7.9607E+01    5.4935E+01    6.2153E+01    2.4217E+01    1.9627E+01    2.1199E+01    8.1576E+01    5.9717E+01    1.8781E+01    5.0623E+00    2.0136E+01    7.6161E+00    1.2161E+01   
 8.0172E+01    5.4932E+01    6.2158E+01    2.4154E+01    1.9638E+01    2.1221E+01    8.1586E+01    5.9718E+01    1.8820E+01    5.0623E+00    2.0156E+01    7.8698E+00    1.2195E+01   
 8.0677E+01    5.4932E+01    6.2179E+01    2.4096E+01    1.9638E+01    2.1221E+01    8.1578E+01    5.9724E+01    1.8820E+01    5.0011E+00    2.0013E+01    7.7218E+00    1.2161E+01   
 8.1179E+01    5.4935E+01    6.2180E+01    2.4006E+01    1.9680E+01    2.1233E+01    8.1589E+01    5.9701E+01    1.8868E+01    5.0215E+00    1.9993E+01    7.9121E+00    1.2178E+01   
 8.1682E+01    5.4944E+01    6.2180E+01    2.3994E+01    1.9667E+01    2.1283E+01    8.1589E+01    5.9701E+01    1.8879E+01    5.0215E+00    1.9993E+01    7.7376E+00    1.2195E+01   
 8.2260E+01    5.4944E+01    6.2191E+01    2.3994E+01    1.9768E+01    2.1299E+01    8.1598E+01    5.9736E+01    1.8905E+01    5.0623E+00    2.0176E+01    7.7535E+00    1.2161E+01   
 8.2763E+01    5.4938E+01    6.2193E+01    2.3977E+01    1.9794E+01    2.1316E+01    8.1589E+01    5.9741E+01    1.8941E+01    5.0623E+00    2.0034E+01    7.6319E+00    1.2195E+01   
 8.3265E+01    5.4938E+01    6.2201E+01    2.3980E+01    1.9748E+01    2.1316E+01    8.1575E+01    5.9748E+01    1.8941E+01    5.0623E+00    2.0013E+01    7.8222E+00    1.2213E+01   
 8.3767E+01    5.4955E+01    6.2217E+01    2.3886E+01    1.9748E+01    2.1343E+01    8.1560E+01    5.9762E+01    1.8973E+01    5.0623E+00    1.9972E+01    7.6478E+00    1.2161E+01   
 8.4333E+01    5.4939E+01    6.2201E+01    2.3824E+01    1.9668E+01    2.1368E+01    8.1588E+01    5.9772E+01    1.8980E+01    5.0623E+00    2.0034E+01    7.6319E+00    1.2178E+01   
 8.4835E+01    5.4932E+01    6.2209E+01    2.3788E+01    1.9691E+01    2.1382E+01    8.1620E+01    5.9787E+01    1.9011E+01    5.0623E+00    2.0217E+01    7.9068E+00    1.2178E+01   
 8.5337E+01    5.4942E+01    6.2209E+01    2.3788E+01    1.9670E+01    2.1420E+01    8.1620E+01    5.9787E+01    1.9043E+01    5.0623E+00    2.0115E+01    7.8751E+00    1.2126E+01   
 8.5841E+01    5.4945E+01    6.2214E+01    2.3875E+01    1.9676E+01    2.1453E+01    8.1646E+01    5.9803E+01    1.9052E+01    5.0826E+00    2.0013E+01    7.6372E+00    1.2178E+01   
 8.6432E+01    5.4974E+01    6.2232E+01    2.3942E+01    1.9765E+01    2.1461E+01    8.1629E+01    5.9817E+01    1.9067E+01    5.0623E+00    2.0013E+01    7.6795E+00    1.2195E+01   
 8.6934E+01    5.4974E+01    6.2236E+01    2.3984E+01    1.9765E+01    2.1477E+01    8.1646E+01    5.9836E+01    1.9082E+01    5.0623E+00    1.9993E+01    7.6584E+00    1.2143E+01   
 8.7437E+01    5.4961E+01    6.2237E+01    2.3963E+01    1.9704E+01    2.1501E+01    8.1630E+01    5.9834E+01    1.9106E+01    5.0826E+00    1.9972E+01    7.6319E+00    1.2178E+01   
 8.7939E+01    5.4976E+01    6.2252E+01    2.4036E+01    1.9769E+01    2.1495E+01    8.1630E+01    5.9834E+01    1.9098E+01    5.0623E+00    2.0034E+01    7.6319E+00    1.2143E+01   
 8.8501E+01    5.4997E+01    6.2252E+01    2.4036E+01    1.9815E+01    2.1512E+01    8.1608E+01    5.9840E+01    1.9126E+01    5.1030E+00    2.0095E+01    7.6372E+00    1.2161E+01   
 8.9003E+01    5.4994E+01    6.2248E+01    2.4034E+01    1.9765E+01    2.1535E+01    8.1589E+01    5.9836E+01    1.9145E+01    5.1030E+00    2.0074E+01    7.8381E+00    1.2195E+01   
 8.9506E+01    5.4994E+01    6.2259E+01    2.4059E+01    1.9754E+01    2.1535E+01    8.1570E+01    5.9847E+01    1.9145E+01    5.1030E+00    1.9972E+01    7.6372E+00    1.2213E+01   
 9.0008E+01    5.4994E+01    6.2263E+01    2.4019E+01    1.9754E+01    2.1515E+01    8.1580E+01    5.9846E+01    1.9130E+01    5.1030E+00    2.0013E+01    7.7641E+00    1.2247E+01   
 9.0605E+01    5.4994E+01    6.2273E+01    2.4006E+01    1.9774E+01    2.1519E+01    8.1602E+01    5.9858E+01    1.9165E+01    5.1234E+00    2.0136E+01    7.6531E+00    1.2178E+01   
 9.1108E+01    5.4997E+01    6.2273E+01    2.3979E+01    1.9790E+01    2.1500E+01    8.1602E+01    5.9858E+01    1.9169E+01    5.0826E+00    2.0034E+01    7.7958E+00    1.2178E+01   
 9.1613E+01    5.4995E+01    6.2265E+01    2.3979E+01    1.9809E+01    2.1485E+01    8.1602E+01    5.9878E+01    1.9195E+01    5.1030E+00    2.0197E+01    7.6531E+00    1.2213E+01   
 9.2115E+01    5.5000E+01    6.2290E+01    2.4021E+01    1.9862E+01    2.1478E+01    8.1601E+01    5.9888E+01    1.9217E+01    5.0826E+00    1.9993E+01    7.6372E+00    1.2143E+01   
 9.2677E+01    5.5000E+01    6.2295E+01    2.4035E+01    1.9851E+01    2.1478E+01    8.1610E+01    5.9912E+01    1.9217E+01    5.0826E+00    1.9952E+01    7.6319E+00    1.2195E+01   
 9.3180E+01    5.5007E+01    6.2291E+01    2.4083E+01    1.9851E+01    2.1445E+01    8.1617E+01    5.9935E+01    1.9232E+01    5.0623E+00    1.9952E+01    7.7905E+00    1.2195E+01   
 9.3682E+01    5.5006E+01    6.2295E+01    2.4055E+01    1.9906E+01    2.1395E+01    8.1649E+01    5.9959E+01    1.9261E+01    5.1030E+00    2.0074E+01    7.7165E+00    1.2178E+01   
# Time (s)      T1w (C)       T2w (C)       T1a (C)       T2a (C)       T1r (C)       T2r (C)       T3r (C)       T4r (C)       P1 (bar)      P2 (bar)      Ic (amp)      Qc (l/min)    
 9.4184E+01    5.5010E+01    6.2295E+01    2.4055E+01    1.9865E+01    2.1280E+01    8.1649E+01    5.9959E+01    1.9290E+01    5.0826E+00    2.0176E+01    7.8434E+00    1.2247E+01   
 9.4774E+01    5.5013E+01    6.2294E+01    2.4068E+01    1.9888E+01    2.1080E+01    8.1650E+01    5.9932E+01    1.9320E+01    5.0826E+00    2.0238E+01    7.7482E+00    1.2195E+01   
 9.5276E+01    5.5019E+01    6.2302E+01    2.4092E+01    1.9830E+01    2.0789E+01    8.1683E+01    5.9971E+01    1.9363E+01    5.1030E+00    2.0054E+01    7.9174E+00    1.2178E+01   
 9.5779E+01    5.5019E+01    6.2283E+01    2.4162E+01    1.9830E+01    2.0789E+01    8.1725E+01    6.0009E+01    1.9363E+01    5.1030E+00    2.0136E+01    7.6425E+00    1.2178E+01   
 9.6281E+01    5.5004E+01    6.2293E+01    2.4132E+01    1.9942E+01    2.0345E+01    8.1760E+01    5.9995E+01    1.9382E+01    5.1030E+00    1.9972E+01    7.8698E+00    1.2195E+01   
 9.6849E+01    5.5013E+01    6.2292E+01    2.4107E+01    2.0007E+01    2.0018E+01    8.1767E+01    6.0013E+01    1.9433E+01    5.1437E+00    2.0136E+01    7.9068E+00    1.2213E+01   
 9.7355E+01    5.5009E+01    6.2292E+01    2.4107E+01    1.9995E+01    1.9785E+01    8.1781E+01    6.0028E+01    1.9460E+01    5.1234E+00    2.0197E+01    7.7165E+00    1.2213E+01   
 9.7857E+01    5.5009E+01    6.2293E+01    2.4120E+01    2.0044E+01    1.9559E+01    8.1783E+01    6.0004E+01    1.9510E+01    5.1030E+00    2.0054E+01    7.7218E+00    1.2161E+01   
 9.8360E+01    5.4994E+01    6.2290E+01    2.4173E+01    1.9970E+01    1.9559E+01    8.1768E+01    6.0007E+01    1.9510E+01    5.1030E+00    2.0156E+01    7.6637E+00    1.2195E+01   
 9.8942E+01    5.5006E+01    6.2295E+01    2.4200E+01    1.9970E+01    1.9365E+01    8.1759E+01    6.0014E+01    1.9519E+01    5.1030E+00    2.0136E+01    7.8962E+00    1.2213E+01   
 9.9444E+01    5.5004E+01    6.2304E+01    2.4224E+01    2.0000E+01    1.9167E+01    8.1745E+01    6.0006E+01    1.9508E+01    5.1030E+00    2.0217E+01    7.9385E+00    1.2213E+01   
 9.9947E+01    5.5004E+01    6.2317E+01    2.4208E+01    2.0026E+01    1.8995E+01    8.1745E+01    6.0006E+01    1.9519E+01    5.1234E+00    2.0095E+01    7.6584E+00    1.2213E+01   
 1.0045E+02    5.4996E+01    6.2303E+01    2.4192E+01    2.0020E+01    1.8859E+01    8.1727E+01    5.9989E+01    1.9506E+01    5.1030E+00    2.0197E+01    7.8169E+00    1.2213E+01   
 1.0101E+02    5.4999E+01    6.2321E+01    2.4158E+01    1.9984E+01    1.8689E+01    8.1686E+01    5.9955E+01    1.9464E+01    5.1030E+00    2.0278E+01    7.9649E+00    1.2178E+01   
 1.0152E+02    5.4999E+01    6.2339E+01    2.4155E+01    2.0045E+01    1.8689E+01    8.1692E+01    5.9896E+01    1.9432E+01    5.1234E+00    2.0176E+01    7.6795E+00    1.2213E+01   
 1.0202E+02    5.5013E+01    6.2374E+01    2.4207E+01    2.0061E+01    1.8551E+01    8.1677E+01    5.9869E+01    1.9448E+01    5.0826E+00    2.0136E+01    7.6848E+00    1.2178E+01   
 1.0252E+02    5.5008E+01    6.2387E+01    2.4246E+01    2.0085E+01    1.8419E+01    8.1641E+01    5.9820E+01    1.9433E+01    5.0826E+00    2.0115E+01    7.6954E+00    1.2195E+01   
 1.0311E+02    5.5021E+01    6.2386E+01    2.4295E+01    2.0114E+01    1.8301E+01    8.1638E+01    5.9752E+01    1.9356E+01    5.1030E+00    2.0401E+01    7.8222E+00    1.2213E+01   
 1.0361E+02    5.5018E+01    6.2386E+01    2.4295E+01    2.0018E+01    1.8178E+01    8.1638E+01    5.9752E+01    1.9327E+01    5.0826E+00    2.0360E+01    7.8486E+00    1.2230E+01   
 1.0412E+02    5.5032E+01    6.2439E+01    2.4347E+01    2.0004E+01    1.8065E+01    8.1632E+01    5.9689E+01    1.9292E+01    5.0826E+00    2.0197E+01    7.7799E+00    1.2178E+01   
 1.0462E+02    5.5032E+01    6.2467E+01    2.4355E+01    1.9987E+01    1.8065E+01    8.1640E+01    5.9647E+01    1.9292E+01    5.0826E+00    2.0156E+01    7.7376E+00    1.2161E+01   
 1.0518E+02    5.5028E+01    6.2470E+01    2.4354E+01    1.9987E+01    1.7958E+01    8.1652E+01    5.9590E+01    1.9263E+01    5.0826E+00    2.0401E+01    7.8751E+00    1.2178E+01   
 1.0569E+02    5.5027E+01    6.2480E+01    2.4333E+01    1.9925E+01    1.7881E+01    8.1673E+01    5.9513E+01    1.9205E+01    5.0623E+00    2.0299E+01    7.7112E+00    1.2213E+01   
 1.0619E+02    5.5025E+01    6.2480E+01    2.4333E+01    1.9900E+01    1.7768E+01    8.1659E+01    5.9499E+01    1.9120E+01    5.0826E+00    2.0401E+01    7.9438E+00    1.2213E+01   
 1.0669E+02    5.5035E+01    6.2492E+01    2.4280E+01    1.9840E+01    1.7704E+01    8.1680E+01    5.9425E+01    1.9067E+01    5.0623E+00    2.0197E+01    7.9544E+00    1.2247E+01   
 1.0729E+02    5.5040E+01    6.2503E+01    2.4244E+01    1.9757E+01    1.7635E+01    8.1691E+01    5.9350E+01    1.8982E+01    5.0419E+00    2.0340E+01    7.6954E+00    1.2247E+01   
 1.0780E+02    5.5044E+01    6.2506E+01    2.4243E+01    1.9771E+01    1.7635E+01    8.1721E+01    5.9263E+01    1.8935E+01    5.0419E+00    2.0278E+01    7.9702E+00    1.2264E+01   
 1.0830E+02    5.5044E+01    6.2527E+01    2.4254E+01    1.9771E+01    1.7545E+01    8.1753E+01    5.9208E+01    1.8935E+01    5.0215E+00    2.0462E+01    7.7059E+00    1.2178E+01   
 1.0881E+02    5.5040E+01    6.2526E+01    2.4181E+01    1.9744E+01    1.7475E+01    8.1755E+01    5.9125E+01    1.8883E+01    5.0215E+00    2.0340E+01    7.7007E+00    1.2264E+01   
 1.0937E+02    5.5046E+01    6.2535E+01    2.4124E+01    1.9771E+01    1.7401E+01    8.1755E+01    5.9068E+01    1.8817E+01    5.0011E+00    2.0278E+01    7.7165E+00    1.2195E+01   
# Time (s)      T1w (C)       T2w (C)       T1a (C)       T2a (C)       T1r (C)       T2r (C)       T3r (C)       T4r (C)       P1 (bar)      P2 (bar)      Ic (amp)      Qc (l/min)    
 1.0987E+02    5.5050E+01    6.2535E+01    2.4124E+01    1.9729E+01    1.7316E+01    8.1763E+01    5.9068E+01    1.8787E+01    5.0215E+00    2.0360E+01    7.9755E+00    1.2213E+01   
 1.1037E+02    5.5043E+01    6.2545E+01    2.4052E+01    1.9678E+01    1.7244E+01    8.1737E+01    5.9009E+01    1.8726E+01    5.0011E+00    2.0462E+01    7.8169E+00    1.2230E+01   
 1.1087E+02    5.5043E+01    6.2555E+01    2.4044E+01    1.9678E+01    1.7244E+01    8.1721E+01    5.8942E+01    1.8726E+01    4.9808E+00    2.0442E+01    7.7007E+00    1.2247E+01   
 1.1148E+02    5.5050E+01    6.2556E+01    2.3990E+01    1.9657E+01    1.7163E+01    8.1703E+01    5.8868E+01    1.8671E+01    4.9808E+00    2.0380E+01    7.8116E+00    1.2230E+01   
 1.1198E+02    5.5054E+01    6.2577E+01    2.3980E+01    1.9661E+01    1.7107E+01    8.1694E+01    5.8787E+01    1.8608E+01    5.0011E+00    2.0442E+01    7.8275E+00    1.2195E+01   
 1.1248E+02    5.5065E+01    6.2577E+01    2.3980E+01    1.9680E+01    1.7080E+01    8.1694E+01    5.8787E+01    1.8559E+01    4.9808E+00    2.0258E+01    7.8222E+00    1.2195E+01   
 1.1299E+02    5.5075E+01    6.2569E+01    2.3980E+01    1.9556E+01    1.7016E+01    8.1690E+01    5.8713E+01    1.8503E+01    4.9808E+00    2.0299E+01    7.9755E+00    1.2161E+01   
 1.1355E+02    5.5080E+01    6.2600E+01    2.3980E+01    1.9583E+01    1.6970E+01    8.1686E+01    5.8618E+01    1.8467E+01    4.9604E+00    2.0421E+01    7.8381E+00    1.2213E+01   
 1.1405E+02    5.5080E+01    6.2602E+01    2.4004E+01    1.9555E+01    1.6970E+01    8.1694E+01    5.8561E+01    1.8467E+01    4.9604E+00    2.0299E+01    7.6848E+00    1.2230E+01   
 1.1456E+02    5.5086E+01    6.2607E+01    2.3999E+01    1.9555E+01    1.6913E+01    8.1676E+01    5.8481E+01    1.8399E+01    4.9400E+00    2.0544E+01    7.9649E+00    1.2282E+01   
 1.1506E+02    5.5087E+01    6.2601E+01    2.4004E+01    1.9443E+01    1.6861E+01    8.1670E+01    5.8400E+01    1.8345E+01    4.9400E+00    2.0278E+01    7.6848E+00    1.2230E+01   
 1.1566E+02    5.5105E+01    6.2610E+01    2.3984E+01    1.9472E+01    1.6793E+01    8.1670E+01    5.8347E+01    1.8275E+01    4.9604E+00    2.0380E+01    7.7746E+00    1.2213E+01   
 1.1617E+02    5.5092E+01    6.2610E+01    2.3984E+01    1.9555E+01    1.6749E+01    8.1689E+01    5.8347E+01    1.8212E+01    4.9604E+00    2.0258E+01    7.7376E+00    1.2213E+01   
 1.1667E+02    5.5093E+01    6.2627E+01    2.4024E+01    1.9375E+01    1.6694E+01    8.1701E+01    5.8285E+01    1.8165E+01    4.9604E+00    2.0523E+01    7.9279E+00    1.2161E+01   
 1.1717E+02    5.5078E+01    6.2619E+01    2.4027E+01    1.9360E+01    1.6694E+01    8.1711E+01    5.8212E+01    1.8165E+01    4.9196E+00    2.0319E+01    7.8962E+00    1.2213E+01   
 1.1774E+02    5.5087E+01    6.2624E+01    2.4009E+01    1.9360E+01    1.6643E+01    8.1737E+01    5.8151E+01    1.8094E+01    4.9196E+00    2.0442E+01    7.9385E+00    1.2230E+01   
 1.1824E+02    5.5087E+01    6.2621E+01    2.4045E+01    1.9347E+01    1.6628E+01    8.1792E+01    5.8101E+01    1.8044E+01    4.9400E+00    2.0340E+01    7.6742E+00    1.2264E+01   
 1.1874E+02    5.5093E+01    6.2621E+01    2.4045E+01    1.9340E+01    1.6618E+01    8.1792E+01    5.8101E+01    1.7987E+01    4.8993E+00    2.0523E+01    7.6954E+00    1.2230E+01   
 1.1925E+02    5.5101E+01    6.2623E+01    2.4082E+01    1.9345E+01    1.6587E+01    8.1836E+01    5.8043E+01    1.7914E+01    4.9196E+00    2.0340E+01    7.9491E+00    1.2213E+01   
 1.1984E+02    5.5094E+01    6.2618E+01    2.4036E+01    1.9300E+01    1.6591E+01    8.1851E+01    5.7993E+01    1.7885E+01    4.8993E+00    2.0503E+01    7.9279E+00    1.2195E+01   
 1.2034E+02    5.5094E+01    6.2614E+01    2.4068E+01    1.9300E+01    1.6591E+01    8.1886E+01    5.7932E+01    1.7885E+01    4.8993E+00    2.0299E+01    7.8856E+00    1.2247E+01   
 1.2085E+02    5.5088E+01    6.2609E+01    2.4061E+01    1.9286E+01    1.6586E+01    8.1903E+01    5.7860E+01    1.7846E+01    4.8789E+00    2.0278E+01    7.6637E+00    1.2230E+01   
 1.2135E+02    5.5092E+01    6.2623E+01    2.4026E+01    1.9259E+01    1.6593E+01    8.1966E+01    5.7814E+01    1.7787E+01    4.8789E+00    2.0401E+01    7.9544E+00    1.2213E+01   
 1.2191E+02    5.5102E+01    6.2623E+01    2.4012E+01    1.9252E+01    1.6629E+01    8.1966E+01    5.7814E+01    1.7761E+01    4.8585E+00    2.0299E+01    7.7376E+00    1.2213E+01   
 1.2242E+02    5.5096E+01    6.2615E+01    2.4012E+01    1.9267E+01    1.6693E+01    8.2015E+01    5.7760E+01    1.7713E+01    4.8382E+00    2.0340E+01    7.7535E+00    1.2230E+01   
 1.2292E+02    5.5101E+01    6.2608E+01    2.4006E+01    1.9155E+01    1.6693E+01    8.2060E+01    5.7713E+01    1.7693E+01    4.8382E+00    2.0421E+01    7.8116E+00    1.2195E+01   
 1.2342E+02    5.5101E+01    6.2605E+01    2.4012E+01    1.9155E+01    1.6750E+01    8.2117E+01    5.7698E+01    1.7693E+01    4.8382E+00    2.0258E+01    7.6425E+00    1.2195E+01   
 1.2402E+02    5.5106E+01    6.2596E+01    2.3967E+01    1.9121E+01    1.6822E+01    8.2153E+01    5.7675E+01    1.7688E+01    4.8178E+00    2.0319E+01    7.6584E+00    1.2230E+01   
 1.2452E+02    5.5115E+01    6.2590E+01    2.3927E+01    1.9127E+01    1.6867E+01    8.2169E+01    5.7637E+01    1.7644E+01    4.8178E+00    2.0258E+01    7.7746E+00    1.2195E+01   
 1.2502E+02    5.5130E+01    6.2590E+01    2.3927E+01    1.9116E+01    1.6953E+01    8.2169E+01    5.7637E+01    1.7611E+01    4.8178E+00    2.0278E+01    7.7429E+00    1.2213E+01   
# Time (s)      T1w (C)       T2w (C)       T1a (C)       T2a (C)       T1r (C)       T2r (C)       T3r (C)       T4r (C)       P1 (bar)      P2 (bar)      Ic (amp)      Qc (l/min)    
 1.2553E+02    5.5130E+01    6.2586E+01    2.3937E+01    1.9087E+01    1.7027E+01    8.2170E+01    5.7600E+01    1.7526E+01    4.8178E+00    2.0197E+01    7.6531E+00    1.2247E+01   
 1.2609E+02    5.5132E+01    6.2579E+01    2.3940E+01    1.9075E+01    1.7131E+01    8.2191E+01    5.7591E+01    1.7502E+01    4.7974E+00    2.0136E+01    7.6214E+00    1.2178E+01   
 1.2659E+02    5.5132E+01    6.2561E+01    2.3918E+01    1.9075E+01    1.7131E+01    8.2198E+01    5.7595E+01    1.7502E+01    4.7974E+00    2.0380E+01    7.6214E+00    1.2126E+01   
 1.2709E+02    5.5130E+01    6.2543E+01    2.3920E+01    1.9025E+01    1.7234E+01    8.2179E+01    5.7601E+01    1.7463E+01    4.7974E+00    2.0278E+01    7.8275E+00    1.2161E+01   
 1.2760E+02    5.5130E+01    6.2534E+01    2.3944E+01    1.9023E+01    1.7340E+01    8.2179E+01    5.7602E+01    1.7439E+01    4.7974E+00    2.0299E+01    7.8328E+00    1.2213E+01   
 1.2819E+02    5.5130E+01    6.2534E+01    2.3944E+01    1.9092E+01    1.7445E+01    8.2200E+01    5.7602E+01    1.7448E+01    4.7974E+00    2.0095E+01    7.6689E+00    1.2195E+01   
 1.2870E+02    5.5136E+01    6.2519E+01    2.4054E+01    1.9031E+01    1.7559E+01    8.2223E+01    5.7614E+01    1.7433E+01    4.7974E+00    2.0197E+01    7.8222E+00    1.2195E+01   
 1.2920E+02    5.5152E+01    6.2492E+01    2.4128E+01    1.8980E+01    1.7559E+01    8.2230E+01    5.7661E+01    1.7414E+01    4.7974E+00    2.0217E+01    7.6002E+00    1.2178E+01   
 1.2970E+02    5.5152E+01    6.2493E+01    2.4124E+01    1.8980E+01    1.7659E+01    8.2229E+01    5.7706E+01    1.7414E+01    4.7974E+00    2.0176E+01    7.5949E+00    1.2247E+01   
 1.3027E+02    5.5129E+01    6.2467E+01    2.4182E+01    1.8917E+01    1.7758E+01    8.2220E+01    5.7741E+01    1.7439E+01    4.7974E+00    2.0319E+01    7.7958E+00    1.2195E+01   
 1.3077E+02    5.5149E+01    6.2455E+01    2.4121E+01    1.8922E+01    1.7868E+01    8.2220E+01    5.7796E+01    1.7428E+01    4.7974E+00    2.0136E+01    7.7694E+00    1.2230E+01   
 1.3127E+02    5.5147E+01    6.2455E+01    2.4121E+01    1.8879E+01    1.7973E+01    8.2190E+01    5.7782E+01    1.7412E+01    4.7770E+00    2.0095E+01    7.5949E+00    1.2213E+01   
 1.3177E+02    5.5148E+01    6.2444E+01    2.4077E+01    1.8971E+01    1.8064E+01    8.2164E+01    5.7824E+01    1.7432E+01    4.7974E+00    2.0238E+01    7.8645E+00    1.2230E+01   
 1.3236E+02    5.5151E+01    6.2429E+01    2.4086E+01    1.8975E+01    1.8064E+01    8.2126E+01    5.7888E+01    1.7477E+01    4.7974E+00    2.0054E+01    7.7218E+00    1.2161E+01   
 1.3286E+02    5.5151E+01    6.2423E+01    2.4088E+01    1.8975E+01    1.8173E+01    8.2117E+01    5.7955E+01    1.7477E+01    4.8178E+00    2.0299E+01    7.5949E+00    1.2213E+01   
 1.3337E+02    5.5168E+01    6.2404E+01    2.4070E+01    1.8915E+01    1.8283E+01    8.2100E+01    5.8030E+01    1.7492E+01    4.7974E+00    2.0278E+01    7.6319E+00    1.2195E+01   
 1.3387E+02    5.5164E+01    6.2406E+01    2.4070E+01    1.8875E+01    1.8386E+01    8.2100E+01    5.8030E+01    1.7561E+01    4.7974E+00    2.0156E+01    7.6108E+00    1.2178E+01   
 1.3443E+02    5.5151E+01    6.2406E+01    2.4022E+01    1.8871E+01    1.8493E+01    8.2071E+01    5.8079E+01    1.7580E+01    4.8178E+00    2.0074E+01    7.6425E+00    1.2143E+01   
 1.3494E+02    5.5178E+01    6.2399E+01    2.3927E+01    1.8897E+01    1.8576E+01    8.2019E+01    5.8163E+01    1.7618E+01    4.7974E+00    2.0115E+01    7.8222E+00    1.2161E+01   
 1.3544E+02    5.5178E+01    6.2396E+01    2.3875E+01    1.8897E+01    1.8591E+01    8.1991E+01    5.8260E+01    1.7634E+01    4.8382E+00    2.0115E+01    7.5897E+00    1.2195E+01   
 1.3594E+02    5.5174E+01    6.2385E+01    2.3862E+01    1.9012E+01    1.8969E+01    8.1900E+01    5.8484E+01    1.7775E+01    4.8178E+00    1.9972E+01    7.6689E+00    1.2213E+01   
 1.3778E+02    5.5174E+01    6.2381E+01    2.3871E+01    1.9012E+01    1.8969E+01    8.1905E+01    5.8563E+01    1.7775E+01    4.8382E+00    2.0054E+01    7.6055E+00    1.2195E+01   
 1.3828E+02    5.5188E+01    6.2374E+01    2.3871E+01    1.9017E+01    1.9052E+01    8.1905E+01    5.8563E+01    1.7795E+01    4.8178E+00    2.0034E+01    7.5949E+00    1.2247E+01   
 1.3878E+02    5.5181E+01    6.2374E+01    2.3853E+01    1.9025E+01    1.9135E+01    8.1924E+01    5.8611E+01    1.7799E+01    4.8382E+00    2.0217E+01    7.7165E+00    1.2213E+01   
 1.3929E+02    5.5179E+01    6.2377E+01    2.3894E+01    1.9004E+01    1.9245E+01    8.1969E+01    5.8703E+01    1.7810E+01    4.8585E+00    1.9993E+01    7.7112E+00    1.2213E+01   
 1.3985E+02    5.5179E+01    6.2358E+01    2.3942E+01    1.9022E+01    1.9245E+01    8.1979E+01    5.8748E+01    1.7829E+01    4.8382E+00    2.0176E+01    7.7746E+00    1.2230E+01   
 1.4035E+02    5.5191E+01    6.2358E+01    2.3932E+01    1.9022E+01    1.9313E+01    8.1992E+01    5.8839E+01    1.7829E+01    4.8178E+00    2.0095E+01    7.7482E+00    1.2178E+01   
 1.4086E+02    5.5200E+01    6.2350E+01    2.3939E+01    1.9054E+01    1.9406E+01    8.1992E+01    5.8893E+01    1.7820E+01    4.8178E+00    2.0074E+01    7.5949E+00    1.2161E+01   
 1.4136E+02    5.5204E+01    6.2350E+01    2.3939E+01    1.9056E+01    1.9501E+01    8.2014E+01    5.8908E+01    1.7841E+01    4.8382E+00    2.0074E+01    7.7852E+00    1.2178E+01   
 1.4195E+02    5.5196E+01    6.2341E+01    2.3882E+01    1.9065E+01    1.9568E+01    8.1997E+01    5.8991E+01    1.7854E+01    4.8382E+00    2.0258E+01    7.5844E+00    1.2178E+01   
# Time (s)      T1w (C)       T2w (C)       T1a (C)       T2a (C)       T1r (C)       T2r (C)       T3r (C)       T4r (C)       P1 (bar)      P2 (bar)      Ic (amp)      Qc (l/min)    
 1.4245E+02    5.5217E+01    6.2338E+01    2.3848E+01    1.9112E+01    1.9568E+01    8.2015E+01    5.9047E+01    1.7891E+01    4.8382E+00    2.0176E+01    7.5897E+00    1.2178E+01   
 1.4295E+02    5.5217E+01    6.2331E+01    2.3833E+01    1.9112E+01    1.9652E+01    8.2001E+01    5.9091E+01    1.7891E+01    4.8585E+00    2.0176E+01    7.6267E+00    1.2195E+01   
 1.4345E+02    5.5220E+01    6.2343E+01    2.3803E+01    1.9015E+01    1.9713E+01    8.1994E+01    5.9158E+01    1.7912E+01    4.8585E+00    2.0197E+01    7.8116E+00    1.2230E+01   
 1.4402E+02    5.5214E+01    6.2349E+01    2.3843E+01    1.9099E+01    1.9783E+01    8.1998E+01    5.9217E+01    1.7919E+01    4.8585E+00    2.0095E+01    7.8434E+00    1.2195E+01   
 1.4452E+02    5.5211E+01    6.2349E+01    2.3843E+01    1.9137E+01    1.9860E+01    8.1998E+01    5.9217E+01    1.7935E+01    4.8585E+00    1.9993E+01    7.6055E+00    1.2195E+01   
 1.4502E+02    5.5232E+01    6.2337E+01    2.3840E+01    1.9058E+01    1.9931E+01    8.1974E+01    5.9279E+01    1.7960E+01    4.8789E+00    2.0013E+01    7.5897E+00    1.2213E+01   
 1.4553E+02    5.5218E+01    6.2349E+01    2.3893E+01    1.9183E+01    1.9931E+01    8.1954E+01    5.9354E+01    1.7977E+01    4.8789E+00    2.0217E+01    7.8856E+00    1.2178E+01   
 1.4610E+02    5.5218E+01    6.2346E+01    2.3915E+01    1.9183E+01    1.9993E+01    8.1945E+01    5.9381E+01    1.7977E+01    4.8789E+00    1.9993E+01    7.5897E+00    1.2213E+01   
 1.4660E+02    5.5236E+01    6.2338E+01    2.3901E+01    1.9091E+01    2.0066E+01    8.1941E+01    5.9444E+01    1.8015E+01    4.8993E+00    1.9993E+01    7.5791E+00    1.2143E+01   
 1.4710E+02    5.5243E+01    6.2338E+01    2.3901E+01    1.9169E+01    2.0132E+01    8.1941E+01    5.9444E+01    1.8037E+01    4.8993E+00    1.9952E+01    7.7641E+00    1.2161E+01   
 1.4761E+02    5.5230E+01    6.2338E+01    2.3873E+01    1.9202E+01    2.0201E+01    8.1924E+01    5.9479E+01    1.8075E+01    4.9196E+00    2.0136E+01    7.6055E+00    1.2178E+01   
 1.4817E+02    5.5243E+01    6.2333E+01    2.3869E+01    1.9183E+01    2.0255E+01    8.1927E+01    5.9527E+01    1.8092E+01    4.9196E+00    2.0176E+01    7.6055E+00    1.2195E+01   
 1.4867E+02    5.5250E+01    6.2346E+01    2.3890E+01    1.9201E+01    2.0271E+01    8.1964E+01    5.9588E+01    1.8125E+01    4.9196E+00    2.0034E+01    7.6055E+00    1.2195E+01   
 1.4918E+02    5.5250E+01    6.2336E+01    2.3924E+01    1.9201E+01    2.0335E+01    8.1956E+01    5.9619E+01    1.8125E+01    4.9196E+00    2.0034E+01    7.8064E+00    1.2213E+01   
 1.4968E+02    5.5240E+01    6.2349E+01    2.3953E+01    1.9129E+01    2.0391E+01    8.1941E+01    5.9658E+01    1.8146E+01    4.9196E+00    2.0013E+01    7.6267E+00    1.2213E+01   
 1.5028E+02    5.5251E+01    6.2352E+01    2.3986E+01    1.9266E+01    2.0454E+01    8.1941E+01    5.9687E+01    1.8200E+01    4.9604E+00    2.0115E+01    7.6689E+00    1.2178E+01   
 1.5078E+02    5.5262E+01    6.2352E+01    2.3986E+01    1.9361E+01    2.0515E+01    8.1902E+01    5.9687E+01    1.8230E+01    4.9400E+00    1.9972E+01    7.8486E+00    1.2161E+01   
 1.5128E+02    5.5261E+01    6.2359E+01    2.3960E+01    1.9313E+01    2.0568E+01    8.1892E+01    5.9730E+01    1.8277E+01    4.9400E+00    2.0054E+01    7.6954E+00    1.2178E+01   
 1.5179E+02    5.5261E+01    6.2349E+01    2.3972E+01    1.9313E+01    2.0568E+01    8.1918E+01    5.9771E+01    1.8277E+01    4.9808E+00    1.9993E+01    7.6214E+00    1.2247E+01   
 1.5236E+02    5.5271E+01    6.2366E+01    2.3984E+01    1.9376E+01    2.0624E+01    8.1929E+01    5.9805E+01    1.8319E+01    4.9604E+00    2.0013E+01    7.8804E+00    1.2178E+01   
 1.5286E+02    5.5272E+01    6.2388E+01    2.3942E+01    1.9322E+01    2.0676E+01    8.1911E+01    5.9827E+01    1.8344E+01    4.9604E+00    2.0278E+01    7.9015E+00    1.2213E+01   
 1.5336E+02    5.5272E+01    6.2388E+01    2.3942E+01    1.9369E+01    2.0722E+01    8.1911E+01    5.9827E+01    1.8401E+01    4.9604E+00    2.0074E+01    7.6161E+00    1.2195E+01   
 1.5386E+02    5.5278E+01    6.2389E+01    2.3885E+01    1.9381E+01    2.0762E+01    8.1906E+01    5.9829E+01    1.8415E+01    4.9808E+00    2.0136E+01    7.6319E+00    1.2195E+01   
 1.5444E+02    5.5277E+01    6.2395E+01    2.3850E+01    1.9414E+01    2.0827E+01    8.1960E+01    5.9876E+01    1.8466E+01    4.9808E+00    2.0074E+01    7.6319E+00    1.2195E+01   
 1.5494E+02    5.5285E+01    6.2390E+01    2.3880E+01    1.9450E+01    2.0827E+01    8.1967E+01    5.9914E+01    1.8466E+01    4.9808E+00    2.0217E+01    7.7905E+00    1.2195E+01   
 1.5544E+02    5.5285E+01    6.2413E+01    2.3880E+01    1.9450E+01    2.0861E+01    8.1983E+01    5.9921E+01    1.8504E+01    4.9808E+00    2.0136E+01    7.6425E+00    1.2178E+01   
 1.5595E+02    5.5296E+01    6.2410E+01    2.3902E+01    1.9454E+01    2.0912E+01    8.1983E+01    5.9929E+01    1.8523E+01    4.9808E+00    2.0238E+01    7.7482E+00    1.2161E+01   
 1.5652E+02    5.5292E+01    6.2431E+01    2.3902E+01    1.9472E+01    2.0947E+01    8.1975E+01    5.9929E+01    1.8553E+01    4.9808E+00    2.0197E+01    7.9279E+00    1.2161E+01   
 1.5702E+02    5.5286E+01    6.2431E+01    2.3909E+01    1.9515E+01    2.0985E+01    8.1960E+01    5.9946E+01    1.8573E+01    5.0011E+00    2.0054E+01    7.9226E+00    1.2213E+01   
 1.5752E+02    5.5293E+01    6.2442E+01    2.3913E+01    1.9524E+01    2.0985E+01    8.1944E+01    5.9977E+01    1.8599E+01    4.9808E+00    2.0176E+01    7.6478E+00    1.2161E+01   
# Time (s)      T1w (C)       T2w (C)       T1a (C)       T2a (C)       T1r (C)       T2r (C)       T3r (C)       T4r (C)       P1 (bar)      P2 (bar)      Ic (amp)      Qc (l/min)    
 1.5803E+02    5.5293E+01    6.2433E+01    2.3942E+01    1.9524E+01    2.1020E+01    8.1911E+01    5.9989E+01    1.8599E+01    5.0215E+00    2.0217E+01    7.9068E+00    1.2230E+01   
 1.5862E+02    5.5295E+01    6.2438E+01    2.3953E+01    1.9486E+01    2.1045E+01    8.1902E+01    5.9990E+01    1.8631E+01    5.0215E+00    2.0319E+01    7.7905E+00    1.2213E+01   
 1.5912E+02    5.5294E+01    6.2446E+01    2.3907E+01    1.9533E+01    2.1080E+01    8.1888E+01    6.0000E+01    1.8661E+01    5.0215E+00    2.0197E+01    7.8222E+00    1.2178E+01   
 1.5963E+02    5.5307E+01    6.2461E+01    2.3922E+01    1.9538E+01    2.1121E+01    8.1888E+01    6.0000E+01    1.8704E+01    5.0215E+00    2.0074E+01    7.7165E+00    1.2195E+01   
 1.6013E+02    5.5309E+01    6.2477E+01    2.3855E+01    1.9520E+01    2.1136E+01    8.1884E+01    6.0007E+01    1.8724E+01    5.0419E+00    2.0054E+01    7.8751E+00    1.2195E+01   
 1.6069E+02    5.5315E+01    6.2490E+01    2.3819E+01    1.9617E+01    2.1144E+01    8.1867E+01    6.0024E+01    1.8774E+01    5.0623E+00    2.0136E+01    7.8169E+00    1.2230E+01   
 1.6120E+02    5.5315E+01    6.2500E+01    2.3789E+01    1.9617E+01    2.1144E+01    8.1883E+01    6.0041E+01    1.8774E+01    5.0419E+00    2.0197E+01    7.6478E+00    1.2178E+01   
 1.6170E+02    5.5318E+01    6.2495E+01    2.3800E+01    1.9609E+01    2.1207E+01    8.1908E+01    6.0025E+01    1.8789E+01    5.0623E+00    2.0095E+01    7.6848E+00    1.2213E+01   
 1.6220E+02    5.5328E+01    6.2505E+01    2.3800E+01    1.9608E+01    2.1224E+01    8.1908E+01    6.0025E+01    1.8834E+01    5.0419E+00    2.0299E+01    7.7218E+00    1.2264E+01   
 1.6277E+02    5.5329E+01    6.2505E+01    2.3795E+01    1.9603E+01    2.1249E+01    8.1946E+01    6.0057E+01    1.8861E+01    5.0826E+00    2.0319E+01    7.9279E+00    1.2213E+01   
 1.6328E+02    5.5350E+01    6.2500E+01    2.3778E+01    1.9674E+01    2.1276E+01    8.1979E+01    6.0051E+01    1.8886E+01    5.0419E+00    2.0319E+01    7.9015E+00    1.2230E+01   
 1.6378E+02    5.5328E+01    6.2499E+01    2.3828E+01    1.9620E+01    2.1276E+01    8.1993E+01    6.0050E+01    1.8926E+01    5.0623E+00    2.0238E+01    7.7218E+00    1.2213E+01   
 1.6428E+02    5.5328E+01    6.2504E+01    2.3817E+01    1.9620E+01    2.1297E+01    8.1986E+01    6.0078E+01    1.8926E+01    5.0215E+00    2.0095E+01    7.9279E+00    1.2230E+01   
 1.6485E+02    5.5337E+01    6.2524E+01    2.3995E+01    1.9633E+01    2.1328E+01    8.1973E+01    6.0104E+01    1.8958E+01    5.0419E+00    2.0176E+01    7.7112E+00    1.2213E+01   
 1.6536E+02    5.5340E+01    6.2523E+01    2.4009E+01    1.9605E+01    2.1355E+01    8.1973E+01    6.0094E+01    1.9012E+01    5.0419E+00    2.0278E+01    7.6689E+00    1.2230E+01   
 1.6586E+02    5.5335E+01    6.2523E+01    2.4009E+01    1.9590E+01    2.1346E+01    8.1967E+01    6.0094E+01    1.9026E+01    5.0419E+00    2.0156E+01    7.8698E+00    1.2178E+01   
 1.6636E+02    5.5357E+01    6.2505E+01    2.3928E+01    1.9661E+01    2.1373E+01    8.1964E+01    6.0139E+01    1.9058E+01    5.0623E+00    2.0340E+01    7.6637E+00    1.2161E+01   
 1.6693E+02    5.5344E+01    6.2525E+01    2.3954E+01    1.9664E+01    2.1373E+01    8.1950E+01    6.0147E+01    1.9088E+01    5.1030E+00    2.0176E+01    7.8909E+00    1.2143E+01   
 1.6744E+02    5.5344E+01    6.2531E+01    2.3940E+01    1.9664E+01    2.1401E+01    8.1940E+01    6.0171E+01    1.9088E+01    5.0623E+00    2.0176E+01    7.8698E+00    1.2178E+01   
 1.6794E+02    5.5348E+01    6.2556E+01    2.3940E+01    1.9641E+01    2.1398E+01    8.1898E+01    6.0171E+01    1.9079E+01    5.0623E+00    2.0136E+01    7.7905E+00    1.2213E+01   
 1.6844E+02    5.5361E+01    6.2558E+01    2.3940E+01    1.9677E+01    2.1423E+01    8.1898E+01    6.0171E+01    1.9095E+01    5.0826E+00    2.0095E+01    7.8169E+00    1.2178E+01   
 1.6901E+02    5.5352E+01    6.2558E+01    2.3982E+01    1.9644E+01    2.1418E+01    8.1863E+01    6.0153E+01    1.9112E+01    5.0826E+00    2.0217E+01    7.7746E+00    1.2213E+01   
 1.6952E+02    5.5352E+01    6.2562E+01    2.4017E+01    1.9607E+01    2.1410E+01    8.1838E+01    6.0149E+01    1.9116E+01    5.1030E+00    2.0360E+01    7.6795E+00    1.2213E+01   
 1.7002E+02    5.5352E+01    6.2574E+01    2.4042E+01    1.9607E+01    2.1410E+01    8.1819E+01    6.0150E+01    1.9116E+01    5.1030E+00    2.0156E+01    7.8222E+00    1.2178E+01   
 1.7052E+02    5.5356E+01    6.2581E+01    2.4016E+01    1.9605E+01    2.1434E+01    8.1802E+01    6.0125E+01    1.9160E+01    5.1030E+00    2.0156E+01    7.8804E+00    1.2161E+01   
 1.7113E+02    5.5351E+01    6.2586E+01    2.3973E+01    1.9682E+01    2.1438E+01    8.1796E+01    6.0145E+01    1.9174E+01    5.0826E+00    2.0197E+01    7.6795E+00    1.2195E+01   
 1.7163E+02    5.5364E+01    6.2583E+01    2.3973E+01    1.9637E+01    2.1459E+01    8.1810E+01    6.0184E+01    1.9209E+01    5.1030E+00    2.0217E+01    7.6795E+00    1.2178E+01   
 1.7213E+02    5.5358E+01    6.2583E+01    2.3964E+01    1.9757E+01    2.1463E+01    8.1788E+01    6.0184E+01    1.9202E+01    5.0826E+00    2.0380E+01    7.9649E+00    1.2213E+01   
 1.7263E+02    5.5362E+01    6.2599E+01    2.3952E+01    1.9710E+01    2.1479E+01    8.1799E+01    6.0211E+01    1.9222E+01    5.1234E+00    2.0095E+01    7.6848E+00    1.2195E+01   
 1.7322E+02    5.5358E+01    6.2609E+01    2.3985E+01    1.9695E+01    2.1470E+01    8.1784E+01    6.0220E+01    1.9249E+01    5.1234E+00    2.0360E+01    7.7059E+00    1.2213E+01   
# Time (s)      T1w (C)       T2w (C)       T1a (C)       T2a (C)       T1r (C)       T2r (C)       T3r (C)       T4r (C)       P1 (bar)      P2 (bar)      Ic (amp)      Qc (l/min)    
 1.7373E+02    5.5358E+01    6.2612E+01    2.4040E+01    1.9695E+01    2.1479E+01    8.1763E+01    6.0202E+01    1.9249E+01    5.1030E+00    2.0238E+01    7.6848E+00    1.2213E+01   
 1.7423E+02    5.5363E+01    6.2622E+01    2.4021E+01    1.9680E+01    2.1459E+01    8.1774E+01    6.0227E+01    1.9247E+01    5.1030E+00    2.0176E+01    7.9279E+00    1.2213E+01   
 1.7473E+02    5.5353E+01    6.2624E+01    2.4021E+01    1.9746E+01    2.1409E+01    8.1760E+01    6.0213E+01    1.9242E+01    5.0826E+00    2.0299E+01    7.6795E+00    1.2178E+01   
 1.7531E+02    5.5362E+01    6.2624E+01    2.3984E+01    1.9746E+01    2.1372E+01    8.1777E+01    6.0188E+01    1.9264E+01    5.0826E+00    2.0340E+01    7.9015E+00    1.2126E+01   
 1.7582E+02    5.5364E+01    6.2626E+01    2.4017E+01    1.9790E+01    2.1307E+01    8.1801E+01    6.0173E+01    1.9294E+01    5.0623E+00    2.0340E+01    7.7376E+00    1.2178E+01   
 1.7632E+02    5.5368E+01    6.2627E+01    2.4043E+01    1.9790E+01    2.1307E+01    8.1849E+01    6.0189E+01    1.9294E+01    5.0826E+00    2.0217E+01    7.9596E+00    1.2213E+01   
 1.7682E+02    5.5383E+01    6.2647E+01    2.4016E+01    1.9802E+01    2.1209E+01    8.1863E+01    6.0208E+01    1.9335E+01    5.1030E+00    2.0340E+01    7.6901E+00    1.2213E+01   
 1.7740E+02    5.5371E+01    6.2641E+01    2.4005E+01    1.9809E+01    2.1063E+01    8.1880E+01    6.0231E+01    1.9361E+01    5.0826E+00    2.0238E+01    7.6954E+00    1.2213E+01   
 1.7790E+02    5.5386E+01    6.2660E+01    2.4020E+01    1.9922E+01    2.0838E+01    8.1880E+01    6.0231E+01    1.9392E+01    5.1234E+00    2.0380E+01    7.8856E+00    1.2195E+01   
 1.7840E+02    5.5396E+01    6.2660E+01    2.4039E+01    1.9917E+01    2.0462E+01    8.1905E+01    6.0228E+01    1.9419E+01    5.1234E+00    2.0156E+01    7.8116E+00    1.2143E+01   
 1.7891E+02    5.5380E+01    6.2646E+01    2.4015E+01    1.9972E+01    2.0462E+01    8.1932E+01    6.0266E+01    1.9440E+01    5.1030E+00    2.0197E+01    7.8222E+00    1.2195E+01   
 1.7949E+02    5.5403E+01    6.2648E+01    2.4017E+01    1.9972E+01    2.0083E+01    8.1943E+01    6.0272E+01    1.9471E+01    5.1437E+00    2.0319E+01    7.8064E+00    1.2230E+01   
 1.7999E+02    5.5418E+01    6.2662E+01    2.4009E+01    1.9957E+01    1.9797E+01    8.1911E+01    6.0280E+01    1.9471E+01    5.1234E+00    2.0319E+01    7.7112E+00    1.2213E+01   
 1.8049E+02    5.5400E+01    6.2659E+01    2.4019E+01    1.9963E+01    1.9545E+01    8.1911E+01    6.0270E+01    1.9491E+01    5.1234E+00    2.0238E+01    7.9755E+00    1.2230E+01   
 1.8100E+02    5.5394E+01    6.2644E+01    2.4003E+01    1.9970E+01    1.9320E+01    8.1895E+01    6.0270E+01    1.9511E+01    5.1234E+00    2.0462E+01    7.7535E+00    1.2247E+01   
 1.8157E+02    5.5399E+01    6.2661E+01    2.3889E+01    2.0054E+01    1.9126E+01    8.1854E+01    6.0249E+01    1.9522E+01    5.1030E+00    2.0442E+01    7.7958E+00    1.2230E+01   
 1.8207E+02    5.5382E+01    6.2657E+01    2.3821E+01    2.0019E+01    1.9126E+01    8.1820E+01    6.0253E+01    1.9524E+01    5.1234E+00    2.0380E+01    7.9649E+00    1.2230E+01   
 1.8257E+02    5.5382E+01    6.2653E+01    2.3794E+01    2.0019E+01    1.8950E+01    8.1817E+01    6.0231E+01    1.9524E+01    5.1234E+00    2.0217E+01    7.7535E+00    1.2230E+01   
 1.8308E+02    5.5402E+01    6.2678E+01    2.3759E+01    1.9997E+01    1.8795E+01    8.1798E+01    6.0208E+01    1.9526E+01    5.1030E+00    2.0401E+01    7.9226E+00    1.2178E+01   
 1.8366E+02    5.5401E+01    6.2713E+01    2.3762E+01    1.9958E+01    1.8634E+01    8.1795E+01    6.0180E+01    1.9516E+01    5.1234E+00    2.0482E+01    7.7165E+00    1.2230E+01   
 1.8416E+02    5.5403E+01    6.2702E+01    2.3762E+01    1.9910E+01    1.8490E+01    8.1795E+01    6.0180E+01    1.9483E+01    5.1030E+00    2.0482E+01    7.7218E+00    1.2195E+01   
 1.8466E+02    5.5415E+01    6.2716E+01    2.3706E+01    1.9982E+01    1.8347E+01    8.1790E+01    6.0133E+01    1.9478E+01    5.1030E+00    2.0421E+01    7.9174E+00    1.2195E+01   
 1.8516E+02    5.5428E+01    6.2734E+01    2.3613E+01    1.9982E+01    1.8347E+01    8.1798E+01    6.0087E+01    1.9437E+01    5.1030E+00    2.0482E+01    7.8592E+00    1.2230E+01   
 1.8574E+02    5.5424E+01    6.2767E+01    2.3616E+01    1.9952E+01    1.8215E+01    8.1804E+01    6.0041E+01    1.9437E+01    5.0826E+00    2.0278E+01    7.8222E+00    1.2178E+01   
 1.8624E+02    5.5424E+01    6.2780E+01    2.3633E+01    1.9985E+01    1.8101E+01    8.1786E+01    5.9977E+01    1.9400E+01    5.0826E+00    2.0523E+01    8.0283E+00    1.2195E+01   
 1.8674E+02    5.5432E+01    6.2794E+01    2.3633E+01    2.0022E+01    1.8007E+01    8.1786E+01    5.9930E+01    1.9348E+01    5.0826E+00    2.0319E+01    7.8486E+00    1.2195E+01   
 1.8725E+02    5.5443E+01    6.2794E+01    2.3651E+01    2.0009E+01    1.7897E+01    8.1767E+01    5.9930E+01    1.9297E+01    5.0826E+00    2.0421E+01    7.9279E+00    1.2213E+01   
 1.8785E+02    5.5429E+01    6.2799E+01    2.3667E+01    1.9960E+01    1.7795E+01    8.1768E+01    5.9855E+01    1.9246E+01    5.1030E+00    2.0584E+01    7.8856E+00    1.2143E+01   
 1.8835E+02    5.5422E+01    6.2829E+01    2.3689E+01    1.9952E+01    1.7795E+01    8.1788E+01    5.9801E+01    1.9193E+01    5.0826E+00    2.0544E+01    7.7482E+00    1.2195E+01   
 1.8885E+02    5.5422E+01    6.2850E+01    2.3786E+01    1.9952E+01    1.7720E+01    8.1836E+01    5.9750E+01    1.9208E+01    5.0826E+00    2.0340E+01    7.7958E+00    1.2178E+01   
# Time (s)      T1w (C)       T2w (C)       T1a (C)       T2a (C)       T1r (C)       T2r (C)       T3r (C)       T4r (C)       P1 (bar)      P2 (bar)      Ic (amp)      Qc (l/min)    
 1.8936E+02    5.5414E+01    6.2844E+01    2.3806E+01    1.9963E+01    1.7640E+01    8.1867E+01    5.9668E+01    1.9143E+01    5.0826E+00    2.0544E+01    7.8011E+00    1.2213E+01   
 1.8994E+02    5.5417E+01    6.2846E+01    2.3839E+01    1.9919E+01    1.7557E+01    8.1875E+01    5.9599E+01    1.9090E+01    5.0623E+00    2.0442E+01    7.9438E+00    1.2161E+01   
 1.9045E+02    5.5409E+01    6.2866E+01    2.3839E+01    1.9906E+01    1.7472E+01    8.1875E+01    5.9599E+01    1.9008E+01    5.0623E+00    2.0442E+01    7.7852E+00    1.2247E+01   
 1.9095E+02    5.5415E+01    6.2866E+01    2.3866E+01    1.9909E+01    1.7393E+01    8.1903E+01    5.9525E+01    1.8959E+01    5.0419E+00    2.0421E+01    7.7271E+00    1.2213E+01   
 1.9145E+02    5.5415E+01    6.2878E+01    2.3778E+01    1.9909E+01    1.7393E+01    8.1960E+01    5.9471E+01    1.8913E+01    5.0419E+00    2.0442E+01    7.9068E+00    1.2230E+01   
 1.9205E+02    5.5421E+01    6.2888E+01    2.3757E+01    1.9819E+01    1.7344E+01    8.1978E+01    5.9406E+01    1.8913E+01    5.0215E+00    2.0482E+01    8.0178E+00    1.2178E+01   
 1.9255E+02    5.5421E+01    6.2905E+01    2.3734E+01    1.9770E+01    1.7269E+01    8.2026E+01    5.9321E+01    1.8843E+01    5.0215E+00    2.0380E+01    7.7271E+00    1.2161E+01   
 1.9305E+02    5.5400E+01    6.2879E+01    2.3687E+01    1.9750E+01    1.7194E+01    8.2026E+01    5.9224E+01    1.8770E+01    5.0011E+00    2.0462E+01    7.7376E+00    1.2161E+01   
 1.9356E+02    5.5417E+01    6.2879E+01    2.3687E+01    1.9775E+01    1.7136E+01    8.2055E+01    5.9224E+01    1.8708E+01    4.9808E+00    2.0625E+01    7.8592E+00    1.2195E+01   
 1.9414E+02    5.5414E+01    6.2904E+01    2.3735E+01    1.9680E+01    1.7104E+01    8.2078E+01    5.9192E+01    1.8715E+01    5.0011E+00    2.0482E+01    7.8962E+00    1.2195E+01   
 1.9465E+02    5.5409E+01    6.2891E+01    2.3804E+01    1.9635E+01    1.7104E+01    8.2077E+01    5.9114E+01    1.8655E+01    5.0011E+00    2.0625E+01    7.9068E+00    1.2126E+01   
 1.9515E+02    5.5409E+01    6.2888E+01    2.3848E+01    1.9635E+01    1.7063E+01    8.2072E+01    5.9081E+01    1.8671E+01    4.9808E+00    2.0646E+01    7.7535E+00    1.2213E+01   
 1.9565E+02    5.5420E+01    6.2915E+01    2.3874E+01    1.9603E+01    1.7001E+01    8.2077E+01    5.9027E+01    1.8626E+01    4.9808E+00    2.0380E+01    7.7852E+00    1.2213E+01   
 1.9623E+02    5.5439E+01    6.2924E+01    2.3933E+01    1.9584E+01    1.6963E+01    8.2091E+01    5.8951E+01    1.8607E+01    4.9808E+00    2.0421E+01    7.7324E+00    1.2213E+01   
 1.9674E+02    5.5433E+01    6.2944E+01    2.3948E+01    1.9547E+01    1.6908E+01    8.2090E+01    5.8951E+01    1.8546E+01    4.9604E+00    2.0584E+01    7.7905E+00    1.2213E+01   
 1.9724E+02    5.5440E+01    6.2944E+01    2.3984E+01    1.9456E+01    1.6874E+01    8.2111E+01    5.8893E+01    1.8496E+01    4.9604E+00    2.0605E+01    7.7852E+00    1.2126E+01   
 1.9775E+02    5.5451E+01    6.2964E+01    2.4041E+01    1.9472E+01    1.6874E+01    8.2114E+01    5.8809E+01    1.8429E+01    4.9604E+00    2.0482E+01    7.9438E+00    1.2178E+01   
 1.9834E+02    5.5447E+01    6.2966E+01    2.4002E+01    1.9448E+01    1.6820E+01    8.2132E+01    5.8740E+01    1.8429E+01    4.9604E+00    2.0523E+01    7.7218E+00    1.2247E+01   
 1.9884E+02    5.5447E+01    6.2958E+01    2.3948E+01    1.9508E+01    1.6801E+01    8.2178E+01    5.8651E+01    1.8398E+01    4.9604E+00    2.0625E+01    7.7905E+00    1.2213E+01   
 1.9934E+02    5.5451E+01    6.2975E+01    2.3945E+01    1.9559E+01    1.6749E+01    8.2178E+01    5.8601E+01    1.8332E+01    4.9604E+00    2.0625E+01    8.0178E+00    1.2230E+01   
 1.9985E+02    5.5441E+01    6.2975E+01    2.3945E+01    1.9501E+01    1.6722E+01    8.2203E+01    5.8601E+01    1.8269E+01    4.9196E+00    2.0442E+01    7.7218E+00    1.2213E+01   
 2.0043E+02    5.5447E+01    6.2980E+01    2.3898E+01    1.9485E+01    1.6688E+01    8.2255E+01    5.8543E+01    1.8213E+01    4.9196E+00    2.0503E+01    7.9966E+00    1.2161E+01   
 2.0093E+02    5.5442E+01    6.2971E+01    2.3932E+01    1.9360E+01    1.6688E+01    8.2282E+01    5.8484E+01    1.8137E+01    4.9196E+00    2.0646E+01    7.7218E+00    1.2178E+01   
 2.0143E+02    5.5442E+01    6.2969E+01    2.3925E+01    1.9360E+01    1.6661E+01    8.2301E+01    5.8396E+01    1.8137E+01    4.9196E+00    2.0707E+01    7.7165E+00    1.2213E+01   
 2.0194E+02    5.5444E+01    6.2967E+01    2.3863E+01    1.9368E+01    1.6637E+01    8.2302E+01    5.8339E+01    1.8079E+01    4.8993E+00    2.0646E+01    7.7059E+00    1.2195E+01   
 2.0252E+02    5.5448E+01    6.2965E+01    2.3865E+01    1.9372E+01    1.6619E+01    8.2302E+01    5.8277E+01    1.8039E+01    4.8993E+00    2.0727E+01    8.0125E+00    1.2230E+01   
 2.0302E+02    5.5447E+01    6.2962E+01    2.3865E+01    1.9330E+01    1.6617E+01    8.2307E+01    5.8277E+01    1.8004E+01    4.8993E+00    2.0707E+01    7.7165E+00    1.2195E+01   
 2.0353E+02    5.5465E+01    6.2962E+01    2.3868E+01    1.9411E+01    1.6649E+01    8.2323E+01    5.8247E+01    1.7940E+01    4.8789E+00    2.0482E+01    7.7007E+00    1.2230E+01   
 2.0403E+02    5.5448E+01    6.2973E+01    2.3830E+01    1.9411E+01    1.6665E+01    8.2358E+01    5.8189E+01    1.7935E+01    4.8789E+00    2.0584E+01    7.9438E+00    1.2195E+01   
 2.0462E+02    5.5468E+01    6.2967E+01    2.3871E+01    1.9293E+01    1.6697E+01    8.2395E+01    5.8139E+01    1.7935E+01    4.8789E+00    2.0462E+01    7.7852E+00    1.2178E+01   
# Time (s)      T1w (C)       T2w (C)       T1a (C)       T2a (C)       T1r (C)       T2r (C)       T3r (C)       T4r (C)       P1 (bar)      P2 (bar)      Ic (amp)      Qc (l/min)    
 2.0512E+02    5.5468E+01    6.2967E+01    2.3888E+01    1.9229E+01    1.6760E+01    8.2408E+01    5.8074E+01    1.7871E+01    4.8585E+00    2.0646E+01    7.7376E+00    1.2247E+01   
 2.0562E+02    5.5482E+01    6.2965E+01    2.3941E+01    1.9241E+01    1.6815E+01    8.2408E+01    5.8034E+01    1.7834E+01    4.8585E+00    2.0503E+01    7.6795E+00    1.2195E+01   
 2.0613E+02    5.5471E+01    6.2965E+01    2.3941E+01    1.9225E+01    1.6901E+01    8.2426E+01    5.8049E+01    1.7817E+01    4.8585E+00    2.0625E+01    7.9702E+00    1.2195E+01   
 2.0672E+02    5.5485E+01    6.2948E+01    2.4018E+01    1.9144E+01    1.6974E+01    8.2453E+01    5.8032E+01    1.7784E+01    4.8178E+00    2.0421E+01    7.8962E+00    1.2230E+01   
 2.0723E+02    5.5491E+01    6.2958E+01    2.4053E+01    1.9035E+01    1.6974E+01    8.2475E+01    5.8011E+01    1.7750E+01    4.8382E+00    2.0584E+01    7.9755E+00    1.2195E+01   
 2.0773E+02    5.5483E+01    6.2943E+01    2.4033E+01    1.9035E+01    1.7046E+01    8.2502E+01    5.7994E+01    1.7750E+01    4.8382E+00    2.0625E+01    7.9702E+00    1.2178E+01   
 2.0824E+02    5.5468E+01    6.2909E+01    2.4008E+01    1.8991E+01    1.7151E+01    8.2509E+01    5.7990E+01    1.7723E+01    4.8178E+00    2.0319E+01    7.6742E+00    1.2195E+01   
 2.0880E+02    5.5483E+01    6.2900E+01    2.4016E+01    1.8943E+01    1.7254E+01    8.2523E+01    5.8001E+01    1.7715E+01    4.8178E+00    2.0523E+01    7.7852E+00    1.2178E+01   
 2.0931E+02    5.5464E+01    6.2878E+01    2.4000E+01    1.8928E+01    1.7355E+01    8.2529E+01    5.8001E+01    1.7692E+01    4.7974E+00    2.0278E+01    7.8011E+00    1.2178E+01   
 2.0981E+02    5.5464E+01    6.2878E+01    2.3989E+01    1.8912E+01    1.7462E+01    8.2546E+01    5.8034E+01    1.7673E+01    4.8382E+00    2.0544E+01    7.9491E+00    1.2178E+01   
 2.1031E+02    5.5475E+01    6.2837E+01    2.3951E+01    1.8896E+01    1.7462E+01    8.2549E+01    5.8046E+01    1.7651E+01    4.8178E+00    2.0238E+01    7.6425E+00    1.2213E+01   
 2.1091E+02    5.5455E+01    6.2824E+01    2.3943E+01    1.8864E+01    1.7566E+01    8.2547E+01    5.8062E+01    1.7651E+01    4.8178E+00    2.0523E+01    7.6637E+00    1.2213E+01   
 2.1141E+02    5.5455E+01    6.2815E+01    2.3884E+01    1.8756E+01    1.7678E+01    8.2554E+01    5.8072E+01    1.7625E+01    4.8178E+00    2.0217E+01    7.7271E+00    1.2230E+01   
 2.1191E+02    5.5452E+01    6.2803E+01    2.3903E+01    1.8680E+01    1.7787E+01    8.2554E+01    5.8107E+01    1.7610E+01    4.7974E+00    2.0197E+01    7.6372E+00    1.2213E+01   
 2.1242E+02    5.5457E+01    6.2774E+01    2.3903E+01    1.8805E+01    1.7888E+01    8.2536E+01    5.8107E+01    1.7579E+01    4.7974E+00    2.0503E+01    7.6531E+00    1.2195E+01   
 2.1299E+02    5.5448E+01    6.2774E+01    2.3954E+01    1.8859E+01    1.7988E+01    8.2531E+01    5.8192E+01    1.7577E+01    4.8178E+00    2.0380E+01    7.8909E+00    1.2264E+01   
 2.1350E+02    5.5460E+01    6.2780E+01    2.3988E+01    1.8826E+01    1.7988E+01    8.2523E+01    5.8241E+01    1.7577E+01    4.7974E+00    2.0278E+01    7.6372E+00    1.2195E+01   
 2.1400E+02    5.5460E+01    6.2759E+01    2.3997E+01    1.8826E+01    1.8105E+01    8.2495E+01    5.8284E+01    1.7577E+01    4.7974E+00    2.0421E+01    7.6478E+00    1.2213E+01   
 2.1450E+02    5.5443E+01    6.2744E+01    2.3994E+01    1.8911E+01    1.8199E+01    8.2495E+01    5.8346E+01    1.7617E+01    4.8178E+00    2.0156E+01    7.7641E+00    1.2195E+01   
 2.1509E+02    5.5438E+01    6.2709E+01    2.4009E+01    1.8865E+01    1.8299E+01    8.2481E+01    5.8384E+01    1.7639E+01    4.8382E+00    2.0197E+01    7.8381E+00    1.2195E+01   
 2.1559E+02    5.5431E+01    6.2710E+01    2.4009E+01    1.8841E+01    1.8400E+01    8.2477E+01    5.8384E+01    1.7652E+01    4.8382E+00    2.0238E+01    7.7588E+00    1.2195E+01   
 2.1610E+02    5.5446E+01    6.2710E+01    2.3998E+01    1.8864E+01    1.8504E+01    8.2442E+01    5.8435E+01    1.7685E+01    4.7974E+00    2.0197E+01    7.6319E+00    1.2213E+01   
 2.1660E+02    5.5451E+01    6.2707E+01    2.3901E+01    1.8864E+01    1.8504E+01    8.2442E+01    5.8521E+01    1.7707E+01    4.7974E+00    2.0299E+01    7.8962E+00    1.2195E+01   
 2.1718E+02    5.5448E+01    6.2682E+01    2.3932E+01    1.8869E+01    1.8589E+01    8.2412E+01    5.8578E+01    1.7707E+01    4.8382E+00    2.0278E+01    7.6425E+00    1.2230E+01   
 2.1768E+02    5.5448E+01    6.2663E+01    2.3932E+01    1.8837E+01    1.8699E+01    8.2408E+01    5.8646E+01    1.7741E+01    4.8585E+00    2.0278E+01    7.8328E+00    1.2247E+01   
 2.1819E+02    5.5471E+01    6.2682E+01    2.3894E+01    1.8911E+01    1.8781E+01    8.2408E+01    5.8721E+01    1.7778E+01    4.8382E+00    2.0176E+01    7.6161E+00    1.2195E+01   
 2.1869E+02    5.5464E+01    6.2682E+01    2.3894E+01    1.8914E+01    1.8871E+01    8.2394E+01    5.8721E+01    1.7816E+01    4.8585E+00    2.0156E+01    7.8434E+00    1.2264E+01   
 2.1928E+02    5.5484E+01    6.2675E+01    2.3814E+01    1.8945E+01    1.8949E+01    8.2401E+01    5.8778E+01    1.7837E+01    4.8382E+00    2.0278E+01    7.6689E+00    1.2195E+01   
 2.1978E+02    5.5479E+01    6.2677E+01    2.3801E+01    1.8973E+01    1.8949E+01    8.2419E+01    5.8819E+01    1.7872E+01    4.8585E+00    2.0360E+01    7.6584E+00    1.2195E+01   
 2.2028E+02    5.5494E+01    6.2677E+01    2.3733E+01    1.8989E+01    1.9010E+01    8.2378E+01    5.8859E+01    1.7856E+01    4.8382E+00    2.0380E+01    7.6319E+00    1.2178E+01   
# Time (s)      T1w (C)       T2w (C)       T1a (C)       T2a (C)       T1r (C)       T2r (C)       T3r (C)       T4r (C)       P1 (bar)      P2 (bar)      Ic (amp)      Qc (l/min)    
 2.2079E+02    5.5512E+01    6.2698E+01    2.3793E+01    1.9064E+01    1.9111E+01    8.2353E+01    5.8937E+01    1.7866E+01    4.8382E+00    2.0156E+01    7.8011E+00    1.2213E+01   
 2.2135E+02    5.5512E+01    6.2676E+01    2.3793E+01    1.9021E+01    1.9187E+01    8.2353E+01    5.8983E+01    1.7867E+01    4.8585E+00    2.0176E+01    7.6319E+00    1.2178E+01   
 2.2185E+02    5.5517E+01    6.2676E+01    2.3839E+01    1.8968E+01    1.9271E+01    8.2345E+01    5.8983E+01    1.7866E+01    4.8382E+00    2.0136E+01    7.7271E+00    1.2247E+01   
 2.2235E+02    5.5504E+01    6.2676E+01    2.3890E+01    1.8912E+01    1.9271E+01    8.2320E+01    5.9053E+01    1.7883E+01    4.8585E+00    2.0136E+01    7.7535E+00    1.2195E+01   
 2.2286E+02    5.5517E+01    6.2665E+01    2.3912E+01    1.8912E+01    1.9350E+01    8.2306E+01    5.9113E+01    1.7883E+01    4.8585E+00    2.0299E+01    7.6319E+00    1.2178E+01   
 2.2344E+02    5.5517E+01    6.2675E+01    2.3932E+01    1.9041E+01    1.9428E+01    8.2294E+01    5.9177E+01    1.7878E+01    4.8382E+00    2.0319E+01    7.6372E+00    1.2195E+01   
 2.2395E+02    5.5522E+01    6.2662E+01    2.3979E+01    1.9054E+01    1.9512E+01    8.2287E+01    5.9244E+01    1.7897E+01    4.8789E+00    2.0197E+01    7.9068E+00    1.2213E+01   
 2.2445E+02    5.5519E+01    6.2666E+01    2.3979E+01    1.9042E+01    1.9586E+01    8.2287E+01    5.9301E+01    1.7896E+01    4.8585E+00    2.0278E+01    7.8486E+00    1.2161E+01   
 2.2495E+02    5.5523E+01    6.2666E+01    2.3984E+01    1.9179E+01    1.9652E+01    8.2275E+01    5.9301E+01    1.7899E+01    4.8585E+00    2.0258E+01    7.6478E+00    1.2195E+01   
 2.2552E+02    5.5522E+01    6.2660E+01    2.3978E+01    1.9067E+01    1.9652E+01    8.2268E+01    5.9375E+01    1.7922E+01    4.8585E+00    2.0095E+01    7.6267E+00    1.2230E+01   
 2.2602E+02    5.5534E+01    6.2679E+01    2.3927E+01    1.9067E+01    1.9707E+01    8.2239E+01    5.9434E+01    1.7912E+01    4.8993E+00    2.0115E+01    7.6637E+00    1.2264E+01   
 2.2652E+02    5.5534E+01    6.2664E+01    2.3836E+01    1.9098E+01    1.9780E+01    8.2230E+01    5.9493E+01    1.7912E+01    4.8789E+00    2.0319E+01    7.6267E+00    1.2230E+01   
 2.2703E+02    5.5533E+01    6.2665E+01    2.3836E+01    1.9124E+01    1.9827E+01    8.2216E+01    5.9536E+01    1.7915E+01    4.8789E+00    2.0115E+01    7.6267E+00    1.2247E+01   
 2.2762E+02    5.5530E+01    6.2660E+01    2.3851E+01    1.9039E+01    1.9888E+01    8.2182E+01    5.9578E+01    1.7940E+01    4.8789E+00    2.0176E+01    7.6372E+00    1.2230E+01   
 2.2813E+02    5.5535E+01    6.2660E+01    2.3828E+01    1.9164E+01    1.9967E+01    8.2172E+01    5.9578E+01    1.7953E+01    4.8993E+00    2.0258E+01    7.9174E+00    1.2230E+01   
 2.2863E+02    5.5519E+01    6.2654E+01    2.3787E+01    1.9191E+01    1.9967E+01    8.2145E+01    5.9638E+01    1.7985E+01    4.8993E+00    2.0278E+01    7.7641E+00    1.2161E+01   
 2.2913E+02    5.5554E+01    6.2641E+01    2.3807E+01    1.9191E+01    2.0019E+01    8.2139E+01    5.9667E+01    1.7985E+01    4.8993E+00    2.0278E+01    7.8434E+00    1.2178E+01   
 2.2969E+02    5.5554E+01    6.2651E+01    2.3812E+01    1.9075E+01    2.0083E+01    8.2156E+01    5.9712E+01    1.8003E+01    4.8993E+00    2.0299E+01    7.7799E+00    1.2230E+01   
 2.3020E+02    5.5528E+01    6.2644E+01    2.3847E+01    1.9191E+01    2.0153E+01    8.2156E+01    5.9773E+01    1.8025E+01    4.9400E+00    2.0299E+01    7.6372E+00    1.2213E+01   
 2.3070E+02    5.5531E+01    6.2646E+01    2.3847E+01    1.9164E+01    2.0192E+01    8.2139E+01    5.9773E+01    1.8066E+01    4.9196E+00    2.0258E+01    7.6689E+00    1.2178E+01   
 2.3120E+02    5.5545E+01    6.2646E+01    2.3873E+01    1.9188E+01    2.0254E+01    8.2116E+01    5.9827E+01    1.8083E+01    4.9196E+00    2.0401E+01    7.8592E+00    1.2195E+01   
 2.3206E+02    5.5544E+01    6.2648E+01    2.3895E+01    1.9245E+01    2.0297E+01    8.2099E+01    5.9892E+01    1.8105E+01    4.9400E+00    2.0136E+01    7.6478E+00    1.2195E+01   
 2.3256E+02    5.5540E+01    6.2647E+01    2.3895E+01    1.9233E+01    2.0361E+01    8.2082E+01    5.9892E+01    1.8157E+01    4.9400E+00    2.0176E+01    7.9385E+00    1.2178E+01   
 2.3307E+02    5.5545E+01    6.2647E+01    2.3977E+01    1.9375E+01    2.0411E+01    8.2053E+01    5.9915E+01    1.8166E+01    4.9808E+00    2.0360E+01    7.6742E+00    1.2178E+01   
 2.3358E+02    5.5560E+01    6.2673E+01    2.3955E+01    1.9375E+01    2.0411E+01    8.2044E+01    5.9937E+01    1.8197E+01    4.9604E+00    2.0299E+01    7.6478E+00    1.2213E+01   
 2.3414E+02    5.5558E+01    6.2652E+01    2.3948E+01    1.9219E+01    2.0445E+01    8.2047E+01    5.9987E+01    1.8197E+01    4.9604E+00    2.0176E+01    7.7218E+00    1.2195E+01   
 2.3464E+02    5.5558E+01    6.2665E+01    2.3927E+01    1.9308E+01    2.0514E+01    8.2048E+01    6.0016E+01    1.8242E+01    4.9604E+00    2.0176E+01    7.6478E+00    1.2195E+01   
 2.3515E+02    5.5558E+01    6.2667E+01    2.3927E+01    1.9290E+01    2.0550E+01    8.2048E+01    6.0037E+01    1.8275E+01    4.9808E+00    2.0238E+01    7.6478E+00    1.2230E+01   
 2.3565E+02    5.5571E+01    6.2667E+01    2.3957E+01    1.9330E+01    2.0592E+01    8.2012E+01    6.0037E+01    1.8316E+01    5.0011E+00    2.0421E+01    7.9491E+00    1.2230E+01   
 2.3625E+02    5.5576E+01    6.2672E+01    2.3949E+01    1.9413E+01    2.0646E+01    8.2023E+01    6.0050E+01    1.8344E+01    5.0011E+00    2.0238E+01    7.8381E+00    1.2247E+01   
# Time (s)      T1w (C)       T2w (C)       T1a (C)       T2a (C)       T1r (C)       T2r (C)       T3r (C)       T4r (C)       P1 (bar)      P2 (bar)      Ic (amp)      Qc (l/min)    
 2.3675E+02    5.5589E+01    6.2695E+01    2.3968E+01    1.9413E+01    2.0646E+01    8.2057E+01    6.0060E+01    1.8379E+01    5.0011E+00    2.0238E+01    7.6689E+00    1.2195E+01   
 2.3725E+02    5.5589E+01    6.2694E+01    2.3952E+01    1.9337E+01    2.0693E+01    8.2081E+01    6.0085E+01    1.8379E+01    5.0011E+00    2.0156E+01    7.7376E+00    1.2195E+01   
 2.3776E+02    5.5600E+01    6.2682E+01    2.3950E+01    1.9486E+01    2.0730E+01    8.2081E+01    6.0095E+01    1.8425E+01    5.0011E+00    2.0401E+01    7.9068E+00    1.2195E+01   
 2.3833E+02    5.5597E+01    6.2697E+01    2.3934E+01    1.9470E+01    2.0768E+01    8.2082E+01    6.0124E+01    1.8462E+01    5.0011E+00    2.0421E+01    7.6689E+00    1.2195E+01   
 2.3884E+02    5.5596E+01    6.2701E+01    2.3934E+01    1.9448E+01    2.0801E+01    8.2077E+01    6.0124E+01    1.8484E+01    5.0011E+00    2.0136E+01    7.8804E+00    1.2195E+01   
 2.3934E+02    5.5613E+01    6.2701E+01    2.3948E+01    1.9475E+01    2.0801E+01    8.2070E+01    6.0151E+01    1.8507E+01    5.0011E+00    2.0360E+01    7.7958E+00    1.2195E+01   
 2.3985E+02    5.5596E+01    6.2716E+01    2.3945E+01    1.9475E+01    2.0848E+01    8.2069E+01    6.0158E+01    1.8547E+01    5.0215E+00    2.0360E+01    7.9596E+00    1.2213E+01   
 2.4042E+02    5.5596E+01    6.2716E+01    2.3951E+01    1.9496E+01    2.0883E+01    8.2063E+01    6.0141E+01    1.8547E+01    5.0419E+00    2.0176E+01    7.9596E+00    1.2230E+01   
 2.4093E+02    5.5610E+01    6.2717E+01    2.3923E+01    1.9504E+01    2.0910E+01    8.2062E+01    6.0170E+01    1.8568E+01    5.0215E+00    2.0258E+01    7.6742E+00    1.2230E+01   
 2.4143E+02    5.5620E+01    6.2750E+01    2.3923E+01    1.9495E+01    2.0950E+01    8.2062E+01    6.0177E+01    1.8611E+01    5.0215E+00    2.0258E+01    7.9279E+00    1.2195E+01   
 2.4193E+02    5.5615E+01    6.2750E+01    2.3913E+01    1.9476E+01    2.0984E+01    8.2052E+01    6.0177E+01    1.8619E+01    5.0419E+00    2.0197E+01    7.7588E+00    1.2195E+01   
 2.4251E+02    5.5614E+01    6.2744E+01    2.3923E+01    1.9434E+01    2.1016E+01    8.2061E+01    6.0195E+01    1.8671E+01    5.0623E+00    2.0401E+01    7.6742E+00    1.2195E+01   
 2.4301E+02    5.5622E+01    6.2745E+01    2.3948E+01    1.9434E+01    2.1016E+01    8.2029E+01    6.0220E+01    1.8697E+01    5.0419E+00    2.0380E+01    7.7852E+00    1.2247E+01   
 2.4352E+02    5.5637E+01    6.2778E+01    2.3973E+01    1.9547E+01    2.1027E+01    8.2031E+01    6.0231E+01    1.8697E+01    5.0419E+00    2.0217E+01    7.6742E+00    1.2213E+01   
 2.4402E+02    5.5634E+01    6.2783E+01    2.3956E+01    1.9466E+01    2.1072E+01    8.2031E+01    6.0237E+01    1.8742E+01    5.0623E+00    2.0258E+01    7.9596E+00    1.2195E+01   
 2.4460E+02    5.5638E+01    6.2787E+01    2.3956E+01    1.9494E+01    2.1086E+01    8.2025E+01    6.0274E+01    1.8768E+01    5.0623E+00    2.0442E+01    7.8434E+00    1.2213E+01   
 2.4510E+02    5.5630E+01    6.2787E+01    2.3987E+01    1.9546E+01    2.1113E+01    8.2012E+01    6.0274E+01    1.8791E+01    5.0623E+00    2.0278E+01    7.7218E+00    1.2213E+01   
 2.4561E+02    5.5643E+01    6.2806E+01    2.4041E+01    1.9544E+01    2.1113E+01    8.2039E+01    6.0284E+01    1.8815E+01    5.1030E+00    2.0217E+01    7.7429E+00    1.2161E+01   
 2.4611E+02    5.5656E+01    6.2823E+01    2.4040E+01    1.9544E+01    2.1151E+01    8.2089E+01    6.0295E+01    1.8831E+01    5.0623E+00    2.0278E+01    7.6795E+00    1.2213E+01   
