# Run number  4 on Mon 2026-05-25T12:05:02 BST
# Time (s)      T1w (C)       T2w (C)       T1a (C)       T2a (C)       T1r (C)       T2r (C)       T3r (C)       T4r (C)       P1 (bar)      P2 (bar)      Ic (amp)      Qc (l/min)    
 2.7185E-01    5.3157E+01    6.0593E+01    2.4362E+01    1.9872E+01    1.8777E+01    8.0005E+01    5.8431E+01    1.9336E+01    5.0623E+00    1.9320E+01    7.7535E+00    1.2195E+01   
 9.4862E-01    5.3171E+01    6.0616E+01    2.4350E+01    1.9864E+01    1.8638E+01    7.9975E+01    5.8399E+01    1.9304E+01    5.0419E+00    1.9320E+01    7.4787E+00    1.2195E+01   
 1.4489E+00    5.3168E+01    6.0631E+01    2.4333E+01    1.9866E+01    1.8490E+01    7.9946E+01    5.8399E+01    1.9303E+01    5.0623E+00    1.9442E+01    7.6161E+00    1.2195E+01   
 1.9491E+00    5.3177E+01    6.0659E+01    2.4333E+01    1.9871E+01    1.8348E+01    7.9946E+01    5.8341E+01    1.9258E+01    5.0419E+00    1.9361E+01    7.4892E+00    1.2178E+01   
 2.4493E+00    5.3179E+01    6.0659E+01    2.4316E+01    1.9851E+01    1.8228E+01    7.9927E+01    5.8341E+01    1.9248E+01    5.0419E+00    1.9361E+01    7.6531E+00    1.2213E+01   
 2.9497E+00    5.3182E+01    6.0678E+01    2.4275E+01    1.9851E+01    1.8228E+01    7.9897E+01    5.8275E+01    1.9196E+01    5.0215E+00    1.9565E+01    7.7588E+00    1.2213E+01   
 3.4500E+00    5.3182E+01    6.0694E+01    2.4353E+01    1.9846E+01    1.8115E+01    7.9884E+01    5.8221E+01    1.9196E+01    5.0419E+00    1.9503E+01    7.4839E+00    1.2247E+01   
 3.9502E+00    5.3171E+01    6.0721E+01    2.4439E+01    1.9876E+01    1.7974E+01    7.9869E+01    5.8164E+01    1.9128E+01    5.0623E+00    1.9483E+01    7.6055E+00    1.2247E+01   
 4.4505E+00    5.3172E+01    6.0748E+01    2.4439E+01    1.9876E+01    1.7869E+01    7.9869E+01    5.8086E+01    1.9101E+01    5.0419E+00    1.9401E+01    7.4787E+00    1.2247E+01   
 4.9509E+00    5.3182E+01    6.0748E+01    2.4438E+01    1.9797E+01    1.7779E+01    7.9870E+01    5.8086E+01    1.9073E+01    5.0419E+00    1.9544E+01    7.7588E+00    1.2247E+01   
 5.4511E+00    5.3183E+01    6.0757E+01    2.4411E+01    1.9797E+01    1.7779E+01    7.9917E+01    5.8026E+01    1.8992E+01    5.0419E+00    1.9626E+01    7.5844E+00    1.2213E+01   
 5.9514E+00    5.3183E+01    6.0769E+01    2.4313E+01    1.9822E+01    1.7689E+01    7.9931E+01    5.7984E+01    1.8992E+01    5.0419E+00    1.9503E+01    7.4839E+00    1.2195E+01   
 6.4517E+00    5.3182E+01    6.0769E+01    2.4259E+01    1.9749E+01    1.7612E+01    7.9960E+01    5.7899E+01    1.8951E+01    5.0419E+00    1.9503E+01    7.6267E+00    1.2213E+01   
 6.9520E+00    5.3182E+01    6.0782E+01    2.4259E+01    1.9722E+01    1.7521E+01    7.9960E+01    5.7841E+01    1.8897E+01    5.0215E+00    1.9442E+01    7.4945E+00    1.2195E+01   
 7.4523E+00    5.3187E+01    6.0782E+01    2.4186E+01    1.9717E+01    1.7440E+01    8.0001E+01    5.7841E+01    1.8830E+01    5.0011E+00    1.9667E+01    7.4998E+00    1.2247E+01   
 7.9526E+00    5.3194E+01    6.0812E+01    2.4164E+01    1.9733E+01    1.7456E+01    8.0037E+01    5.7791E+01    1.8803E+01    5.0011E+00    1.9667E+01    7.4945E+00    1.2264E+01   
 8.4529E+00    5.3194E+01    6.0818E+01    2.4166E+01    1.9701E+01    1.7366E+01    8.0073E+01    5.7692E+01    1.8803E+01    4.9808E+00    1.9503E+01    7.4839E+00    1.2213E+01   
 8.9531E+00    5.3201E+01    6.0831E+01    2.4166E+01    1.9717E+01    1.7277E+01    8.0112E+01    5.7605E+01    1.8740E+01    5.0215E+00    1.9442E+01    7.7112E+00    1.2143E+01   
 9.4534E+00    5.3194E+01    6.0831E+01    2.4183E+01    1.9702E+01    1.7220E+01    8.0112E+01    5.7605E+01    1.8689E+01    5.0011E+00    1.9483E+01    7.7429E+00    1.2178E+01   
 9.9537E+00    5.3201E+01    6.0834E+01    2.4199E+01    1.9595E+01    1.7157E+01    8.0120E+01    5.7527E+01    1.8629E+01    4.9808E+00    1.9646E+01    7.6795E+00    1.2195E+01   
 1.0454E+01    5.3202E+01    6.0842E+01    2.4175E+01    1.9595E+01    1.7157E+01    8.0171E+01    5.7441E+01    1.8571E+01    4.9808E+00    1.9503E+01    7.7694E+00    1.2213E+01   
 1.1003E+01    5.3217E+01    6.0859E+01    2.4160E+01    1.9523E+01    1.7074E+01    8.0176E+01    5.7350E+01    1.8555E+01    4.9604E+00    1.9605E+01    7.4787E+00    1.2230E+01   
 1.1508E+01    5.3207E+01    6.0866E+01    2.4168E+01    1.9510E+01    1.7046E+01    8.0193E+01    5.7297E+01    1.8522E+01    4.9604E+00    1.9667E+01    7.7535E+00    1.2161E+01   
 1.2013E+01    5.3206E+01    6.0848E+01    2.4152E+01    1.9478E+01    1.6989E+01    8.0193E+01    5.7231E+01    1.8447E+01    4.9400E+00    1.9463E+01    7.4734E+00    1.2230E+01   
 1.2518E+01    5.3208E+01    6.0848E+01    2.4149E+01    1.9468E+01    1.6925E+01    8.0222E+01    5.7231E+01    1.8401E+01    4.9196E+00    1.9667E+01    7.6267E+00    1.2213E+01   
 1.3091E+01    5.3198E+01    6.0870E+01    2.4146E+01    1.9398E+01    1.6885E+01    8.0259E+01    5.7177E+01    1.8360E+01    4.9400E+00    1.9687E+01    7.7376E+00    1.2178E+01   
 1.3593E+01    5.3200E+01    6.0870E+01    2.4129E+01    1.9398E+01    1.6885E+01    8.0287E+01    5.7070E+01    1.8309E+01    4.9196E+00    1.9483E+01    7.6637E+00    1.2178E+01   
 1.4096E+01    5.3200E+01    6.0873E+01    2.4137E+01    1.9387E+01    1.6827E+01    8.0273E+01    5.7004E+01    1.8309E+01    4.9400E+00    1.9463E+01    7.6584E+00    1.2195E+01   
 1.4598E+01    5.3212E+01    6.0874E+01    2.4137E+01    1.9420E+01    1.6777E+01    8.0273E+01    5.6945E+01    1.8257E+01    4.8993E+00    1.9565E+01    7.4892E+00    1.2178E+01   
 1.5176E+01    5.3187E+01    6.0862E+01    2.4119E+01    1.9294E+01    1.6730E+01    8.0288E+01    5.6889E+01    1.8182E+01    4.8993E+00    1.9544E+01    7.4998E+00    1.2161E+01   
# Time (s)      T1w (C)       T2w (C)       T1a (C)       T2a (C)       T1r (C)       T2r (C)       T3r (C)       T4r (C)       P1 (bar)      P2 (bar)      Ic (amp)      Qc (l/min)    
 1.5678E+01    5.3192E+01    6.0862E+01    2.4109E+01    1.9315E+01    1.6696E+01    8.0279E+01    5.6889E+01    1.8135E+01    4.9196E+00    1.9524E+01    7.5632E+00    1.2195E+01   
 1.6180E+01    5.3190E+01    6.0865E+01    2.4069E+01    1.9315E+01    1.6660E+01    8.0258E+01    5.6834E+01    1.8068E+01    4.8993E+00    1.9524E+01    7.7376E+00    1.2195E+01   
 1.6683E+01    5.3205E+01    6.0871E+01    2.4052E+01    1.9269E+01    1.6644E+01    8.0236E+01    5.6751E+01    1.8043E+01    4.8789E+00    1.9585E+01    7.4892E+00    1.2178E+01   
 1.7257E+01    5.3221E+01    6.0881E+01    2.4067E+01    1.9320E+01    1.6604E+01    8.0209E+01    5.6689E+01    1.8043E+01    4.8789E+00    1.9605E+01    7.7271E+00    1.2213E+01   
 1.7759E+01    5.3233E+01    6.0888E+01    2.4082E+01    1.9366E+01    1.6584E+01    8.0209E+01    5.6627E+01    1.7993E+01    4.8585E+00    1.9565E+01    7.6689E+00    1.2247E+01   
 1.8263E+01    5.3231E+01    6.0888E+01    2.4069E+01    1.9311E+01    1.6592E+01    8.0209E+01    5.6542E+01    1.7939E+01    4.8789E+00    1.9463E+01    7.6478E+00    1.2161E+01   
 1.8768E+01    5.3246E+01    6.0903E+01    2.4069E+01    1.9225E+01    1.6601E+01    8.0205E+01    5.6542E+01    1.7884E+01    4.8382E+00    1.9544E+01    7.5897E+00    1.2213E+01   
 1.9345E+01    5.3253E+01    6.0906E+01    2.4090E+01    1.9225E+01    1.6620E+01    8.0203E+01    5.6506E+01    1.7813E+01    4.8585E+00    1.9544E+01    7.6742E+00    1.2195E+01   
 1.9847E+01    5.3267E+01    6.0916E+01    2.4086E+01    1.9257E+01    1.6604E+01    8.0155E+01    5.6434E+01    1.7725E+01    4.8585E+00    1.9728E+01    7.4681E+00    1.2178E+01   
 2.0349E+01    5.3252E+01    6.0913E+01    2.4095E+01    1.9150E+01    1.6653E+01    8.0133E+01    5.6366E+01    1.7725E+01    4.8382E+00    1.9646E+01    7.7324E+00    1.2213E+01   
 2.0851E+01    5.3234E+01    6.0900E+01    2.4080E+01    1.9101E+01    1.6707E+01    8.0133E+01    5.6302E+01    1.7695E+01    4.8178E+00    1.9483E+01    7.4681E+00    1.2230E+01   
 2.1441E+01    5.3242E+01    6.0887E+01    2.4052E+01    1.9062E+01    1.6772E+01    8.0139E+01    5.6276E+01    1.7680E+01    4.8382E+00    1.9524E+01    7.7007E+00    1.2178E+01   
 2.1943E+01    5.3227E+01    6.0872E+01    2.4058E+01    1.9084E+01    1.6849E+01    8.0156E+01    5.6276E+01    1.7654E+01    4.8178E+00    1.9401E+01    7.5209E+00    1.2195E+01   
 2.2445E+01    5.3246E+01    6.0865E+01    2.4030E+01    1.9084E+01    1.6849E+01    8.0167E+01    5.6239E+01    1.7607E+01    4.8178E+00    1.9401E+01    7.7112E+00    1.2230E+01   
 2.2947E+01    5.3246E+01    6.0863E+01    2.4015E+01    1.8994E+01    1.6907E+01    8.0227E+01    5.6199E+01    1.7607E+01    4.8178E+00    1.9503E+01    7.4417E+00    1.2230E+01   
 2.3529E+01    5.3214E+01    6.0865E+01    2.4018E+01    1.8974E+01    1.7003E+01    8.0269E+01    5.6188E+01    1.7579E+01    4.8178E+00    1.9463E+01    7.4311E+00    1.2178E+01   
 2.4033E+01    5.3226E+01    6.0843E+01    2.4018E+01    1.9067E+01    1.7080E+01    8.0269E+01    5.6181E+01    1.7562E+01    4.8178E+00    1.9401E+01    7.7059E+00    1.2195E+01   
 2.4538E+01    5.3246E+01    6.0837E+01    2.4018E+01    1.8928E+01    1.7181E+01    8.0272E+01    5.6179E+01    1.7539E+01    4.7974E+00    1.9422E+01    7.4311E+00    1.2213E+01   
 2.5040E+01    5.3248E+01    6.0851E+01    2.4043E+01    1.8901E+01    1.7271E+01    8.0298E+01    5.6164E+01    1.7507E+01    4.7770E+00    1.9463E+01    7.5421E+00    1.2247E+01   
 2.5633E+01    5.3256E+01    6.0826E+01    2.4053E+01    1.8901E+01    1.7271E+01    8.0319E+01    5.6167E+01    1.7458E+01    4.7770E+00    1.9483E+01    7.4311E+00    1.2195E+01   
 2.6135E+01    5.3257E+01    6.0809E+01    2.4071E+01    1.8851E+01    1.7344E+01    8.0295E+01    5.6145E+01    1.7459E+01    4.7770E+00    1.9565E+01    7.6954E+00    1.2195E+01   
 2.6637E+01    5.3257E+01    6.0791E+01    2.4078E+01    1.8890E+01    1.7454E+01    8.0293E+01    5.6173E+01    1.7459E+01    4.7770E+00    1.9524E+01    7.5421E+00    1.2178E+01   
 2.7139E+01    5.3267E+01    6.0803E+01    2.4093E+01    1.8902E+01    1.7520E+01    8.0279E+01    5.6183E+01    1.7427E+01    4.7770E+00    1.9279E+01    7.5738E+00    1.2161E+01   
 2.7729E+01    5.3279E+01    6.0792E+01    2.4126E+01    1.8931E+01    1.7630E+01    8.0262E+01    5.6205E+01    1.7399E+01    4.7770E+00    1.9463E+01    7.4100E+00    1.2195E+01   
 2.8231E+01    5.3259E+01    6.0778E+01    2.4101E+01    1.8853E+01    1.7744E+01    8.0246E+01    5.6205E+01    1.7418E+01    4.7567E+00    1.9299E+01    7.6742E+00    1.2178E+01   
 2.8733E+01    5.3251E+01    6.0754E+01    2.4102E+01    1.8853E+01    1.7744E+01    8.0249E+01    5.6249E+01    1.7422E+01    4.7770E+00    1.9259E+01    7.4047E+00    1.2230E+01   
 2.9236E+01    5.3236E+01    6.0734E+01    2.4098E+01    1.8864E+01    1.7852E+01    8.0234E+01    5.6310E+01    1.7422E+01    4.7770E+00    1.9361E+01    7.5897E+00    1.2230E+01   
 2.9828E+01    5.3251E+01    6.0714E+01    2.4103E+01    1.8815E+01    1.7972E+01    8.0245E+01    5.6344E+01    1.7451E+01    4.7567E+00    1.9259E+01    7.5157E+00    1.2230E+01   
 3.0332E+01    5.3254E+01    6.0704E+01    2.4103E+01    1.8878E+01    1.8062E+01    8.0233E+01    5.6400E+01    1.7468E+01    4.7770E+00    1.9279E+01    7.5738E+00    1.2247E+01   
 3.0837E+01    5.3265E+01    6.0688E+01    2.4071E+01    1.8861E+01    1.8162E+01    8.0233E+01    5.6444E+01    1.7483E+01    4.7974E+00    1.9401E+01    7.4470E+00    1.2213E+01   
# Time (s)      T1w (C)       T2w (C)       T1a (C)       T2a (C)       T1r (C)       T2r (C)       T3r (C)       T4r (C)       P1 (bar)      P2 (bar)      Ic (amp)      Qc (l/min)    
 3.1343E+01    5.3271E+01    6.0688E+01    2.4069E+01    1.8975E+01    1.8268E+01    8.0228E+01    5.6444E+01    1.7523E+01    4.7770E+00    1.9422E+01    7.4258E+00    1.2230E+01   
 3.1933E+01    5.3268E+01    6.0672E+01    2.4027E+01    1.8940E+01    1.8353E+01    8.0206E+01    5.6522E+01    1.7529E+01    4.7770E+00    1.9259E+01    7.3888E+00    1.2230E+01   
 3.2438E+01    5.3274E+01    6.0665E+01    2.4018E+01    1.8940E+01    1.8353E+01    8.0208E+01    5.6607E+01    1.7524E+01    4.7974E+00    1.9401E+01    7.6425E+00    1.2230E+01   
 3.2943E+01    5.3289E+01    6.0671E+01    2.4102E+01    1.8950E+01    1.8439E+01    8.0172E+01    5.6637E+01    1.7508E+01    4.7770E+00    1.9238E+01    7.4311E+00    1.2195E+01   
 3.3445E+01    5.3298E+01    6.0648E+01    2.4102E+01    1.8893E+01    1.8534E+01    8.0172E+01    5.6658E+01    1.7536E+01    4.7770E+00    1.9299E+01    7.4417E+00    1.2178E+01   
 3.4026E+01    5.3261E+01    6.0648E+01    2.4124E+01    1.8940E+01    1.8606E+01    8.0147E+01    5.6691E+01    1.7547E+01    4.7974E+00    1.9381E+01    7.4100E+00    1.2195E+01   
 3.4528E+01    5.3271E+01    6.0648E+01    2.4157E+01    1.8894E+01    1.8705E+01    8.0131E+01    5.6691E+01    1.7553E+01    4.7974E+00    1.9340E+01    7.6372E+00    1.2195E+01   
 3.5030E+01    5.3261E+01    6.0612E+01    2.4176E+01    1.8878E+01    1.8705E+01    8.0131E+01    5.6770E+01    1.7549E+01    4.7974E+00    1.9381E+01    7.3782E+00    1.2213E+01   
 3.5532E+01    5.3261E+01    6.0613E+01    2.4171E+01    1.8856E+01    1.8774E+01    8.0119E+01    5.6830E+01    1.7549E+01    4.7974E+00    1.9157E+01    7.6002E+00    1.2178E+01   
 3.6114E+01    5.3285E+01    6.0623E+01    2.4184E+01    1.8921E+01    1.8847E+01    8.0104E+01    5.6898E+01    1.7582E+01    4.8178E+00    1.9279E+01    7.6531E+00    1.2195E+01   
 3.6616E+01    5.3284E+01    6.0613E+01    2.4184E+01    1.8929E+01    1.8922E+01    8.0104E+01    5.6950E+01    1.7593E+01    4.8178E+00    1.9422E+01    7.3994E+00    1.2178E+01   
 3.7118E+01    5.3259E+01    6.0601E+01    2.4174E+01    1.8922E+01    1.9009E+01    8.0130E+01    5.7023E+01    1.7643E+01    4.7770E+00    1.9340E+01    7.6055E+00    1.2213E+01   
 3.7620E+01    5.3263E+01    6.0601E+01    2.4162E+01    1.8885E+01    1.9086E+01    8.0111E+01    5.7023E+01    1.7656E+01    4.8178E+00    1.9259E+01    7.4205E+00    1.2230E+01   
 3.8205E+01    5.3284E+01    6.0618E+01    2.4193E+01    1.8900E+01    1.9191E+01    8.0114E+01    5.7107E+01    1.7683E+01    4.8382E+00    1.9381E+01    7.5685E+00    1.2213E+01   
 3.8707E+01    5.3279E+01    6.0611E+01    2.4202E+01    1.8950E+01    1.9191E+01    8.0100E+01    5.7175E+01    1.7684E+01    4.8178E+00    1.9218E+01    7.4575E+00    1.2213E+01   
 3.9209E+01    5.3279E+01    6.0614E+01    2.4202E+01    1.8936E+01    1.9273E+01    8.0091E+01    5.7262E+01    1.7700E+01    4.8178E+00    1.9279E+01    7.6214E+00    1.2178E+01   
 3.9711E+01    5.3297E+01    6.0591E+01    2.4202E+01    1.8948E+01    1.9339E+01    8.0091E+01    5.7331E+01    1.7673E+01    4.7974E+00    1.9238E+01    7.3835E+00    1.2143E+01   
 4.0282E+01    5.3278E+01    6.0582E+01    2.4162E+01    1.8968E+01    1.9433E+01    8.0092E+01    5.7397E+01    1.7693E+01    4.7974E+00    1.9218E+01    7.3888E+00    1.2213E+01   
 4.0784E+01    5.3288E+01    6.0582E+01    2.4145E+01    1.8972E+01    1.9509E+01    8.0101E+01    5.7397E+01    1.7695E+01    4.8382E+00    1.9340E+01    7.4787E+00    1.2161E+01   
 4.1287E+01    5.3304E+01    6.0590E+01    2.4179E+01    1.8988E+01    1.9525E+01    8.0092E+01    5.7458E+01    1.7717E+01    4.8178E+00    1.9299E+01    7.4152E+00    1.2247E+01   
 4.1789E+01    5.3304E+01    6.0588E+01    2.4162E+01    1.9140E+01    1.9585E+01    8.0064E+01    5.7523E+01    1.7717E+01    4.7974E+00    1.9259E+01    7.6002E+00    1.2195E+01   
 4.2379E+01    5.3302E+01    6.0578E+01    2.4122E+01    1.9017E+01    1.9653E+01    8.0042E+01    5.7589E+01    1.7712E+01    4.8382E+00    1.9401E+01    7.5315E+00    1.2213E+01   
 4.2881E+01    5.3297E+01    6.0572E+01    2.4122E+01    1.9119E+01    1.9729E+01    8.0042E+01    5.7648E+01    1.7715E+01    4.8178E+00    1.9177E+01    7.6478E+00    1.2178E+01   
 4.3383E+01    5.3291E+01    6.0572E+01    2.4103E+01    1.9069E+01    1.9787E+01    8.0032E+01    5.7648E+01    1.7749E+01    4.8585E+00    1.9218E+01    7.3941E+00    1.2247E+01   
 4.3885E+01    5.3280E+01    6.0575E+01    2.4099E+01    1.9078E+01    1.9846E+01    8.0012E+01    5.7698E+01    1.7753E+01    4.8585E+00    1.9361E+01    7.6372E+00    1.2195E+01   
 4.4451E+01    5.3304E+01    6.0575E+01    2.4103E+01    1.9078E+01    1.9846E+01    8.0001E+01    5.7771E+01    1.7784E+01    4.8585E+00    1.9197E+01    7.3941E+00    1.2230E+01   
 4.4953E+01    5.3289E+01    6.0555E+01    2.4103E+01    1.9138E+01    1.9912E+01    8.0018E+01    5.7813E+01    1.7784E+01    4.8382E+00    1.9238E+01    7.6531E+00    1.2247E+01   
 4.5455E+01    5.3300E+01    6.0538E+01    2.4103E+01    1.9160E+01    1.9976E+01    8.0021E+01    5.7878E+01    1.7816E+01    4.8585E+00    1.9218E+01    7.3941E+00    1.2178E+01   
 4.5957E+01    5.3302E+01    6.0563E+01    2.4085E+01    1.9152E+01    2.0034E+01    8.0021E+01    5.7911E+01    1.7835E+01    4.8789E+00    1.9238E+01    7.4258E+00    1.2230E+01   
 4.6555E+01    5.3311E+01    6.0568E+01    2.4078E+01    1.9157E+01    2.0101E+01    8.0022E+01    5.7951E+01    1.7865E+01    4.8585E+00    1.9238E+01    7.6637E+00    1.2213E+01   
# Time (s)      T1w (C)       T2w (C)       T1a (C)       T2a (C)       T1r (C)       T2r (C)       T3r (C)       T4r (C)       P1 (bar)      P2 (bar)      Ic (amp)      Qc (l/min)    
 4.7057E+01    5.3305E+01    6.0568E+01    2.4054E+01    1.9163E+01    2.0165E+01    8.0049E+01    5.7965E+01    1.7913E+01    4.8789E+00    1.9238E+01    7.6689E+00    1.2178E+01   
 4.7559E+01    5.3302E+01    6.0556E+01    2.4052E+01    1.9163E+01    2.0165E+01    8.0047E+01    5.7999E+01    1.7934E+01    4.8585E+00    1.9401E+01    7.6002E+00    1.2195E+01   
 4.8061E+01    5.3302E+01    6.0567E+01    2.4014E+01    1.9199E+01    2.0249E+01    8.0054E+01    5.8066E+01    1.7950E+01    4.8993E+00    1.9238E+01    7.4258E+00    1.2213E+01   
 4.8653E+01    5.3313E+01    6.0575E+01    2.4029E+01    1.9079E+01    2.0284E+01    8.0047E+01    5.8086E+01    1.7999E+01    4.8993E+00    1.9197E+01    7.5051E+00    1.2247E+01   
 4.9156E+01    5.3321E+01    6.0577E+01    2.4029E+01    1.9149E+01    2.0344E+01    8.0047E+01    5.8123E+01    1.8010E+01    4.8993E+00    1.9401E+01    7.4047E+00    1.2230E+01   
 4.9658E+01    5.3308E+01    6.0577E+01    2.4065E+01    1.9325E+01    2.0407E+01    8.0057E+01    5.8123E+01    1.8038E+01    4.9196E+00    1.9157E+01    7.4258E+00    1.2213E+01   
 5.0160E+01    5.3304E+01    6.0556E+01    2.4091E+01    1.9309E+01    2.0423E+01    8.0098E+01    5.8155E+01    1.8078E+01    4.9196E+00    1.9238E+01    7.6425E+00    1.2195E+01   
 5.0747E+01    5.3306E+01    6.0555E+01    2.4075E+01    1.9213E+01    2.0466E+01    8.0122E+01    5.8194E+01    1.8103E+01    4.9400E+00    1.9299E+01    7.4205E+00    1.2178E+01   
 5.1249E+01    5.3321E+01    6.0573E+01    2.4125E+01    1.9186E+01    2.0527E+01    8.0135E+01    5.8206E+01    1.8103E+01    4.9196E+00    1.9177E+01    7.4787E+00    1.2178E+01   
 5.1751E+01    5.3323E+01    6.0569E+01    2.4060E+01    1.9208E+01    2.0561E+01    8.0147E+01    5.8220E+01    1.8130E+01    4.9400E+00    1.9422E+01    7.4470E+00    1.2230E+01   
 5.2254E+01    5.3322E+01    6.0570E+01    2.4044E+01    1.9288E+01    2.0612E+01    8.0147E+01    5.8244E+01    1.8167E+01    4.9400E+00    1.9197E+01    7.6478E+00    1.2230E+01   
 5.2819E+01    5.3311E+01    6.0570E+01    2.4034E+01    1.9249E+01    2.0638E+01    8.0186E+01    5.8244E+01    1.8186E+01    4.9196E+00    1.9218E+01    7.4205E+00    1.2247E+01   
 5.3321E+01    5.3319E+01    6.0563E+01    2.3962E+01    1.9233E+01    2.0716E+01    8.0247E+01    5.8272E+01    1.8234E+01    4.9400E+00    1.9442E+01    7.6372E+00    1.2213E+01   
 5.3824E+01    5.3325E+01    6.0577E+01    2.3934E+01    1.9233E+01    2.0716E+01    8.0242E+01    5.8290E+01    1.8276E+01    4.9400E+00    1.9279E+01    7.6425E+00    1.2178E+01   
 5.4329E+01    5.3325E+01    6.0572E+01    2.3948E+01    1.9335E+01    2.0750E+01    8.0228E+01    5.8308E+01    1.8276E+01    4.9604E+00    1.9279E+01    7.6848E+00    1.2195E+01   
 5.4916E+01    5.3329E+01    6.0589E+01    2.3983E+01    1.9413E+01    2.0783E+01    8.0201E+01    5.8327E+01    1.8311E+01    4.9604E+00    1.9197E+01    7.6689E+00    1.2195E+01   
 5.5418E+01    5.3311E+01    6.0580E+01    2.3968E+01    1.9347E+01    2.0836E+01    8.0215E+01    5.8341E+01    1.8372E+01    4.9604E+00    1.9442E+01    7.6637E+00    1.2178E+01   
 5.5920E+01    5.3309E+01    6.0580E+01    2.3988E+01    1.9351E+01    2.0878E+01    8.0195E+01    5.8341E+01    1.8399E+01    4.9808E+00    1.9299E+01    7.4945E+00    1.2230E+01   
 5.6422E+01    5.3332E+01    6.0599E+01    2.4014E+01    1.9351E+01    2.0878E+01    8.0155E+01    5.8372E+01    1.8440E+01    4.9604E+00    1.9299E+01    7.6954E+00    1.2161E+01   
 5.6988E+01    5.3325E+01    6.0603E+01    2.4024E+01    1.9316E+01    2.0909E+01    8.0134E+01    5.8382E+01    1.8483E+01    4.9604E+00    1.9320E+01    7.4839E+00    1.2195E+01   
 5.7490E+01    5.3325E+01    6.0629E+01    2.4029E+01    1.9311E+01    2.0935E+01    8.0104E+01    5.8392E+01    1.8483E+01    5.0011E+00    1.9442E+01    7.4787E+00    1.2178E+01   
 5.7992E+01    5.3314E+01    6.0611E+01    2.4029E+01    1.9292E+01    2.0970E+01    8.0104E+01    5.8406E+01    1.8513E+01    4.9808E+00    1.9259E+01    7.6848E+00    1.2213E+01   
 5.8494E+01    5.3320E+01    6.0626E+01    2.4002E+01    1.9275E+01    2.1013E+01    8.0084E+01    5.8436E+01    1.8543E+01    4.9808E+00    1.9401E+01    7.4417E+00    1.2247E+01   
 5.9092E+01    5.3325E+01    6.0626E+01    2.4006E+01    1.9321E+01    2.1014E+01    8.0024E+01    5.8422E+01    1.8557E+01    4.9808E+00    1.9422E+01    7.4734E+00    1.2264E+01   
 5.9597E+01    5.3331E+01    6.0629E+01    2.3999E+01    1.9323E+01    2.1053E+01    8.0032E+01    5.8447E+01    1.8609E+01    4.9808E+00    1.9279E+01    7.4417E+00    1.2230E+01   
 6.0099E+01    5.3335E+01    6.0637E+01    2.3992E+01    1.9323E+01    2.1053E+01    8.0048E+01    5.8457E+01    1.8649E+01    5.0011E+00    1.9442E+01    7.7007E+00    1.2230E+01   
 6.0602E+01    5.3335E+01    6.0636E+01    2.3980E+01    1.9339E+01    2.1073E+01    8.0080E+01    5.8477E+01    1.8649E+01    4.9808E+00    1.9381E+01    7.4470E+00    1.2230E+01   
 6.1164E+01    5.3333E+01    6.0647E+01    2.3980E+01    1.9402E+01    2.1105E+01    8.0080E+01    5.8491E+01    1.8683E+01    5.0011E+00    1.9320E+01    7.6795E+00    1.2213E+01   
 6.1666E+01    5.3336E+01    6.0646E+01    2.3960E+01    1.9373E+01    2.1134E+01    8.0110E+01    5.8512E+01    1.8708E+01    5.0011E+00    1.9320E+01    7.4681E+00    1.2230E+01   
 6.2168E+01    5.3344E+01    6.0646E+01    2.3929E+01    1.9382E+01    2.1142E+01    8.0110E+01    5.8512E+01    1.8736E+01    5.0419E+00    1.9483E+01    7.4417E+00    1.2247E+01   
# Time (s)      T1w (C)       T2w (C)       T1a (C)       T2a (C)       T1r (C)       T2r (C)       T3r (C)       T4r (C)       P1 (bar)      P2 (bar)      Ic (amp)      Qc (l/min)    
 6.2671E+01    5.3347E+01    6.0654E+01    2.3927E+01    1.9382E+01    2.1142E+01    8.0108E+01    5.8500E+01    1.8767E+01    5.0011E+00    1.9299E+01    7.7165E+00    1.2213E+01   
 6.3244E+01    5.3337E+01    6.0672E+01    2.3927E+01    1.9382E+01    2.1181E+01    8.0115E+01    5.8506E+01    1.8772E+01    4.9808E+00    1.9320E+01    7.6954E+00    1.2195E+01   
 6.3746E+01    5.3337E+01    6.0664E+01    2.3913E+01    1.9426E+01    2.1205E+01    8.0102E+01    5.8516E+01    1.8772E+01    5.0215E+00    1.9238E+01    7.5262E+00    1.2178E+01   
 6.4251E+01    5.3346E+01    6.0670E+01    2.3913E+01    1.9349E+01    2.1225E+01    8.0102E+01    5.8502E+01    1.8801E+01    5.0215E+00    1.9299E+01    7.6267E+00    1.2178E+01   
 6.4753E+01    5.3345E+01    6.0670E+01    2.3905E+01    1.9412E+01    2.1236E+01    8.0098E+01    5.8502E+01    1.8815E+01    5.0419E+00    1.9340E+01    7.4417E+00    1.2213E+01   
 6.5332E+01    5.3356E+01    6.0684E+01    2.3895E+01    1.9418E+01    2.1262E+01    8.0094E+01    5.8506E+01    1.8859E+01    5.0419E+00    1.9259E+01    7.4681E+00    1.2213E+01   
 6.5835E+01    5.3350E+01    6.0685E+01    2.3897E+01    1.9418E+01    2.1262E+01    8.0103E+01    5.8516E+01    1.8870E+01    5.0215E+00    1.9422E+01    7.7271E+00    1.2247E+01   
 6.6337E+01    5.3365E+01    6.0709E+01    2.3911E+01    1.9524E+01    2.1306E+01    8.0153E+01    5.8560E+01    1.8893E+01    5.0419E+00    1.9503E+01    7.4522E+00    1.2230E+01   
 6.6839E+01    5.3366E+01    6.0701E+01    2.3911E+01    1.9522E+01    2.1308E+01    8.0164E+01    5.8546E+01    1.8893E+01    5.0419E+00    1.9361E+01    7.7324E+00    1.2213E+01   
 6.7444E+01    5.3379E+01    6.0723E+01    2.3957E+01    1.9516E+01    2.1328E+01    8.0164E+01    5.8535E+01    1.8917E+01    5.0215E+00    1.9503E+01    7.7376E+00    1.2230E+01   
 6.7947E+01    5.3389E+01    6.0733E+01    2.3903E+01    1.9475E+01    2.1346E+01    8.0185E+01    5.8510E+01    1.8927E+01    5.0623E+00    1.9320E+01    7.5632E+00    1.2230E+01   
 6.8449E+01    5.3405E+01    6.0747E+01    2.3893E+01    1.9521E+01    2.1359E+01    8.0220E+01    5.8510E+01    1.8943E+01    5.0419E+00    1.9299E+01    7.7376E+00    1.2247E+01   
 6.8951E+01    5.3413E+01    6.0751E+01    2.3941E+01    1.9521E+01    2.1359E+01    8.0224E+01    5.8530E+01    1.8964E+01    5.0623E+00    1.9320E+01    7.4522E+00    1.2230E+01   
 6.9516E+01    5.3419E+01    6.0774E+01    2.3983E+01    1.9491E+01    2.1381E+01    8.0241E+01    5.8504E+01    1.8970E+01    5.0623E+00    1.9279E+01    7.6372E+00    1.2247E+01   
 7.0022E+01    5.3419E+01    6.0770E+01    2.3991E+01    1.9474E+01    2.1371E+01    8.0266E+01    5.8524E+01    1.8970E+01    5.0623E+00    1.9340E+01    7.6002E+00    1.2195E+01   
 7.0524E+01    5.3422E+01    6.0774E+01    2.3991E+01    1.9536E+01    2.1379E+01    8.0252E+01    5.8536E+01    1.8971E+01    5.0623E+00    1.9320E+01    7.7324E+00    1.2195E+01   
 7.1027E+01    5.3429E+01    6.0774E+01    2.4018E+01    1.9597E+01    2.1375E+01    8.0273E+01    5.8536E+01    1.8980E+01    5.0826E+00    1.9299E+01    7.4787E+00    1.2178E+01   
 7.1613E+01    5.3427E+01    6.0781E+01    2.4025E+01    1.9627E+01    2.1380E+01    8.0305E+01    5.8544E+01    1.8985E+01    5.0826E+00    1.9524E+01    7.6002E+00    1.2230E+01   
 7.2115E+01    5.3429E+01    6.0776E+01    2.4012E+01    1.9627E+01    2.1380E+01    8.0316E+01    5.8557E+01    1.9007E+01    5.0419E+00    1.9401E+01    7.4787E+00    1.2230E+01   
 7.2617E+01    5.3429E+01    6.0786E+01    2.4018E+01    1.9635E+01    2.1374E+01    8.0302E+01    5.8547E+01    1.9033E+01    5.0623E+00    1.9401E+01    7.6584E+00    1.2230E+01   
 7.3120E+01    5.3436E+01    6.0791E+01    2.4018E+01    1.9670E+01    2.1360E+01    8.0289E+01    5.8551E+01    1.9033E+01    5.0826E+00    1.9279E+01    7.4945E+00    1.2195E+01   
 7.3701E+01    5.3446E+01    6.0792E+01    2.4010E+01    1.9711E+01    2.1342E+01    8.0289E+01    5.8547E+01    1.9040E+01    5.0623E+00    1.9320E+01    7.4681E+00    1.2213E+01   
 7.4203E+01    5.3438E+01    6.0810E+01    2.4027E+01    1.9697E+01    2.1331E+01    8.0264E+01    5.8559E+01    1.9055E+01    5.0623E+00    1.9320E+01    7.6372E+00    1.2264E+01   
 7.4705E+01    5.3451E+01    6.0810E+01    2.4054E+01    1.9718E+01    2.1294E+01    8.0238E+01    5.8559E+01    1.9072E+01    5.0419E+00    1.9279E+01    7.5157E+00    1.2161E+01   
 7.5208E+01    5.3451E+01    6.0805E+01    2.4051E+01    1.9718E+01    2.1294E+01    8.0247E+01    5.8582E+01    1.9100E+01    5.0419E+00    1.9463E+01    7.7007E+00    1.2230E+01   
 7.5797E+01    5.3456E+01    6.0816E+01    2.4062E+01    1.9734E+01    2.1248E+01    8.0277E+01    5.8599E+01    1.9101E+01    5.0419E+00    1.9503E+01    7.4787E+00    1.2230E+01   
 7.6299E+01    5.3442E+01    6.0781E+01    2.4055E+01    1.9778E+01    2.1165E+01    8.0294E+01    5.8603E+01    1.9101E+01    5.0419E+00    1.9442E+01    7.6901E+00    1.2264E+01   
 7.6802E+01    5.3445E+01    6.0801E+01    2.4055E+01    1.9729E+01    2.1032E+01    8.0294E+01    5.8612E+01    1.9144E+01    5.0623E+00    1.9361E+01    7.4892E+00    1.2213E+01   
 7.7304E+01    5.3430E+01    6.0786E+01    2.4047E+01    1.9702E+01    2.0824E+01    8.0320E+01    5.8612E+01    1.9177E+01    5.0826E+00    1.9299E+01    7.6584E+00    1.2213E+01   
 7.7869E+01    5.3436E+01    6.0787E+01    2.4042E+01    1.9722E+01    2.0452E+01    8.0342E+01    5.8602E+01    1.9212E+01    5.0623E+00    1.9320E+01    7.4575E+00    1.2213E+01   
# Time (s)      T1w (C)       T2w (C)       T1a (C)       T2a (C)       T1r (C)       T2r (C)       T3r (C)       T4r (C)       P1 (bar)      P2 (bar)      Ic (amp)      Qc (l/min)    
 7.8371E+01    5.3438E+01    6.0785E+01    2.3975E+01    1.9722E+01    2.0452E+01    8.0356E+01    5.8633E+01    1.9228E+01    5.0623E+00    1.9320E+01    7.5209E+00    1.2230E+01   
 7.8874E+01    5.3438E+01    6.0788E+01    2.3996E+01    1.9718E+01    2.0035E+01    8.0330E+01    5.8632E+01    1.9228E+01    5.0826E+00    1.9279E+01    7.6742E+00    1.2161E+01   
 7.9376E+01    5.3442E+01    6.0774E+01    2.3996E+01    1.9712E+01    1.9711E+01    8.0316E+01    5.8645E+01    1.9230E+01    5.1030E+00    1.9503E+01    7.5844E+00    1.2264E+01   
 7.9957E+01    5.3432E+01    6.0784E+01    2.4017E+01    1.9782E+01    1.9456E+01    8.0289E+01    5.8662E+01    1.9272E+01    5.0826E+00    1.9340E+01    7.5315E+00    1.2161E+01   
 8.0462E+01    5.3454E+01    6.0793E+01    2.4061E+01    1.9791E+01    1.9244E+01    8.0239E+01    5.8662E+01    1.9291E+01    5.0623E+00    1.9463E+01    7.7588E+00    1.2161E+01   
 8.0965E+01    5.3458E+01    6.0793E+01    2.4039E+01    1.9791E+01    1.9244E+01    8.0219E+01    5.8667E+01    1.9295E+01    5.0623E+00    1.9442E+01    7.4839E+00    1.2195E+01   
 8.1467E+01    5.3457E+01    6.0821E+01    2.4043E+01    1.9846E+01    1.9045E+01    8.0172E+01    5.8661E+01    1.9303E+01    5.0826E+00    1.9422E+01    7.4945E+00    1.2213E+01   
 8.2053E+01    5.3469E+01    6.0848E+01    2.4043E+01    1.9882E+01    1.8862E+01    8.0151E+01    5.8624E+01    1.9303E+01    5.0623E+00    1.9483E+01    7.7641E+00    1.2213E+01   
 8.2556E+01    5.3469E+01    6.0867E+01    2.4043E+01    1.9832E+01    1.8710E+01    8.0135E+01    5.8611E+01    1.9288E+01    5.0623E+00    1.9463E+01    7.6795E+00    1.2247E+01   
 8.3058E+01    5.3485E+01    6.0879E+01    2.4069E+01    1.9766E+01    1.8565E+01    8.0135E+01    5.8563E+01    1.9280E+01    5.0623E+00    1.9483E+01    7.5051E+00    1.2230E+01   
 8.3561E+01    5.3473E+01    6.0865E+01    2.4028E+01    1.9863E+01    1.8415E+01    8.0126E+01    5.8577E+01    1.9265E+01    5.0623E+00    1.9667E+01    7.7852E+00    1.2213E+01   
 8.4142E+01    5.3462E+01    6.0882E+01    2.4054E+01    1.9827E+01    1.8289E+01    8.0103E+01    5.8512E+01    1.9213E+01    5.0826E+00    1.9565E+01    7.7852E+00    1.2178E+01   
 8.4644E+01    5.3467E+01    6.0907E+01    2.4039E+01    1.9827E+01    1.8273E+01    8.0078E+01    5.8466E+01    1.9199E+01    5.0623E+00    1.9463E+01    7.7852E+00    1.2178E+01   
 8.5147E+01    5.3467E+01    6.0924E+01    2.4046E+01    1.9728E+01    1.8135E+01    8.0045E+01    5.8423E+01    1.9199E+01    5.0826E+00    1.9605E+01    7.6319E+00    1.2195E+01   
 8.5649E+01    5.3474E+01    6.0953E+01    2.4046E+01    1.9813E+01    1.8003E+01    8.0031E+01    5.8368E+01    1.9148E+01    5.0215E+00    1.9524E+01    7.5421E+00    1.2178E+01   
 8.6222E+01    5.3473E+01    6.0984E+01    2.4012E+01    1.9850E+01    1.7872E+01    8.0020E+01    5.8303E+01    1.9116E+01    5.0215E+00    1.9585E+01    7.6478E+00    1.2178E+01   
 8.6724E+01    5.3470E+01    6.0984E+01    2.3986E+01    1.9849E+01    1.7755E+01    8.0002E+01    5.8303E+01    1.9095E+01    5.0419E+00    1.9544E+01    7.6742E+00    1.2178E+01   
 8.7227E+01    5.3473E+01    6.0986E+01    2.3930E+01    1.9864E+01    1.7739E+01    7.9981E+01    5.8212E+01    1.9047E+01    5.0623E+00    1.9483E+01    7.6954E+00    1.2178E+01   
 8.7729E+01    5.3471E+01    6.1016E+01    2.3933E+01    1.9823E+01    1.7636E+01    7.9985E+01    5.8141E+01    1.9005E+01    5.0623E+00    1.9483E+01    7.7641E+00    1.2143E+01   
 8.8310E+01    5.3471E+01    6.1035E+01    2.3936E+01    1.9800E+01    1.7556E+01    8.0025E+01    5.8101E+01    1.9021E+01    5.0419E+00    1.9503E+01    7.5104E+00    1.2161E+01   
 8.8813E+01    5.3486E+01    6.1047E+01    2.3936E+01    1.9787E+01    1.7459E+01    8.0025E+01    5.8040E+01    1.8992E+01    5.0215E+00    1.9626E+01    7.5368E+00    1.2230E+01   
 8.9316E+01    5.3503E+01    6.1046E+01    2.3973E+01    1.9773E+01    1.7414E+01    8.0101E+01    5.7983E+01    1.8950E+01    5.0419E+00    1.9626E+01    7.7694E+00    1.2213E+01   
 8.9818E+01    5.3497E+01    6.1046E+01    2.3984E+01    1.9803E+01    1.7307E+01    8.0181E+01    5.7983E+01    1.8883E+01    5.0419E+00    1.9605E+01    7.5421E+00    1.2195E+01   
 9.0390E+01    5.3505E+01    6.1052E+01    2.3986E+01    1.9803E+01    1.7307E+01    8.0203E+01    5.7904E+01    1.8812E+01    5.0215E+00    1.9707E+01    7.6161E+00    1.2195E+01   
 9.0895E+01    5.3503E+01    6.1070E+01    2.3965E+01    1.9745E+01    1.7234E+01    8.0246E+01    5.7837E+01    1.8742E+01    5.0215E+00    1.9748E+01    7.5209E+00    1.2161E+01   
 9.1398E+01    5.3503E+01    6.1076E+01    2.3964E+01    1.9750E+01    1.7181E+01    8.0306E+01    5.7785E+01    1.8758E+01    5.0011E+00    1.9830E+01    7.5315E+00    1.2230E+01   
 9.1900E+01    5.3501E+01    6.1087E+01    2.3964E+01    1.9705E+01    1.7110E+01    8.0306E+01    5.7683E+01    1.8715E+01    5.0011E+00    1.9646E+01    7.7007E+00    1.2178E+01   
 9.2478E+01    5.3501E+01    6.1087E+01    2.4020E+01    1.9616E+01    1.7009E+01    8.0338E+01    5.7576E+01    1.8648E+01    5.0011E+00    1.9605E+01    7.7694E+00    1.2178E+01   
 9.2981E+01    5.3492E+01    6.1087E+01    2.4027E+01    1.9603E+01    1.6953E+01    8.0351E+01    5.7576E+01    1.8576E+01    4.9604E+00    1.9605E+01    7.7112E+00    1.2195E+01   
 9.3483E+01    5.3500E+01    6.1097E+01    2.4063E+01    1.9603E+01    1.6953E+01    8.0376E+01    5.7496E+01    1.8500E+01    4.9808E+00    1.9748E+01    7.8064E+00    1.2264E+01   
# Time (s)      T1w (C)       T2w (C)       T1a (C)       T2a (C)       T1r (C)       T2r (C)       T3r (C)       T4r (C)       P1 (bar)      P2 (bar)      Ic (amp)      Qc (l/min)    
 9.3985E+01    5.3500E+01    6.1111E+01    2.4073E+01    1.9644E+01    1.6892E+01    8.0413E+01    5.7433E+01    1.8434E+01    4.9400E+00    1.9748E+01    7.6478E+00    1.2213E+01   
 9.4582E+01    5.3492E+01    6.1101E+01    2.4044E+01    1.9626E+01    1.6857E+01    8.0441E+01    5.7377E+01    1.8450E+01    4.9604E+00    1.9667E+01    7.5209E+00    1.2264E+01   
 9.5085E+01    5.3494E+01    6.1110E+01    2.4044E+01    1.9598E+01    1.6797E+01    8.0441E+01    5.7277E+01    1.8367E+01    4.9400E+00    1.9585E+01    7.6637E+00    1.2247E+01   
 9.5587E+01    5.3476E+01    6.1124E+01    2.4046E+01    1.9464E+01    1.6752E+01    8.0475E+01    5.7240E+01    1.8312E+01    4.9196E+00    1.9626E+01    7.6901E+00    1.2213E+01   
 9.6090E+01    5.3491E+01    6.1124E+01    2.3995E+01    1.9490E+01    1.6689E+01    8.0491E+01    5.7240E+01    1.8254E+01    4.9400E+00    1.9789E+01    7.5579E+00    1.2213E+01   
 9.6671E+01    5.3494E+01    6.1118E+01    2.3983E+01    1.9490E+01    1.6705E+01    8.0520E+01    5.7176E+01    1.8233E+01    4.9196E+00    1.9626E+01    7.6901E+00    1.2247E+01   
 9.7173E+01    5.3496E+01    6.1113E+01    2.3990E+01    1.9475E+01    1.6663E+01    8.0526E+01    5.7106E+01    1.8150E+01    4.9196E+00    1.9585E+01    7.5157E+00    1.2195E+01   
 9.7676E+01    5.3481E+01    6.1108E+01    2.3997E+01    1.9399E+01    1.6625E+01    8.0544E+01    5.7041E+01    1.8150E+01    4.9196E+00    1.9830E+01    7.5579E+00    1.2178E+01   
 9.8178E+01    5.3493E+01    6.1108E+01    2.3997E+01    1.9369E+01    1.6597E+01    8.0544E+01    5.6975E+01    1.8117E+01    4.8993E+00    1.9585E+01    7.5262E+00    1.2143E+01   
 9.8767E+01    5.3489E+01    6.1112E+01    2.4033E+01    1.9340E+01    1.6555E+01    8.0562E+01    5.6934E+01    1.8085E+01    4.8993E+00    1.9809E+01    7.7324E+00    1.2195E+01   
 9.9269E+01    5.3509E+01    6.1112E+01    2.4017E+01    1.9312E+01    1.6531E+01    8.0543E+01    5.6934E+01    1.8053E+01    4.8789E+00    1.9687E+01    7.5738E+00    1.2195E+01   
 9.9772E+01    5.3482E+01    6.1100E+01    2.4009E+01    1.9297E+01    1.6547E+01    8.0532E+01    5.6869E+01    1.8012E+01    4.8789E+00    1.9850E+01    7.7112E+00    1.2230E+01   
 1.0027E+02    5.3489E+01    6.1114E+01    2.4001E+01    1.9318E+01    1.6522E+01    8.0520E+01    5.6808E+01    1.7929E+01    4.8585E+00    1.9830E+01    7.5157E+00    1.2230E+01   
 1.0085E+02    5.3474E+01    6.1094E+01    2.3997E+01    1.9282E+01    1.6545E+01    8.0502E+01    5.6768E+01    1.7945E+01    4.8585E+00    1.9565E+01    7.7165E+00    1.2230E+01   
 1.0136E+02    5.3475E+01    6.1086E+01    2.3997E+01    1.9190E+01    1.6554E+01    8.0516E+01    5.6706E+01    1.7908E+01    4.8585E+00    1.9667E+01    7.6002E+00    1.2213E+01   
 1.0186E+02    5.3483E+01    6.1089E+01    2.3994E+01    1.9151E+01    1.6576E+01    8.0483E+01    5.6649E+01    1.7846E+01    4.8789E+00    1.9565E+01    7.4945E+00    1.2178E+01   
 1.0237E+02    5.3474E+01    6.1075E+01    2.3971E+01    1.9135E+01    1.6629E+01    8.0466E+01    5.6663E+01    1.7813E+01    4.8585E+00    1.9605E+01    7.6425E+00    1.2195E+01   
 1.0295E+02    5.3461E+01    6.1081E+01    2.3982E+01    1.9168E+01    1.6629E+01    8.0443E+01    5.6641E+01    1.7758E+01    4.8382E+00    1.9687E+01    7.6848E+00    1.2178E+01   
 1.0345E+02    5.3470E+01    6.1075E+01    2.3986E+01    1.9122E+01    1.6667E+01    8.0441E+01    5.6592E+01    1.7701E+01    4.8178E+00    1.9748E+01    7.6531E+00    1.2195E+01   
 1.0396E+02    5.3470E+01    6.1082E+01    2.3960E+01    1.9062E+01    1.6709E+01    8.0432E+01    5.6539E+01    1.7701E+01    4.8382E+00    1.9605E+01    7.6425E+00    1.2213E+01   
 1.0446E+02    5.3458E+01    6.1061E+01    2.3960E+01    1.9043E+01    1.6775E+01    8.0432E+01    5.6478E+01    1.7635E+01    4.8382E+00    1.9728E+01    7.7588E+00    1.2213E+01   
 1.0504E+02    5.3471E+01    6.1065E+01    2.3949E+01    1.8942E+01    1.6852E+01    8.0447E+01    5.6436E+01    1.7591E+01    4.8382E+00    1.9605E+01    7.4787E+00    1.2230E+01   
 1.0554E+02    5.3456E+01    6.1065E+01    2.3993E+01    1.8918E+01    1.6926E+01    8.0439E+01    5.6436E+01    1.7567E+01    4.7974E+00    1.9626E+01    7.4787E+00    1.2247E+01   
 1.0604E+02    5.3456E+01    6.1060E+01    2.4015E+01    1.8918E+01    1.6926E+01    8.0442E+01    5.6439E+01    1.7546E+01    4.8178E+00    1.9748E+01    7.7376E+00    1.2213E+01   
 1.0655E+02    5.3465E+01    6.1057E+01    2.4032E+01    1.8865E+01    1.7018E+01    8.0423E+01    5.6421E+01    1.7546E+01    4.7974E+00    1.9524E+01    7.5051E+00    1.2178E+01   
 1.0714E+02    5.3465E+01    6.1037E+01    2.4039E+01    1.8903E+01    1.7099E+01    8.0412E+01    5.6419E+01    1.7514E+01    4.7770E+00    1.9463E+01    7.6319E+00    1.2195E+01   
 1.0764E+02    5.3481E+01    6.1047E+01    2.4055E+01    1.8831E+01    1.7200E+01    8.0426E+01    5.6431E+01    1.7520E+01    4.7567E+00    1.9503E+01    7.5368E+00    1.2195E+01   
 1.0814E+02    5.3491E+01    6.1022E+01    2.4096E+01    1.8960E+01    1.7300E+01    8.0425E+01    5.6431E+01    1.7504E+01    4.7770E+00    1.9463E+01    7.6795E+00    1.2195E+01   
 1.0864E+02    5.3486E+01    6.1022E+01    2.4096E+01    1.8960E+01    1.7300E+01    8.0421E+01    5.6414E+01    1.7498E+01    4.7770E+00    1.9524E+01    7.4945E+00    1.2230E+01   
 1.0922E+02    5.3485E+01    6.1003E+01    2.4114E+01    1.8883E+01    1.7393E+01    8.0439E+01    5.6431E+01    1.7470E+01    4.7770E+00    1.9503E+01    7.7007E+00    1.2143E+01   
# Time (s)      T1w (C)       T2w (C)       T1a (C)       T2a (C)       T1r (C)       T2r (C)       T3r (C)       T4r (C)       P1 (bar)      P2 (bar)      Ic (amp)      Qc (l/min)    
 1.0973E+02    5.3508E+01    6.0989E+01    2.4115E+01    1.8869E+01    1.7524E+01    8.0464E+01    5.6475E+01    1.7463E+01    4.7770E+00    1.9585E+01    7.6689E+00    1.2161E+01   
 1.1023E+02    5.3508E+01    6.0959E+01    2.4115E+01    1.8809E+01    1.7628E+01    8.0473E+01    5.6492E+01    1.7463E+01    4.7770E+00    1.9585E+01    7.4364E+00    1.2213E+01   
 1.1073E+02    5.3493E+01    6.0938E+01    2.4059E+01    1.8719E+01    1.7731E+01    8.0487E+01    5.6555E+01    1.7466E+01    4.7974E+00    1.9565E+01    7.5262E+00    1.2230E+01   
 1.1133E+02    5.3507E+01    6.0930E+01    2.4020E+01    1.8771E+01    1.7831E+01    8.0490E+01    5.6597E+01    1.7455E+01    4.7770E+00    1.9524E+01    7.6425E+00    1.2195E+01   
 1.1183E+02    5.3484E+01    6.0916E+01    2.3957E+01    1.8628E+01    1.7923E+01    8.0509E+01    5.6597E+01    1.7449E+01    4.7770E+00    1.9544E+01    7.5104E+00    1.2213E+01   
 1.1234E+02    5.3499E+01    6.0892E+01    2.3950E+01    1.8628E+01    1.7923E+01    8.0513E+01    5.6629E+01    1.7464E+01    4.7974E+00    1.9503E+01    7.5844E+00    1.2195E+01   
 1.1284E+02    5.3486E+01    6.0879E+01    2.3933E+01    1.8593E+01    1.8037E+01    8.0517E+01    5.6676E+01    1.7464E+01    4.7567E+00    1.9626E+01    7.5738E+00    1.2213E+01   
 1.1342E+02    5.3486E+01    6.0876E+01    2.3886E+01    1.8729E+01    1.8120E+01    8.0496E+01    5.6718E+01    1.7479E+01    4.7770E+00    1.9361E+01    7.4311E+00    1.2195E+01   
 1.1392E+02    5.3493E+01    6.0868E+01    2.3902E+01    1.8784E+01    1.8210E+01    8.0496E+01    5.6790E+01    1.7490E+01    4.7770E+00    1.9565E+01    7.4258E+00    1.2230E+01   
 1.1442E+02    5.3501E+01    6.0862E+01    2.3866E+01    1.8787E+01    1.8306E+01    8.0471E+01    5.6776E+01    1.7498E+01    4.7770E+00    1.9483E+01    7.5791E+00    1.2213E+01   
 1.1492E+02    5.3504E+01    6.0877E+01    2.3845E+01    1.8803E+01    1.8290E+01    8.0465E+01    5.6814E+01    1.7511E+01    4.7770E+00    1.9340E+01    7.5051E+00    1.2195E+01   
 1.1551E+02    5.3534E+01    6.0846E+01    2.3815E+01    1.8722E+01    1.8391E+01    8.0471E+01    5.6875E+01    1.7541E+01    4.7770E+00    1.9463E+01    7.4205E+00    1.2247E+01   
 1.1601E+02    5.3515E+01    6.0847E+01    2.3812E+01    1.8790E+01    1.8468E+01    8.0448E+01    5.6950E+01    1.7564E+01    4.7974E+00    1.9320E+01    7.4100E+00    1.2213E+01   
 1.1652E+02    5.3530E+01    6.0856E+01    2.3828E+01    1.8830E+01    1.8581E+01    8.0456E+01    5.7024E+01    1.7580E+01    4.7974E+00    1.9340E+01    7.5949E+00    1.2213E+01   
 1.1702E+02    5.3542E+01    6.0840E+01    2.3875E+01    1.8766E+01    1.8667E+01    8.0456E+01    5.7070E+01    1.7597E+01    4.7974E+00    1.9279E+01    7.4470E+00    1.2213E+01   
 1.1758E+02    5.3546E+01    6.0843E+01    2.3934E+01    1.8824E+01    1.8769E+01    8.0486E+01    5.7133E+01    1.7647E+01    4.8178E+00    1.9299E+01    7.5157E+00    1.2213E+01   
 1.1809E+02    5.3537E+01    6.0843E+01    2.3925E+01    1.8824E+01    1.8769E+01    8.0505E+01    5.7133E+01    1.7681E+01    4.8178E+00    1.9463E+01    7.4892E+00    1.2195E+01   
 1.1859E+02    5.3542E+01    6.0833E+01    2.3860E+01    1.8792E+01    1.8852E+01    8.0517E+01    5.7205E+01    1.7707E+01    4.7770E+00    1.9442E+01    7.4681E+00    1.2195E+01   
 1.1909E+02    5.3542E+01    6.0820E+01    2.3862E+01    1.8900E+01    1.8934E+01    8.0481E+01    5.7271E+01    1.7707E+01    4.7974E+00    1.9483E+01    7.6319E+00    1.2195E+01   
 1.1968E+02    5.3549E+01    6.0833E+01    2.3871E+01    1.8887E+01    1.9020E+01    8.0454E+01    5.7329E+01    1.7723E+01    4.8178E+00    1.9422E+01    7.4734E+00    1.2213E+01   
 1.2018E+02    5.3538E+01    6.0814E+01    2.3871E+01    1.8837E+01    1.9094E+01    8.0454E+01    5.7398E+01    1.7696E+01    4.8178E+00    1.9401E+01    7.4152E+00    1.2213E+01   
 1.2069E+02    5.3557E+01    6.0814E+01    2.3869E+01    1.8884E+01    1.9170E+01    8.0420E+01    5.7384E+01    1.7699E+01    4.8178E+00    1.9259E+01    7.4258E+00    1.2230E+01   
 1.2119E+02    5.3554E+01    6.0809E+01    2.3888E+01    1.8884E+01    1.9170E+01    8.0374E+01    5.7432E+01    1.7691E+01    4.7974E+00    1.9259E+01    7.4205E+00    1.2195E+01   
 1.2177E+02    5.3563E+01    6.0805E+01    2.3932E+01    1.8924E+01    1.9231E+01    8.0345E+01    5.7507E+01    1.7687E+01    4.8178E+00    1.9279E+01    7.4575E+00    1.2230E+01   
 1.2227E+02    5.3569E+01    6.0797E+01    2.4008E+01    1.8955E+01    1.9300E+01    8.0318E+01    5.7581E+01    1.7687E+01    4.7974E+00    1.9340E+01    7.4205E+00    1.2230E+01   
 1.2278E+02    5.3569E+01    6.0791E+01    2.4008E+01    1.8880E+01    1.9379E+01    8.0318E+01    5.7637E+01    1.7693E+01    4.8178E+00    1.9463E+01    7.5051E+00    1.2213E+01   
 1.2328E+02    5.3547E+01    6.0795E+01    2.4036E+01    1.8851E+01    1.9450E+01    8.0299E+01    5.7698E+01    1.7717E+01    4.7974E+00    1.9381E+01    7.5315E+00    1.2195E+01   
 1.2386E+02    5.3577E+01    6.0799E+01    2.4067E+01    1.8980E+01    1.9547E+01    8.0294E+01    5.7791E+01    1.7729E+01    4.8178E+00    1.9422E+01    7.4839E+00    1.2213E+01   
 1.2437E+02    5.3573E+01    6.0799E+01    2.4098E+01    1.8980E+01    1.9547E+01    8.0264E+01    5.7791E+01    1.7738E+01    4.8178E+00    1.9259E+01    7.6795E+00    1.2213E+01   
 1.2487E+02    5.3581E+01    6.0804E+01    2.4060E+01    1.8978E+01    1.9611E+01    8.0279E+01    5.7866E+01    1.7759E+01    4.8178E+00    1.9259E+01    7.5738E+00    1.2195E+01   
# Time (s)      T1w (C)       T2w (C)       T1a (C)       T2a (C)       T1r (C)       T2r (C)       T3r (C)       T4r (C)       P1 (bar)      P2 (bar)      Ic (amp)      Qc (l/min)    
 1.2537E+02    5.3581E+01    6.0804E+01    2.4003E+01    1.8983E+01    1.9667E+01    8.0278E+01    5.7928E+01    1.7759E+01    4.8382E+00    1.9381E+01    7.4258E+00    1.2213E+01   
 1.2595E+02    5.3576E+01    6.0795E+01    2.3968E+01    1.9033E+01    1.9725E+01    8.0252E+01    5.7957E+01    1.7787E+01    4.8382E+00    1.9503E+01    7.4258E+00    1.2230E+01   
 1.2645E+02    5.3568E+01    6.0800E+01    2.3968E+01    1.8944E+01    1.9781E+01    8.0252E+01    5.8009E+01    1.7801E+01    4.8382E+00    1.9340E+01    7.4152E+00    1.2247E+01   
 1.2695E+02    5.3576E+01    6.0800E+01    2.3958E+01    1.9004E+01    1.9839E+01    8.0242E+01    5.8009E+01    1.7791E+01    4.8382E+00    1.9279E+01    7.5474E+00    1.2195E+01   
 1.2746E+02    5.3583E+01    6.0796E+01    2.3920E+01    1.9004E+01    1.9839E+01    8.0226E+01    5.8074E+01    1.7805E+01    4.8382E+00    1.9381E+01    7.4205E+00    1.2195E+01   
 1.2805E+02    5.3595E+01    6.0796E+01    2.3913E+01    1.9011E+01    1.9883E+01    8.0225E+01    5.8116E+01    1.7821E+01    4.8585E+00    1.9259E+01    7.4100E+00    1.2195E+01   
 1.2855E+02    5.3595E+01    6.0786E+01    2.3926E+01    1.8966E+01    1.9944E+01    8.0199E+01    5.8138E+01    1.7805E+01    4.8789E+00    1.9259E+01    7.4205E+00    1.2264E+01   
 1.2905E+02    5.3581E+01    6.0778E+01    2.3910E+01    1.8956E+01    1.9991E+01    8.0199E+01    5.8179E+01    1.7853E+01    4.8789E+00    1.9279E+01    7.4311E+00    1.2195E+01   
 1.2956E+02    5.3587E+01    6.0777E+01    2.3903E+01    1.8934E+01    2.0043E+01    8.0182E+01    5.8199E+01    1.7865E+01    4.8993E+00    1.9238E+01    7.6531E+00    1.2195E+01   
 1.3012E+02    5.3591E+01    6.0778E+01    2.3952E+01    1.9024E+01    2.0100E+01    8.0192E+01    5.8199E+01    1.7886E+01    4.8993E+00    1.9299E+01    7.6901E+00    1.2178E+01   
 1.3062E+02    5.3597E+01    6.0778E+01    2.3926E+01    1.9024E+01    2.0100E+01    8.0213E+01    5.8225E+01    1.7908E+01    4.8789E+00    1.9483E+01    7.7007E+00    1.2247E+01   
 1.3113E+02    5.3594E+01    6.0781E+01    2.3945E+01    1.9055E+01    2.0149E+01    8.0252E+01    5.8287E+01    1.7940E+01    4.8789E+00    1.9483E+01    7.4417E+00    1.2213E+01   
 1.3163E+02    5.3594E+01    6.0779E+01    2.3910E+01    1.9089E+01    2.0215E+01    8.0255E+01    5.8325E+01    1.7940E+01    4.8993E+00    1.9503E+01    7.4787E+00    1.2213E+01   
 1.3223E+02    5.3617E+01    6.0788E+01    2.3910E+01    1.9149E+01    2.0257E+01    8.0255E+01    5.8375E+01    1.7973E+01    4.8993E+00    1.9279E+01    7.7007E+00    1.2195E+01   
 1.3273E+02    5.3628E+01    6.0797E+01    2.3942E+01    1.9123E+01    2.0296E+01    8.0255E+01    5.8403E+01    1.8018E+01    4.9196E+00    1.9422E+01    7.4470E+00    1.2230E+01   
 1.3323E+02    5.3613E+01    6.0797E+01    2.3920E+01    1.9221E+01    2.0371E+01    8.0239E+01    5.8403E+01    1.8060E+01    4.9400E+00    1.9401E+01    7.6742E+00    1.2195E+01   
 1.3374E+02    5.3638E+01    6.0819E+01    2.3890E+01    1.9221E+01    2.0371E+01    8.0246E+01    5.8421E+01    1.8093E+01    4.9196E+00    1.9340E+01    7.6954E+00    1.2178E+01   
 1.3431E+02    5.3632E+01    6.0825E+01    2.3887E+01    1.9252E+01    2.0420E+01    8.0225E+01    5.8406E+01    1.8122E+01    4.9196E+00    1.9401E+01    7.4470E+00    1.2178E+01   
 1.3481E+02    5.3617E+01    6.0806E+01    2.3893E+01    1.9281E+01    2.0443E+01    8.0208E+01    5.8391E+01    1.8106E+01    4.9400E+00    1.9381E+01    7.4470E+00    1.2195E+01   
 1.3531E+02    5.3620E+01    6.0815E+01    2.3893E+01    1.9236E+01    2.0482E+01    8.0208E+01    5.8423E+01    1.8150E+01    4.9604E+00    1.9340E+01    7.6637E+00    1.2161E+01   
 1.3581E+02    5.3629E+01    6.0824E+01    2.3920E+01    1.9284E+01    2.0518E+01    8.0194E+01    5.8408E+01    1.8175E+01    4.9604E+00    1.9463E+01    7.4522E+00    1.2213E+01   
 1.3641E+02    5.3629E+01    6.0844E+01    2.3984E+01    1.9183E+01    2.0553E+01    8.0173E+01    5.8429E+01    1.8207E+01    4.9604E+00    1.9422E+01    7.4734E+00    1.2213E+01   
 1.3691E+02    5.3618E+01    6.0830E+01    2.3996E+01    1.9167E+01    2.0553E+01    8.0162E+01    5.8435E+01    1.8223E+01    4.9604E+00    1.9483E+01    7.4417E+00    1.2247E+01   
 1.3742E+02    5.3615E+01    6.0837E+01    2.3961E+01    1.9285E+01    2.0600E+01    8.0159E+01    5.8441E+01    1.8239E+01    4.9808E+00    1.9503E+01    7.5527E+00    1.2230E+01   
 1.3792E+02    5.3615E+01    6.0834E+01    2.3957E+01    1.9214E+01    2.0648E+01    8.0163E+01    5.8449E+01    1.8239E+01    4.9400E+00    1.9585E+01    7.4681E+00    1.2230E+01   
 1.3848E+02    5.3637E+01    6.0846E+01    2.3957E+01    1.9212E+01    2.0675E+01    8.0163E+01    5.8450E+01    1.8272E+01    4.9400E+00    1.9483E+01    7.7271E+00    1.2230E+01   
 1.3898E+02    5.3647E+01    6.0872E+01    2.3995E+01    1.9248E+01    2.0700E+01    8.0173E+01    5.8494E+01    1.8297E+01    4.9604E+00    1.9442E+01    7.6267E+00    1.2213E+01   
 1.3949E+02    5.3652E+01    6.0872E+01    2.3965E+01    1.9248E+01    2.0731E+01    8.0171E+01    5.8494E+01    1.8324E+01    4.9604E+00    1.9585E+01    7.6002E+00    1.2178E+01   
 1.3999E+02    5.3662E+01    6.0872E+01    2.3906E+01    1.9253E+01    2.0731E+01    8.0186E+01    5.8507E+01    1.8337E+01    4.9808E+00    1.9381E+01    7.6267E+00    1.2195E+01   
 1.4058E+02    5.3647E+01    6.0882E+01    2.3921E+01    1.9255E+01    2.0775E+01    8.0189E+01    5.8521E+01    1.8372E+01    4.9808E+00    1.9422E+01    7.6108E+00    1.2213E+01   
# Time (s)      T1w (C)       T2w (C)       T1a (C)       T2a (C)       T1r (C)       T2r (C)       T3r (C)       T4r (C)       P1 (bar)      P2 (bar)      Ic (amp)      Qc (l/min)    
 1.4108E+02    5.3662E+01    6.0890E+01    2.3949E+01    1.9441E+01    2.0788E+01    8.0202E+01    5.8514E+01    1.8372E+01    5.0011E+00    1.9524E+01    7.4575E+00    1.2230E+01   
 1.4158E+02    5.3677E+01    6.0906E+01    2.3949E+01    1.9437E+01    2.0823E+01    8.0202E+01    5.8545E+01    1.8421E+01    4.9808E+00    1.9361E+01    7.6637E+00    1.2230E+01   
 1.4209E+02    5.3675E+01    6.0905E+01    2.3967E+01    1.9338E+01    2.0882E+01    8.0231E+01    5.8585E+01    1.8495E+01    4.9808E+00    1.9524E+01    7.7059E+00    1.2178E+01   
 1.4266E+02    5.3679E+01    6.0905E+01    2.3960E+01    1.9342E+01    2.0895E+01    8.0247E+01    5.8585E+01    1.8512E+01    5.0011E+00    1.9442E+01    7.6584E+00    1.2213E+01   
 1.4316E+02    5.3673E+01    6.0928E+01    2.3970E+01    1.9342E+01    2.0895E+01    8.0247E+01    5.8583E+01    1.8538E+01    4.9808E+00    1.9422E+01    7.4681E+00    1.2213E+01   
 1.4367E+02    5.3674E+01    6.0917E+01    2.4006E+01    1.9354E+01    2.0921E+01    8.0239E+01    5.8595E+01    1.8559E+01    5.0011E+00    1.9401E+01    7.5421E+00    1.2195E+01   
 1.4417E+02    5.3674E+01    6.0933E+01    2.4006E+01    1.9380E+01    2.0958E+01    8.0239E+01    5.8618E+01    1.8559E+01    5.0011E+00    1.9565E+01    7.7482E+00    1.2247E+01   
 1.4475E+02    5.3694E+01    6.0925E+01    2.4006E+01    1.9397E+01    2.0995E+01    8.0248E+01    5.8623E+01    1.8597E+01    5.0215E+00    1.9442E+01    7.6795E+00    1.2195E+01   
 1.4525E+02    5.3700E+01    6.0949E+01    2.4004E+01    1.9421E+01    2.1027E+01    8.0241E+01    5.8619E+01    1.8615E+01    5.0011E+00    1.9483E+01    7.7535E+00    1.2213E+01   
 1.4575E+02    5.3694E+01    6.0949E+01    2.3995E+01    1.9421E+01    2.1027E+01    8.0224E+01    5.8619E+01    1.8652E+01    5.0215E+00    1.9361E+01    7.5897E+00    1.2247E+01   
 1.4626E+02    5.3674E+01    6.0953E+01    2.3939E+01    1.9422E+01    2.1036E+01    8.0206E+01    5.8608E+01    1.8691E+01    5.0215E+00    1.9463E+01    7.5844E+00    1.2213E+01   
 1.4686E+02    5.3708E+01    6.0948E+01    2.3840E+01    1.9382E+01    2.1054E+01    8.0211E+01    5.8634E+01    1.8710E+01    5.0419E+00    1.9422E+01    7.5949E+00    1.2213E+01   
 1.4736E+02    5.3708E+01    6.0962E+01    2.3742E+01    1.9341E+01    2.1081E+01    8.0245E+01    5.8655E+01    1.8710E+01    5.0215E+00    1.9381E+01    7.6372E+00    1.2230E+01   
 1.4786E+02    5.3712E+01    6.0959E+01    2.3742E+01    1.9340E+01    2.1124E+01    8.0259E+01    5.8692E+01    1.8738E+01    5.0215E+00    1.9605E+01    7.4839E+00    1.2161E+01   
 1.4837E+02    5.3713E+01    6.0993E+01    2.3732E+01    1.9393E+01    2.1142E+01    8.0251E+01    5.8692E+01    1.8766E+01    5.0011E+00    1.9381E+01    7.7165E+00    1.2178E+01   
 1.4895E+02    5.3704E+01    6.0993E+01    2.3733E+01    1.9392E+01    2.1167E+01    8.0279E+01    5.8700E+01    1.8794E+01    5.0215E+00    1.9483E+01    7.7429E+00    1.2178E+01   
 1.4946E+02    5.3709E+01    6.0972E+01    2.3779E+01    1.9392E+01    2.1167E+01    8.0285E+01    5.8670E+01    1.8807E+01    5.0215E+00    1.9585E+01    7.7376E+00    1.2143E+01   
 1.4996E+02    5.3694E+01    6.0993E+01    2.3848E+01    1.9463E+01    2.1161E+01    8.0294E+01    5.8668E+01    1.8802E+01    5.0623E+00    1.9340E+01    7.5262E+00    1.2161E+01   
 1.5046E+02    5.3694E+01    6.0992E+01    2.3848E+01    1.9497E+01    2.1165E+01    8.0294E+01    5.8640E+01    1.8802E+01    5.0215E+00    1.9503E+01    7.6901E+00    1.2178E+01   
 1.5106E+02    5.3703E+01    6.0995E+01    2.3815E+01    1.9502E+01    2.1215E+01    8.0319E+01    5.8688E+01    1.8839E+01    5.0623E+00    1.9463E+01    7.7165E+00    1.2195E+01   
 1.5156E+02    5.3714E+01    6.1011E+01    2.3800E+01    1.9538E+01    2.1221E+01    8.0321E+01    5.8688E+01    1.8856E+01    5.0419E+00    1.9483E+01    7.7324E+00    1.2195E+01   
 1.5206E+02    5.3721E+01    6.1011E+01    2.3728E+01    1.9538E+01    2.1221E+01    8.0327E+01    5.8688E+01    1.8867E+01    5.0826E+00    1.9422E+01    7.4787E+00    1.2213E+01   
 1.5257E+02    5.3709E+01    6.1028E+01    2.3732E+01    1.9555E+01    2.1244E+01    8.0365E+01    5.8718E+01    1.8869E+01    5.0826E+00    1.9503E+01    7.6584E+00    1.2213E+01   
 1.5313E+02    5.3703E+01    6.1021E+01    2.3750E+01    1.9516E+01    2.1249E+01    8.0412E+01    5.8725E+01    1.8885E+01    5.0419E+00    1.9422E+01    7.7376E+00    1.2195E+01   
 1.5364E+02    5.3703E+01    6.1013E+01    2.3750E+01    1.9543E+01    2.1270E+01    8.0456E+01    5.8747E+01    1.8885E+01    5.0826E+00    1.9422E+01    7.6795E+00    1.2143E+01   
 1.5414E+02    5.3709E+01    6.1011E+01    2.3814E+01    1.9582E+01    2.1278E+01    8.0470E+01    5.8746E+01    1.8923E+01    5.0826E+00    1.9503E+01    7.6319E+00    1.2178E+01   
 1.5464E+02    5.3706E+01    6.1037E+01    2.3850E+01    1.9580E+01    2.1278E+01    8.0492E+01    5.8746E+01    1.8947E+01    5.0826E+00    1.9401E+01    7.6425E+00    1.2178E+01   
 1.5523E+02    5.3710E+01    6.1037E+01    2.3925E+01    1.9656E+01    2.1278E+01    8.0509E+01    5.8762E+01    1.8965E+01    5.0419E+00    1.9463E+01    7.6002E+00    1.2247E+01   
 1.5573E+02    5.3718E+01    6.1036E+01    2.3992E+01    1.9656E+01    2.1278E+01    8.0494E+01    5.8777E+01    1.8998E+01    5.0623E+00    1.9483E+01    7.6161E+00    1.2230E+01   
 1.5623E+02    5.3727E+01    6.1032E+01    2.4058E+01    1.9640E+01    2.1248E+01    8.0505E+01    5.8784E+01    1.8996E+01    5.0419E+00    1.9646E+01    7.6108E+00    1.2195E+01   
# Time (s)      T1w (C)       T2w (C)       T1a (C)       T2a (C)       T1r (C)       T2r (C)       T3r (C)       T4r (C)       P1 (bar)      P2 (bar)      Ic (amp)      Qc (l/min)    
 1.5674E+02    5.3727E+01    6.1042E+01    2.4058E+01    1.9622E+01    2.1217E+01    8.0505E+01    5.8791E+01    1.8996E+01    5.0215E+00    1.9422E+01    7.6742E+00    1.2213E+01   
 1.5732E+02    5.3714E+01    6.1026E+01    2.4052E+01    1.9619E+01    2.1177E+01    8.0507E+01    5.8803E+01    1.9011E+01    5.0623E+00    1.9401E+01    7.6372E+00    1.2178E+01   
 1.5782E+02    5.3719E+01    6.1035E+01    2.4088E+01    1.9681E+01    2.1113E+01    8.0538E+01    5.8798E+01    1.9037E+01    5.0419E+00    1.9422E+01    7.4998E+00    1.2213E+01   
 1.5832E+02    5.3702E+01    6.1035E+01    2.4115E+01    1.9681E+01    2.1113E+01    8.0562E+01    5.8798E+01    1.9069E+01    5.0419E+00    1.9585E+01    7.6742E+00    1.2213E+01   
 1.5883E+02    5.3713E+01    6.1040E+01    2.4086E+01    1.9651E+01    2.1046E+01    8.0600E+01    5.8833E+01    1.9117E+01    5.0623E+00    1.9401E+01    7.5368E+00    1.2230E+01   
 1.5941E+02    5.3712E+01    6.1024E+01    2.4081E+01    1.9704E+01    2.0927E+01    8.0642E+01    5.8827E+01    1.9148E+01    5.0826E+00    1.9483E+01    7.6055E+00    1.2230E+01   
 1.5991E+02    5.3712E+01    6.1042E+01    2.4081E+01    1.9723E+01    2.0773E+01    8.0656E+01    5.8867E+01    1.9164E+01    5.0826E+00    1.9565E+01    7.5738E+00    1.2213E+01   
 1.6042E+02    5.3712E+01    6.1016E+01    2.3997E+01    1.9713E+01    2.0480E+01    8.0660E+01    5.8886E+01    1.9206E+01    5.0826E+00    1.9483E+01    7.5421E+00    1.2230E+01   
 1.6092E+02    5.3740E+01    6.1045E+01    2.4012E+01    1.9716E+01    2.0030E+01    8.0656E+01    5.8886E+01    1.9240E+01    5.0623E+00    1.9422E+01    7.5157E+00    1.2230E+01   
 1.6150E+02    5.3728E+01    6.1045E+01    2.4010E+01    1.9748E+01    2.0030E+01    8.0638E+01    5.8889E+01    1.9270E+01    5.0623E+00    1.9463E+01    7.5368E+00    1.2161E+01   
 1.6200E+02    5.3729E+01    6.1039E+01    2.3970E+01    1.9748E+01    1.9730E+01    8.0637E+01    5.8943E+01    1.9322E+01    5.1030E+00    1.9442E+01    7.5315E+00    1.2161E+01   
 1.6251E+02    5.3727E+01    6.1036E+01    2.3887E+01    1.9718E+01    1.9481E+01    8.0596E+01    5.8943E+01    1.9330E+01    5.0826E+00    1.9422E+01    7.5209E+00    1.2161E+01   
 1.6301E+02    5.3727E+01    6.1059E+01    2.3887E+01    1.9821E+01    1.9259E+01    8.0596E+01    5.8947E+01    1.9330E+01    5.0826E+00    1.9442E+01    7.5209E+00    1.2195E+01   
 1.6360E+02    5.3737E+01    6.1057E+01    2.3927E+01    1.9795E+01    1.9078E+01    8.0577E+01    5.8906E+01    1.9355E+01    5.0826E+00    1.9707E+01    7.5897E+00    1.2195E+01   
 1.6410E+02    5.3721E+01    6.1061E+01    2.3928E+01    1.9796E+01    1.8867E+01    8.0535E+01    5.8884E+01    1.9313E+01    5.0623E+00    1.9626E+01    7.5209E+00    1.2178E+01   
 1.6461E+02    5.3715E+01    6.1061E+01    2.3935E+01    1.9796E+01    1.8867E+01    8.0496E+01    5.8884E+01    1.9308E+01    5.0826E+00    1.9544E+01    7.6478E+00    1.2213E+01   
 1.6511E+02    5.3719E+01    6.1071E+01    2.3885E+01    1.9787E+01    1.8708E+01    8.0494E+01    5.8846E+01    1.9315E+01    5.0623E+00    1.9524E+01    7.5421E+00    1.2230E+01   
 1.6568E+02    5.3730E+01    6.1089E+01    2.3828E+01    1.9806E+01    1.8565E+01    8.0482E+01    5.8822E+01    1.9291E+01    5.0419E+00    1.9585E+01    7.6901E+00    1.2213E+01   
 1.6619E+02    5.3730E+01    6.1109E+01    2.3828E+01    1.9778E+01    1.8410E+01    8.0482E+01    5.8782E+01    1.9291E+01    5.0826E+00    1.9687E+01    7.8064E+00    1.2213E+01   
 1.6669E+02    5.3725E+01    6.1118E+01    2.3777E+01    1.9811E+01    1.8276E+01    8.0482E+01    5.8749E+01    1.9259E+01    5.0419E+00    1.9707E+01    7.5632E+00    1.2195E+01   
 1.6719E+02    5.3734E+01    6.1118E+01    2.3811E+01    1.9807E+01    1.8138E+01    8.0463E+01    5.8749E+01    1.9226E+01    5.0623E+00    1.9646E+01    7.7694E+00    1.2195E+01   
 1.6778E+02    5.3735E+01    6.1141E+01    2.3781E+01    1.9807E+01    1.8138E+01    8.0452E+01    5.8682E+01    1.9199E+01    5.0419E+00    1.9748E+01    7.6055E+00    1.2213E+01   
 1.6828E+02    5.3736E+01    6.1156E+01    2.3833E+01    1.9777E+01    1.8036E+01    8.0442E+01    5.8659E+01    1.9170E+01    5.0419E+00    1.9646E+01    7.5632E+00    1.2178E+01   
 1.6879E+02    5.3736E+01    6.1187E+01    2.3953E+01    1.9772E+01    1.7907E+01    8.0413E+01    5.8596E+01    1.9137E+01    5.0623E+00    1.9667E+01    7.6055E+00    1.2213E+01   
 1.6929E+02    5.3733E+01    6.1198E+01    2.3953E+01    1.9775E+01    1.7807E+01    8.0413E+01    5.8535E+01    1.9137E+01    5.0215E+00    1.9565E+01    7.5315E+00    1.2213E+01   
 1.6987E+02    5.3721E+01    6.1204E+01    2.3992E+01    1.9790E+01    1.7707E+01    8.0417E+01    5.8453E+01    1.9082E+01    5.0623E+00    1.9769E+01    7.6267E+00    1.2247E+01   
 1.7037E+02    5.3708E+01    6.1219E+01    2.3982E+01    1.9678E+01    1.7610E+01    8.0445E+01    5.8411E+01    1.9053E+01    5.0419E+00    1.9830E+01    7.5368E+00    1.2247E+01   
 1.7087E+02    5.3710E+01    6.1219E+01    2.3976E+01    1.9678E+01    1.7610E+01    8.0494E+01    5.8411E+01    1.8990E+01    5.0011E+00    1.9605E+01    7.6584E+00    1.2213E+01   
 1.7138E+02    5.3710E+01    6.1220E+01    2.3998E+01    1.9632E+01    1.7521E+01    8.0503E+01    5.8321E+01    1.8941E+01    5.0215E+00    1.9748E+01    7.5738E+00    1.2178E+01   
 1.7197E+02    5.3733E+01    6.1268E+01    2.3989E+01    1.9661E+01    1.7461E+01    8.0551E+01    5.8255E+01    1.8892E+01    5.0011E+00    1.9626E+01    7.6954E+00    1.2178E+01   
# Time (s)      T1w (C)       T2w (C)       T1a (C)       T2a (C)       T1r (C)       T2r (C)       T3r (C)       T4r (C)       P1 (bar)      P2 (bar)      Ic (amp)      Qc (l/min)    
 1.7247E+02    5.3733E+01    6.1275E+01    2.3989E+01    1.9714E+01    1.7365E+01    8.0551E+01    5.8179E+01    1.8892E+01    5.0215E+00    1.9911E+01    7.5579E+00    1.2213E+01   
 1.7297E+02    5.3715E+01    6.1272E+01    2.4034E+01    1.9643E+01    1.7304E+01    8.0565E+01    5.8118E+01    1.8833E+01    5.0215E+00    1.9626E+01    7.7852E+00    1.2195E+01   
 1.7347E+02    5.3720E+01    6.1272E+01    2.4040E+01    1.9602E+01    1.7304E+01    8.0584E+01    5.8118E+01    1.8791E+01    4.9808E+00    1.9667E+01    7.7482E+00    1.2195E+01   
 1.7405E+02    5.3735E+01    6.1290E+01    2.3982E+01    1.9618E+01    1.7247E+01    8.0631E+01    5.8048E+01    1.8754E+01    4.9808E+00    1.9830E+01    7.6002E+00    1.2213E+01   
 1.7455E+02    5.3741E+01    6.1278E+01    2.3944E+01    1.9624E+01    1.7177E+01    8.0656E+01    5.7980E+01    1.8713E+01    4.9808E+00    1.9789E+01    7.5579E+00    1.2230E+01   
 1.7505E+02    5.3741E+01    6.1300E+01    2.3945E+01    1.9567E+01    1.7108E+01    8.0681E+01    5.7893E+01    1.8713E+01    4.9808E+00    1.9748E+01    7.6584E+00    1.2161E+01   
 1.7556E+02    5.3728E+01    6.1302E+01    2.3945E+01    1.9559E+01    1.7057E+01    8.0681E+01    5.7806E+01    1.8652E+01    4.9400E+00    1.9932E+01    7.6848E+00    1.2143E+01   
 1.7614E+02    5.3742E+01    6.1315E+01    2.3840E+01    1.9538E+01    1.6997E+01    8.0673E+01    5.7751E+01    1.8567E+01    4.9604E+00    1.9911E+01    7.5579E+00    1.2178E+01   
 1.7664E+02    5.3730E+01    6.1316E+01    2.3838E+01    1.9484E+01    1.6937E+01    8.0654E+01    5.7682E+01    1.8522E+01    4.9604E+00    1.9932E+01    7.5579E+00    1.2143E+01   
 1.7715E+02    5.3742E+01    6.1316E+01    2.3918E+01    1.9484E+01    1.6937E+01    8.0652E+01    5.7682E+01    1.8452E+01    4.9400E+00    1.9667E+01    7.8169E+00    1.2213E+01   
 1.7765E+02    5.3725E+01    6.1333E+01    2.3931E+01    1.9460E+01    1.6877E+01    8.0635E+01    5.7621E+01    1.8409E+01    4.9400E+00    1.9707E+01    7.5474E+00    1.2195E+01   
 1.7823E+02    5.3743E+01    6.1334E+01    2.3980E+01    1.9458E+01    1.6830E+01    8.0621E+01    5.7570E+01    1.8348E+01    4.9196E+00    1.9789E+01    7.8064E+00    1.2178E+01   
 1.7873E+02    5.3743E+01    6.1324E+01    2.3980E+01    1.9371E+01    1.6779E+01    8.0621E+01    5.7488E+01    1.8348E+01    4.9196E+00    1.9891E+01    7.7746E+00    1.2213E+01   
 1.7924E+02    5.3731E+01    6.1344E+01    2.3961E+01    1.9355E+01    1.6713E+01    8.0617E+01    5.7409E+01    1.8323E+01    4.9196E+00    1.9932E+01    7.8011E+00    1.2230E+01   
 1.7974E+02    5.3734E+01    6.1344E+01    2.3965E+01    1.9355E+01    1.6713E+01    8.0600E+01    5.7409E+01    1.8259E+01    4.9196E+00    1.9748E+01    7.8222E+00    1.2195E+01   
 1.8033E+02    5.3738E+01    6.1339E+01    2.3911E+01    1.9336E+01    1.6668E+01    8.0587E+01    5.7332E+01    1.8198E+01    4.9196E+00    1.9830E+01    7.7641E+00    1.2264E+01   
 1.8083E+02    5.3737E+01    6.1353E+01    2.3872E+01    1.9262E+01    1.6618E+01    8.0557E+01    5.7266E+01    1.8121E+01    4.8993E+00    1.9728E+01    7.7271E+00    1.2247E+01   
 1.8133E+02    5.3737E+01    6.1335E+01    2.3872E+01    1.9226E+01    1.6588E+01    8.0557E+01    5.7197E+01    1.8121E+01    4.8993E+00    1.9932E+01    7.6742E+00    1.2195E+01   
 1.8184E+02    5.3743E+01    6.1354E+01    2.3829E+01    1.9142E+01    1.6571E+01    8.0548E+01    5.7145E+01    1.8075E+01    4.8993E+00    1.9707E+01    7.5368E+00    1.2161E+01   
 1.8241E+02    5.3752E+01    6.1352E+01    2.3827E+01    1.9110E+01    1.6542E+01    8.0523E+01    5.7044E+01    1.7994E+01    4.8993E+00    1.9891E+01    7.5474E+00    1.2230E+01   
 1.8292E+02    5.3739E+01    6.1349E+01    2.3840E+01    1.9187E+01    1.6542E+01    8.0525E+01    5.7044E+01    1.7956E+01    4.8789E+00    1.9911E+01    7.5421E+00    1.2230E+01   
 1.8342E+02    5.3754E+01    6.1349E+01    2.3841E+01    1.9187E+01    1.6513E+01    8.0495E+01    5.6972E+01    1.7894E+01    4.8789E+00    1.9789E+01    7.6055E+00    1.2178E+01   
 1.8392E+02    5.3759E+01    6.1347E+01    2.3837E+01    1.9110E+01    1.6513E+01    8.0487E+01    5.6903E+01    1.7856E+01    4.8585E+00    1.9870E+01    7.5791E+00    1.2230E+01   
 1.8451E+02    5.3765E+01    6.1341E+01    2.3819E+01    1.9095E+01    1.6528E+01    8.0488E+01    5.6811E+01    1.7811E+01    4.8789E+00    1.9687E+01    7.5368E+00    1.2230E+01   
 1.8502E+02    5.3765E+01    6.1356E+01    2.3819E+01    1.9048E+01    1.6530E+01    8.0474E+01    5.6765E+01    1.7795E+01    4.8789E+00    1.9789E+01    7.5421E+00    1.2161E+01   
 1.8552E+02    5.3767E+01    6.1355E+01    2.3813E+01    1.8930E+01    1.6580E+01    8.0481E+01    5.6713E+01    1.7743E+01    4.8585E+00    1.9911E+01    7.5949E+00    1.2213E+01   
 1.8602E+02    5.3765E+01    6.1355E+01    2.4007E+01    1.8930E+01    1.6564E+01    8.0493E+01    5.6698E+01    1.7679E+01    4.8382E+00    1.9707E+01    7.8011E+00    1.2143E+01   
 1.8660E+02    5.3781E+01    6.1358E+01    2.4201E+01    1.8902E+01    1.6623E+01    8.0505E+01    5.6661E+01    1.7638E+01    4.8382E+00    1.9707E+01    7.5315E+00    1.2178E+01   
 1.8710E+02    5.3767E+01    6.1339E+01    2.4419E+01    1.8899E+01    1.6648E+01    8.0510E+01    5.6596E+01    1.7569E+01    4.8178E+00    1.9870E+01    7.6002E+00    1.2178E+01   
 1.8760E+02    5.3767E+01    6.1336E+01    2.4419E+01    1.8899E+01    1.6720E+01    8.0510E+01    5.6581E+01    1.7569E+01    4.8382E+00    1.9870E+01    7.6319E+00    1.2264E+01   
# Time (s)      T1w (C)       T2w (C)       T1a (C)       T2a (C)       T1r (C)       T2r (C)       T3r (C)       T4r (C)       P1 (bar)      P2 (bar)      Ic (amp)      Qc (l/min)    
 1.8811E+02    5.3772E+01    6.1349E+01    2.4366E+01    1.8876E+01    1.6768E+01    8.0524E+01    5.6557E+01    1.7519E+01    4.7974E+00    1.9830E+01    7.7694E+00    1.2282E+01   
 1.8869E+02    5.3778E+01    6.1327E+01    2.4300E+01    1.8777E+01    1.6841E+01    8.0561E+01    5.6526E+01    1.7471E+01    4.7974E+00    1.9830E+01    7.5051E+00    1.2247E+01   
 1.8920E+02    5.3760E+01    6.1327E+01    2.4185E+01    1.8854E+01    1.6825E+01    8.0609E+01    5.6511E+01    1.7425E+01    4.7974E+00    1.9687E+01    7.7482E+00    1.2230E+01   
 1.8970E+02    5.3778E+01    6.1307E+01    2.4068E+01    1.8854E+01    1.6923E+01    8.0636E+01    5.6503E+01    1.7377E+01    4.7974E+00    1.9565E+01    7.6689E+00    1.2230E+01   
 1.9021E+02    5.3781E+01    6.1289E+01    2.3911E+01    1.8844E+01    1.7010E+01    8.0663E+01    5.6470E+01    1.7371E+01    4.8178E+00    1.9728E+01    7.6848E+00    1.2213E+01   
 1.9077E+02    5.3781E+01    6.1274E+01    2.3911E+01    1.8863E+01    1.7098E+01    8.0663E+01    5.6470E+01    1.7371E+01    4.7770E+00    1.9830E+01    7.7376E+00    1.2230E+01   
 1.9128E+02    5.3777E+01    6.1267E+01    2.3865E+01    1.8871E+01    1.7213E+01    8.0726E+01    5.6491E+01    1.7363E+01    4.7770E+00    1.9544E+01    7.4628E+00    1.2247E+01   
 1.9178E+02    5.3778E+01    6.1238E+01    2.3825E+01    1.8875E+01    1.7316E+01    8.0745E+01    5.6503E+01    1.7356E+01    4.7770E+00    1.9544E+01    7.4575E+00    1.2178E+01   
 1.9228E+02    5.3779E+01    6.1238E+01    2.3816E+01    1.8875E+01    1.7316E+01    8.0784E+01    5.6503E+01    1.7332E+01    4.7770E+00    1.9646E+01    7.7218E+00    1.2230E+01   
 1.9289E+02    5.3783E+01    6.1225E+01    2.3817E+01    1.8803E+01    1.7417E+01    8.0774E+01    5.6549E+01    1.7326E+01    4.7770E+00    1.9585E+01    7.5157E+00    1.2195E+01   
 1.9339E+02    5.3781E+01    6.1203E+01    2.3887E+01    1.8758E+01    1.7517E+01    8.0775E+01    5.6586E+01    1.7327E+01    4.7770E+00    1.9728E+01    7.4681E+00    1.2264E+01   
 1.9389E+02    5.3781E+01    6.1190E+01    2.3887E+01    1.8737E+01    1.7615E+01    8.0775E+01    5.6601E+01    1.7327E+01    4.7974E+00    1.9524E+01    7.7165E+00    1.2213E+01   
 1.9440E+02    5.3783E+01    6.1171E+01    2.3931E+01    1.8736E+01    1.7752E+01    8.0781E+01    5.6637E+01    1.7323E+01    4.7770E+00    1.9646E+01    7.4628E+00    1.2195E+01   
 1.9496E+02    5.3790E+01    6.1152E+01    2.3970E+01    1.8814E+01    1.7843E+01    8.0781E+01    5.6660E+01    1.7336E+01    4.7974E+00    1.9565E+01    7.4522E+00    1.2161E+01   
 1.9546E+02    5.3785E+01    6.1152E+01    2.4017E+01    1.8814E+01    1.7843E+01    8.0763E+01    5.6660E+01    1.7319E+01    4.7974E+00    1.9605E+01    7.5949E+00    1.2230E+01   
 1.9597E+02    5.3795E+01    6.1141E+01    2.4025E+01    1.8845E+01    1.7934E+01    8.0772E+01    5.6722E+01    1.7342E+01    4.7770E+00    1.9463E+01    7.4417E+00    1.2178E+01   
 1.9647E+02    5.3784E+01    6.1143E+01    2.4040E+01    1.8788E+01    1.8042E+01    8.0768E+01    5.6791E+01    1.7368E+01    4.7974E+00    1.9544E+01    7.6954E+00    1.2178E+01   
 1.9706E+02    5.3784E+01    6.1128E+01    2.4040E+01    1.8897E+01    1.8129E+01    8.0768E+01    5.6855E+01    1.7368E+01    4.7770E+00    1.9524E+01    7.4522E+00    1.2230E+01   
 1.9756E+02    5.3799E+01    6.1121E+01    2.4058E+01    1.8896E+01    1.8234E+01    8.0766E+01    5.6902E+01    1.7387E+01    4.7770E+00    1.9626E+01    7.5262E+00    1.2178E+01   
 1.9806E+02    5.3797E+01    6.1109E+01    2.4067E+01    1.8868E+01    1.8326E+01    8.0757E+01    5.6972E+01    1.7401E+01    4.7770E+00    1.9524E+01    7.6637E+00    1.2178E+01   
 1.9856E+02    5.3795E+01    6.1109E+01    2.4074E+01    1.8868E+01    1.8326E+01    8.0724E+01    5.6972E+01    1.7415E+01    4.7974E+00    1.9626E+01    7.4417E+00    1.2195E+01   
 1.9916E+02    5.3795E+01    6.1084E+01    2.4052E+01    1.8819E+01    1.8419E+01    8.0709E+01    5.7065E+01    1.7447E+01    4.7974E+00    1.9463E+01    7.4628E+00    1.2213E+01   
 1.9966E+02    5.3802E+01    6.1091E+01    2.4080E+01    1.8798E+01    1.8504E+01    8.0676E+01    5.7133E+01    1.7484E+01    4.7974E+00    1.9585E+01    7.6795E+00    1.2161E+01   
 2.0017E+02    5.3802E+01    6.1085E+01    2.4080E+01    1.8843E+01    1.8595E+01    8.0676E+01    5.7194E+01    1.7484E+01    4.7770E+00    1.9442E+01    7.6901E+00    1.2213E+01   
 2.0067E+02    5.3797E+01    6.1074E+01    2.4088E+01    1.8789E+01    1.8690E+01    8.0654E+01    5.7261E+01    1.7496E+01    4.7974E+00    1.9605E+01    7.4522E+00    1.2195E+01   
 2.0126E+02    5.3798E+01    6.1058E+01    2.4099E+01    1.8918E+01    1.8772E+01    8.0633E+01    5.7317E+01    1.7527E+01    4.7974E+00    1.9626E+01    7.4945E+00    1.2230E+01   
 2.0176E+02    5.3808E+01    6.1058E+01    2.4128E+01    1.8918E+01    1.8772E+01    8.0626E+01    5.7317E+01    1.7564E+01    4.7974E+00    1.9463E+01    7.4522E+00    1.2230E+01   
 2.0226E+02    5.3815E+01    6.1068E+01    2.4147E+01    1.8771E+01    1.8862E+01    8.0600E+01    5.7383E+01    1.7602E+01    4.8178E+00    1.9361E+01    7.6108E+00    1.2195E+01   
 2.0277E+02    5.3822E+01    6.1067E+01    2.4162E+01    1.8859E+01    1.8955E+01    8.0593E+01    5.7447E+01    1.7615E+01    4.7974E+00    1.9401E+01    7.4470E+00    1.2195E+01   
 2.0334E+02    5.3836E+01    6.1066E+01    2.4178E+01    1.8903E+01    1.9001E+01    8.0579E+01    5.7508E+01    1.7599E+01    4.7770E+00    1.9463E+01    7.6267E+00    1.2213E+01   
# Time (s)      T1w (C)       T2w (C)       T1a (C)       T2a (C)       T1r (C)       T2r (C)       T3r (C)       T4r (C)       P1 (bar)      P2 (bar)      Ic (amp)      Qc (l/min)    
 2.0384E+02    5.3830E+01    6.1063E+01    2.4205E+01    1.8899E+01    1.9089E+01    8.0599E+01    5.7566E+01    1.7610E+01    4.7974E+00    1.9605E+01    7.4364E+00    1.2126E+01   
 2.0434E+02    5.3823E+01    6.1059E+01    2.4205E+01    1.8919E+01    1.9189E+01    8.0613E+01    5.7651E+01    1.7625E+01    4.8382E+00    1.9585E+01    7.4470E+00    1.2091E+01   
 2.0485E+02    5.3828E+01    6.1059E+01    2.4187E+01    1.8919E+01    1.9189E+01    8.0625E+01    5.7651E+01    1.7628E+01    4.7974E+00    1.9585E+01    7.5474E+00    1.2161E+01   
 2.0542E+02    5.3839E+01    6.1068E+01    2.4183E+01    1.8928E+01    1.9286E+01    8.0642E+01    5.7711E+01    1.7653E+01    4.8178E+00    1.9565E+01    7.4470E+00    1.2161E+01   
 2.0593E+02    5.3854E+01    6.1081E+01    2.4181E+01    1.8986E+01    1.9347E+01    8.0628E+01    5.7778E+01    1.7651E+01    4.8178E+00    1.9442E+01    7.5262E+00    1.2178E+01   
 2.0643E+02    5.3869E+01    6.1088E+01    2.4196E+01    1.9016E+01    1.9423E+01    8.0628E+01    5.7840E+01    1.7651E+01    4.8382E+00    1.9422E+01    7.4575E+00    1.2178E+01   
 2.0694E+02    5.3863E+01    6.1082E+01    2.4209E+01    1.9020E+01    1.9477E+01    8.0620E+01    5.7905E+01    1.7677E+01    4.8382E+00    1.9320E+01    7.6584E+00    1.2213E+01   
 2.0750E+02    5.3851E+01    6.1059E+01    2.4160E+01    1.9047E+01    1.9578E+01    8.0599E+01    5.7992E+01    1.7680E+01    4.7974E+00    1.9381E+01    7.4364E+00    1.2161E+01   
 2.0800E+02    5.3850E+01    6.1059E+01    2.4143E+01    1.9047E+01    1.9578E+01    8.0584E+01    5.7992E+01    1.7702E+01    4.8178E+00    1.9361E+01    7.4681E+00    1.2178E+01   
 2.0850E+02    5.3867E+01    6.1060E+01    2.4133E+01    1.9009E+01    1.9665E+01    8.0577E+01    5.8049E+01    1.7731E+01    4.8382E+00    1.9340E+01    7.4787E+00    1.2213E+01   
 2.0901E+02    5.3867E+01    6.1045E+01    2.4133E+01    1.8999E+01    1.9724E+01    8.0577E+01    5.8094E+01    1.7731E+01    4.8382E+00    1.9503E+01    7.4417E+00    1.2195E+01   
 2.0960E+02    5.3863E+01    6.1065E+01    2.4114E+01    1.9020E+01    1.9794E+01    8.0562E+01    5.8169E+01    1.7750E+01    4.8382E+00    1.9361E+01    7.4681E+00    1.2213E+01   
 2.1010E+02    5.3866E+01    6.1049E+01    2.4107E+01    1.9043E+01    1.9851E+01    8.0572E+01    5.8246E+01    1.7775E+01    4.8585E+00    1.9381E+01    7.5315E+00    1.2178E+01   
 2.1061E+02    5.3851E+01    6.1023E+01    2.4065E+01    1.9009E+01    1.9851E+01    8.0547E+01    5.8282E+01    1.7783E+01    4.8382E+00    1.9626E+01    7.4470E+00    1.2230E+01   
 2.1111E+02    5.3851E+01    6.1023E+01    2.4002E+01    1.9009E+01    1.9893E+01    8.0536E+01    5.8282E+01    1.7813E+01    4.8585E+00    1.9524E+01    7.7112E+00    1.2195E+01   
 2.1168E+02    5.3850E+01    6.1028E+01    2.3986E+01    1.9101E+01    1.9975E+01    8.0528E+01    5.8333E+01    1.7839E+01    4.8585E+00    1.9483E+01    7.4522E+00    1.2195E+01   
 2.1218E+02    5.3861E+01    6.1036E+01    2.4015E+01    1.9000E+01    2.0038E+01    8.0557E+01    5.8381E+01    1.7897E+01    4.8585E+00    1.9422E+01    7.6055E+00    1.2178E+01   
 2.1269E+02    5.3876E+01    6.1055E+01    2.4031E+01    1.9099E+01    2.0114E+01    8.0557E+01    5.8391E+01    1.7897E+01    4.8789E+00    1.9463E+01    7.5685E+00    1.2213E+01   
 2.1319E+02    5.3873E+01    6.1052E+01    2.4055E+01    1.9108E+01    2.0177E+01    8.0543E+01    5.8440E+01    1.7933E+01    4.8993E+00    1.9544E+01    7.4787E+00    1.2213E+01   
 2.1376E+02    5.3891E+01    6.1058E+01    2.4003E+01    1.9096E+01    2.0177E+01    8.0546E+01    5.8479E+01    1.7953E+01    4.9196E+00    1.9463E+01    7.4575E+00    1.2178E+01   
 2.1426E+02    5.3888E+01    6.1073E+01    2.3955E+01    1.9112E+01    2.0237E+01    8.0554E+01    5.8479E+01    1.8010E+01    4.9196E+00    1.9422E+01    7.6319E+00    1.2195E+01   
 2.1477E+02    5.3895E+01    6.1075E+01    2.3923E+01    1.9119E+01    2.0286E+01    8.0525E+01    5.8509E+01    1.8051E+01    4.8993E+00    1.9463E+01    7.4839E+00    1.2213E+01   
 2.1527E+02    5.3895E+01    6.1087E+01    2.3923E+01    1.9154E+01    2.0368E+01    8.0539E+01    5.8539E+01    1.8067E+01    4.9400E+00    1.9585E+01    7.4998E+00    1.2178E+01   
 2.1584E+02    5.3899E+01    6.1078E+01    2.3901E+01    1.9211E+01    2.0423E+01    8.0560E+01    5.8574E+01    1.8091E+01    4.9400E+00    1.9544E+01    7.7271E+00    1.2213E+01   
 2.1635E+02    5.3894E+01    6.1087E+01    2.3890E+01    1.9200E+01    2.0468E+01    8.0576E+01    5.8622E+01    1.8128E+01    4.9604E+00    1.9605E+01    7.5209E+00    1.2213E+01   
 2.1685E+02    5.3884E+01    6.1079E+01    2.3874E+01    1.9200E+01    2.0468E+01    8.0570E+01    5.8622E+01    1.8131E+01    4.9604E+00    1.9442E+01    7.5421E+00    1.2264E+01   
 2.1735E+02    5.3870E+01    6.1065E+01    2.3843E+01    1.9206E+01    2.0538E+01    8.0581E+01    5.8678E+01    1.8190E+01    4.9196E+00    1.9422E+01    7.4734E+00    1.2230E+01   
 2.1794E+02    5.3890E+01    6.1083E+01    2.3853E+01    1.9244E+01    2.0584E+01    8.0579E+01    5.8705E+01    1.8218E+01    4.9604E+00    1.9463E+01    7.6901E+00    1.2195E+01   
 2.1844E+02    5.3868E+01    6.1086E+01    2.3853E+01    1.9189E+01    2.0640E+01    8.0593E+01    5.8712E+01    1.8282E+01    4.9196E+00    1.9585E+01    7.4681E+00    1.2213E+01   
 2.1894E+02    5.3868E+01    6.1102E+01    2.3873E+01    1.9282E+01    2.0698E+01    8.0580E+01    5.8712E+01    1.8282E+01    4.9604E+00    1.9442E+01    7.4839E+00    1.2195E+01   
# Time (s)      T1w (C)       T2w (C)       T1a (C)       T2a (C)       T1r (C)       T2r (C)       T3r (C)       T4r (C)       P1 (bar)      P2 (bar)      Ic (amp)      Qc (l/min)    
 2.1945E+02    5.3875E+01    6.1096E+01    2.3833E+01    1.9336E+01    2.0737E+01    8.0581E+01    5.8743E+01    1.8308E+01    4.9604E+00    1.9646E+01    7.6161E+00    1.2230E+01   
 2.2001E+02    5.3886E+01    6.1101E+01    2.3817E+01    1.9336E+01    2.0737E+01    8.0593E+01    5.8743E+01    1.8331E+01    4.9808E+00    1.9524E+01    7.7588E+00    1.2195E+01   
 2.2051E+02    5.3886E+01    6.1101E+01    2.3833E+01    1.9385E+01    2.0771E+01    8.0572E+01    5.8731E+01    1.8356E+01    4.9604E+00    1.9646E+01    7.4734E+00    1.2178E+01   
 2.2102E+02    5.3884E+01    6.1114E+01    2.3846E+01    1.9372E+01    2.0813E+01    8.0561E+01    5.8752E+01    1.8378E+01    4.9808E+00    1.9667E+01    7.6531E+00    1.2195E+01   
 2.2152E+02    5.3884E+01    6.1118E+01    2.3846E+01    1.9374E+01    2.0849E+01    8.0561E+01    5.8793E+01    1.8378E+01    4.9808E+00    1.9422E+01    7.5051E+00    1.2195E+01   
 2.2209E+02    5.3888E+01    6.1141E+01    2.3848E+01    1.9386E+01    2.0894E+01    8.0558E+01    5.8819E+01    1.8426E+01    4.9808E+00    1.9667E+01    7.4892E+00    1.2195E+01   
 2.2259E+02    5.3873E+01    6.1125E+01    2.3859E+01    1.9483E+01    2.0928E+01    8.0533E+01    5.8821E+01    1.8453E+01    4.9604E+00    1.9626E+01    7.6742E+00    1.2178E+01   
 2.2310E+02    5.3872E+01    6.1125E+01    2.3867E+01    1.9483E+01    2.0928E+01    8.0501E+01    5.8821E+01    1.8479E+01    5.0011E+00    1.9524E+01    7.4839E+00    1.2195E+01   
 2.2360E+02    5.3877E+01    6.1116E+01    2.3849E+01    1.9360E+01    2.0967E+01    8.0482E+01    5.8852E+01    1.8523E+01    5.0011E+00    1.9442E+01    7.5051E+00    1.2230E+01   
 2.2417E+02    5.3885E+01    6.1132E+01    2.3835E+01    1.9429E+01    2.0992E+01    8.0496E+01    5.8879E+01    1.8549E+01    5.0011E+00    1.9667E+01    7.7429E+00    1.2213E+01   
 2.2467E+02    5.3885E+01    6.1132E+01    2.3835E+01    1.9461E+01    2.1013E+01    8.0496E+01    5.8900E+01    1.8549E+01    5.0011E+00    1.9463E+01    7.7376E+00    1.2195E+01   
 2.2518E+02    5.3891E+01    6.1141E+01    2.3816E+01    1.9445E+01    2.1058E+01    8.0512E+01    5.8910E+01    1.8597E+01    5.0011E+00    1.9544E+01    7.6901E+00    1.2195E+01   
 2.2568E+02    5.3896E+01    6.1157E+01    2.3807E+01    1.9460E+01    2.1058E+01    8.0523E+01    5.8940E+01    1.8596E+01    5.0215E+00    1.9483E+01    7.5897E+00    1.2213E+01   
 2.2625E+02    5.3905E+01    6.1157E+01    2.3802E+01    1.9419E+01    2.1088E+01    8.0522E+01    5.8940E+01    1.8652E+01    5.0215E+00    1.9442E+01    7.4892E+00    1.2247E+01   
 2.2676E+02    5.3890E+01    6.1154E+01    2.3837E+01    1.9458E+01    2.1114E+01    8.0550E+01    5.8949E+01    1.8659E+01    5.0011E+00    1.9667E+01    7.6795E+00    1.2213E+01   
 2.2726E+02    5.3890E+01    6.1164E+01    2.3837E+01    1.9501E+01    2.1148E+01    8.0550E+01    5.8964E+01    1.8699E+01    5.0011E+00    1.9667E+01    7.5051E+00    1.2178E+01   
 2.2776E+02    5.3893E+01    6.1162E+01    2.3896E+01    1.9406E+01    2.1177E+01    8.0555E+01    5.8968E+01    1.8699E+01    5.0215E+00    1.9605E+01    7.7746E+00    1.2195E+01   
 2.2832E+02    5.3910E+01    6.1180E+01    2.3933E+01    1.9482E+01    2.1191E+01    8.0555E+01    5.8971E+01    1.8713E+01    5.0011E+00    1.9626E+01    7.4998E+00    1.2143E+01   
 2.2883E+02    5.3900E+01    6.1185E+01    2.3976E+01    1.9467E+01    2.1176E+01    8.0553E+01    5.8957E+01    1.8726E+01    5.0215E+00    1.9605E+01    7.4998E+00    1.2143E+01   
 2.2933E+02    5.3904E+01    6.1185E+01    2.3951E+01    1.9467E+01    2.1204E+01    8.0550E+01    5.8943E+01    1.8745E+01    5.0011E+00    1.9483E+01    7.4998E+00    1.2161E+01   
 2.2983E+02    5.3898E+01    6.1183E+01    2.3934E+01    1.9484E+01    2.1218E+01    8.0572E+01    5.8950E+01    1.8777E+01    5.0419E+00    1.9605E+01    7.6901E+00    1.2161E+01   
 2.3041E+02    5.3903E+01    6.1184E+01    2.4066E+01    1.9489E+01    2.1239E+01    8.0572E+01    5.8951E+01    1.8794E+01    5.0419E+00    1.9422E+01    7.4998E+00    1.2161E+01   
 2.3091E+02    5.3903E+01    6.1175E+01    2.4066E+01    1.9476E+01    2.1261E+01    8.0604E+01    5.8957E+01    1.8794E+01    5.0215E+00    1.9483E+01    7.7694E+00    1.2195E+01   
 2.3142E+02    5.3892E+01    6.1201E+01    2.4230E+01    1.9561E+01    2.1293E+01    8.0642E+01    5.8973E+01    1.8818E+01    5.0215E+00    1.9463E+01    7.5262E+00    1.2195E+01   
 2.3192E+02    5.3913E+01    6.1201E+01    2.4302E+01    1.9561E+01    2.1293E+01    8.0689E+01    5.8973E+01    1.8841E+01    5.0419E+00    1.9524E+01    7.7112E+00    1.2264E+01   
 2.3249E+02    5.3901E+01    6.1199E+01    2.4367E+01    1.9528E+01    2.1324E+01    8.0730E+01    5.8997E+01    1.8885E+01    5.0419E+00    1.9503E+01    7.7324E+00    1.2230E+01   
 2.3299E+02    5.3904E+01    6.1202E+01    2.4430E+01    1.9532E+01    2.1353E+01    8.0767E+01    5.9015E+01    1.8912E+01    5.0419E+00    1.9585E+01    7.5051E+00    1.2195E+01   
 2.3350E+02    5.3904E+01    6.1196E+01    2.4430E+01    1.9622E+01    2.1384E+01    8.0781E+01    5.9038E+01    1.8928E+01    5.0419E+00    1.9503E+01    7.7059E+00    1.2195E+01   
 2.3400E+02    5.3916E+01    6.1211E+01    2.4604E+01    1.9628E+01    2.1398E+01    8.0790E+01    5.9041E+01    1.8954E+01    5.0623E+00    1.9646E+01    7.6319E+00    1.2195E+01   
 2.3458E+02    5.3914E+01    6.1217E+01    2.4882E+01    1.9576E+01    2.1421E+01    8.0796E+01    5.9055E+01    1.8969E+01    5.0623E+00    1.9605E+01    7.5104E+00    1.2195E+01   
# Time (s)      T1w (C)       T2w (C)       T1a (C)       T2a (C)       T1r (C)       T2r (C)       T3r (C)       T4r (C)       P1 (bar)      P2 (bar)      Ic (amp)      Qc (l/min)    
 2.3508E+02    5.3902E+01    6.1217E+01    2.5030E+01    1.9576E+01    2.1421E+01    8.0777E+01    5.9055E+01    1.8984E+01    5.0623E+00    1.9585E+01    7.6161E+00    1.2213E+01   
 2.3559E+02    5.3911E+01    6.1211E+01    2.5161E+01    1.9599E+01    2.1423E+01    8.0754E+01    5.9034E+01    1.8976E+01    5.0623E+00    1.9463E+01    7.5051E+00    1.2230E+01   
 2.3609E+02    5.3910E+01    6.1218E+01    2.5133E+01    1.9628E+01    2.1434E+01    8.0754E+01    5.9016E+01    1.9005E+01    5.1030E+00    1.9565E+01    7.7852E+00    1.2213E+01   
 2.3666E+02    5.3896E+01    6.1214E+01    2.5117E+01    1.9594E+01    2.1431E+01    8.0715E+01    5.9025E+01    1.8989E+01    5.0623E+00    1.9667E+01    7.7958E+00    1.2161E+01   
 2.3717E+02    5.3892E+01    6.1216E+01    2.5040E+01    1.9560E+01    2.1456E+01    8.0722E+01    5.9024E+01    1.8998E+01    5.0826E+00    1.9524E+01    7.5315E+00    1.2213E+01   
 2.3767E+02    5.3897E+01    6.1211E+01    2.4806E+01    1.9618E+01    2.1440E+01    8.0710E+01    5.9017E+01    1.9008E+01    5.0826E+00    1.9605E+01    7.5421E+00    1.2178E+01   
 2.3817E+02    5.3902E+01    6.1211E+01    2.4482E+01    1.9618E+01    2.1431E+01    8.0733E+01    5.9017E+01    1.9017E+01    5.0826E+00    1.9524E+01    7.5104E+00    1.2161E+01   
 2.3875E+02    5.3899E+01    6.1228E+01    2.4252E+01    1.9640E+01    2.1417E+01    8.0751E+01    5.9009E+01    1.9025E+01    5.0826E+00    1.9544E+01    7.6055E+00    1.2178E+01   
 2.3925E+02    5.3884E+01    6.1238E+01    2.4098E+01    1.9669E+01    2.1414E+01    8.0751E+01    5.9005E+01    1.9045E+01    5.1030E+00    1.9748E+01    7.7482E+00    1.2230E+01   
 2.3975E+02    5.3884E+01    6.1229E+01    2.4098E+01    1.9625E+01    2.1407E+01    8.0798E+01    5.9008E+01    1.9045E+01    5.1030E+00    1.9524E+01    7.5209E+00    1.2178E+01   
 2.4026E+02    5.3883E+01    6.1234E+01    2.4015E+01    1.9700E+01    2.1357E+01    8.0804E+01    5.9008E+01    1.9071E+01    5.0623E+00    1.9565E+01    7.6108E+00    1.2213E+01   
 2.4084E+02    5.3892E+01    6.1267E+01    2.4036E+01    1.9597E+01    2.1330E+01    8.0802E+01    5.9003E+01    1.9098E+01    5.0419E+00    1.9544E+01    7.5262E+00    1.2178E+01   
 2.4135E+02    5.3903E+01    6.1267E+01    2.3979E+01    1.9597E+01    2.1330E+01    8.0825E+01    5.9003E+01    1.9119E+01    5.0623E+00    1.9483E+01    7.7007E+00    1.2230E+01   
 2.4185E+02    5.3891E+01    6.1265E+01    2.4030E+01    1.9717E+01    2.1272E+01    8.0827E+01    5.9012E+01    1.9157E+01    5.0623E+00    1.9585E+01    7.5157E+00    1.2161E+01   
 2.4236E+02    5.3888E+01    6.1276E+01    2.3976E+01    1.9694E+01    2.1206E+01    8.0827E+01    5.9026E+01    1.9182E+01    5.0826E+00    1.9585E+01    7.6267E+00    1.2230E+01   
 2.4294E+02    5.3888E+01    6.1269E+01    2.3976E+01    1.9794E+01    2.1055E+01    8.0833E+01    5.9058E+01    1.9182E+01    5.0623E+00    1.9728E+01    7.5262E+00    1.2230E+01   
 2.4344E+02    5.3915E+01    6.1266E+01    2.3869E+01    1.9778E+01    2.0741E+01    8.0831E+01    5.9108E+01    1.9205E+01    5.1030E+00    1.9626E+01    7.6372E+00    1.2213E+01   
 2.4395E+02    5.3908E+01    6.1267E+01    2.3875E+01    1.9766E+01    2.0741E+01    8.0827E+01    5.9097E+01    1.9243E+01    5.1030E+00    1.9707E+01    7.7165E+00    1.2195E+01   
 2.4445E+02    5.3916E+01    6.1267E+01    2.3935E+01    1.9766E+01    2.0284E+01    8.0819E+01    5.9097E+01    1.9288E+01    5.1234E+00    1.9728E+01    7.7746E+00    1.2195E+01   
 2.4502E+02    5.3913E+01    6.1255E+01    2.4016E+01    1.9778E+01    1.9944E+01    8.0833E+01    5.9095E+01    1.9330E+01    5.0826E+00    1.9565E+01    7.8064E+00    1.2213E+01   
 2.4552E+02    5.3904E+01    6.1261E+01    2.4024E+01    1.9748E+01    1.9665E+01    8.0819E+01    5.9084E+01    1.9310E+01    5.1234E+00    1.9748E+01    7.7376E+00    1.2230E+01   
 2.4603E+02    5.3904E+01    6.1255E+01    2.4024E+01    1.9791E+01    1.9434E+01    8.0792E+01    5.9090E+01    1.9310E+01    5.1234E+00    1.9789E+01    7.7852E+00    1.2178E+01   
 2.4653E+02    5.3914E+01    6.1266E+01    2.4008E+01    1.9858E+01    1.9236E+01    8.0760E+01    5.9060E+01    1.9348E+01    5.1030E+00    1.9646E+01    7.6002E+00    1.2143E+01   
 2.4712E+02    5.3907E+01    6.1274E+01    2.3966E+01    1.9890E+01    1.9236E+01    8.0724E+01    5.9056E+01    1.9349E+01    5.0826E+00    1.9687E+01    7.6002E+00    1.2230E+01   
 2.4762E+02    5.3919E+01    6.1274E+01    2.3944E+01    1.9890E+01    1.9028E+01    8.0671E+01    5.9042E+01    1.9337E+01    5.0826E+00    1.9809E+01    7.7799E+00    1.2178E+01   
 2.4813E+02    5.3916E+01    6.1296E+01    2.3900E+01    1.9839E+01    1.8849E+01    8.0626E+01    5.9038E+01    1.9334E+01    5.0826E+00    1.9585E+01    7.5527E+00    1.2213E+01   
 2.4863E+02    5.3920E+01    6.1287E+01    2.3900E+01    1.9829E+01    1.8677E+01    8.0626E+01    5.9025E+01    1.9297E+01    5.1030E+00    1.9830E+01    7.8328E+00    1.2282E+01   
 2.4920E+02    5.3920E+01    6.1307E+01    2.3885E+01    1.9793E+01    1.8509E+01    8.0594E+01    5.8996E+01    1.9297E+01    5.0623E+00    1.9870E+01    7.6214E+00    1.2230E+01   
 2.4970E+02    5.3924E+01    6.1335E+01    2.3898E+01    1.9807E+01    1.8383E+01    8.0588E+01    5.8960E+01    1.9277E+01    5.0623E+00    1.9687E+01    7.5527E+00    1.2178E+01   
 2.5020E+02    5.3927E+01    6.1349E+01    2.3969E+01    1.9807E+01    1.8383E+01    8.0584E+01    5.8941E+01    1.9266E+01    5.0623E+00    1.9891E+01    7.8539E+00    1.2230E+01   
# Time (s)      T1w (C)       T2w (C)       T1a (C)       T2a (C)       T1r (C)       T2r (C)       T3r (C)       T4r (C)       P1 (bar)      P2 (bar)      Ic (amp)      Qc (l/min)    
 2.5071E+02    5.3929E+01    6.1349E+01    2.4068E+01    1.9816E+01    1.8240E+01    8.0558E+01    5.8926E+01    1.9217E+01    5.0623E+00    1.9870E+01    7.8539E+00    1.2178E+01   
 2.5129E+02    5.3912E+01    6.1373E+01    2.4048E+01    1.9849E+01    1.8114E+01    8.0548E+01    5.8866E+01    1.9170E+01    5.0623E+00    1.9748E+01    7.7376E+00    1.2195E+01   
 2.5180E+02    5.3933E+01    6.1384E+01    2.4048E+01    1.9822E+01    1.8003E+01    8.0562E+01    5.8811E+01    1.9153E+01    5.0419E+00    1.9891E+01    7.5632E+00    1.2195E+01   
 2.5230E+02    5.3933E+01    6.1416E+01    2.4061E+01    1.9794E+01    1.7895E+01    8.0556E+01    5.8732E+01    1.9153E+01    5.0623E+00    1.9911E+01    7.8275E+00    1.2178E+01   
 2.5280E+02    5.3918E+01    6.1419E+01    2.4025E+01    1.9753E+01    1.7787E+01    8.0527E+01    5.8645E+01    1.9074E+01    5.0623E+00    1.9687E+01    7.5738E+00    1.2230E+01   
 2.5338E+02    5.3916E+01    6.1439E+01    2.4026E+01    1.9687E+01    1.7787E+01    8.0545E+01    5.8578E+01    1.9052E+01    5.0623E+00    1.9891E+01    7.6478E+00    1.2247E+01   
 2.5388E+02    5.3932E+01    6.1439E+01    2.3996E+01    1.9687E+01    1.7688E+01    8.0567E+01    5.8578E+01    1.8984E+01    5.0419E+00    1.9870E+01    7.8222E+00    1.2230E+01   
 2.5439E+02    5.3922E+01    6.1437E+01    2.3984E+01    1.9589E+01    1.7591E+01    8.0569E+01    5.8503E+01    1.8940E+01    5.0419E+00    1.9891E+01    7.5949E+00    1.2195E+01   
 2.5489E+02    5.3922E+01    6.1460E+01    2.3984E+01    1.9728E+01    1.7497E+01    8.0569E+01    5.8447E+01    1.8878E+01    5.0419E+00    1.9952E+01    7.8539E+00    1.2178E+01   
 2.5547E+02    5.3922E+01    6.1482E+01    2.3972E+01    1.9652E+01    1.7423E+01    8.0572E+01    5.8364E+01    1.8878E+01    5.0419E+00    1.9769E+01    7.5632E+00    1.2195E+01   
 2.5597E+02    5.3935E+01    6.1490E+01    2.3963E+01    1.9692E+01    1.7322E+01    8.0565E+01    5.8297E+01    1.8805E+01    5.0215E+00    1.9830E+01    7.5738E+00    1.2230E+01   
 2.5648E+02    5.3919E+01    6.1503E+01    2.3899E+01    1.9692E+01    1.7322E+01    8.0585E+01    5.8220E+01    1.8747E+01    5.0011E+00    1.9993E+01    7.8592E+00    1.2195E+01   
 2.5698E+02    5.3925E+01    6.1503E+01    2.3891E+01    1.9595E+01    1.7239E+01    8.0612E+01    5.8220E+01    1.8681E+01    4.9808E+00    1.9748E+01    7.5632E+00    1.2213E+01   
 2.5757E+02    5.3928E+01    6.1507E+01    2.3857E+01    1.9627E+01    1.7181E+01    8.0659E+01    5.8175E+01    1.8631E+01    5.0011E+00    1.9748E+01    7.6848E+00    1.2195E+01   
 2.5807E+02    5.3946E+01    6.1523E+01    2.3857E+01    1.9605E+01    1.7125E+01    8.0659E+01    5.8116E+01    1.8593E+01    4.9604E+00    1.9993E+01    7.7376E+00    1.2161E+01   
 2.5858E+02    5.3946E+01    6.1529E+01    2.3861E+01    1.9590E+01    1.7085E+01    8.0715E+01    5.8059E+01    1.8609E+01    4.9604E+00    1.9769E+01    7.8381E+00    1.2178E+01   
 2.5908E+02    5.3947E+01    6.1513E+01    2.3845E+01    1.9513E+01    1.7085E+01    8.0734E+01    5.7973E+01    1.8571E+01    4.9604E+00    1.9870E+01    7.6055E+00    1.2213E+01   
 2.5965E+02    5.3940E+01    6.1537E+01    2.3852E+01    1.9447E+01    1.7045E+01    8.0770E+01    5.7937E+01    1.8532E+01    4.9808E+00    1.9911E+01    7.6637E+00    1.2213E+01   
 2.6016E+02    5.3930E+01    6.1537E+01    2.3867E+01    1.9447E+01    1.6978E+01    8.0780E+01    5.7937E+01    1.8476E+01    4.9604E+00    1.9850E+01    7.5949E+00    1.2195E+01   
 2.6066E+02    5.3939E+01    6.1545E+01    2.3894E+01    1.9459E+01    1.6919E+01    8.0780E+01    5.7894E+01    1.8416E+01    4.9604E+00    1.9850E+01    7.5579E+00    1.2195E+01   
 2.6116E+02    5.3939E+01    6.1537E+01    2.3894E+01    1.9421E+01    1.6855E+01    8.0780E+01    5.7827E+01    1.8416E+01    4.9604E+00    1.9870E+01    7.8486E+00    1.2195E+01   
 2.6175E+02    5.3945E+01    6.1562E+01    2.3882E+01    1.9392E+01    1.6814E+01    8.0764E+01    5.7758E+01    1.8360E+01    4.9196E+00    1.9850E+01    7.5897E+00    1.2213E+01   
 2.6225E+02    5.3941E+01    6.1540E+01    2.3904E+01    1.9445E+01    1.6752E+01    8.0766E+01    5.7700E+01    1.8304E+01    4.9604E+00    1.9769E+01    7.7535E+00    1.2195E+01   
 2.6276E+02    5.3951E+01    6.1560E+01    2.4051E+01    1.9445E+01    1.6752E+01    8.0757E+01    5.7623E+01    1.8255E+01    4.9196E+00    1.9870E+01    7.5632E+00    1.2230E+01   
