# Run number  3 on Mon 2026-05-25T12:05:40 BST
# Time (s)      T1w (C)       T2w (C)       T1a (C)       T2a (C)       T1r (C)       T2r (C)       T3r (C)       T4r (C)       P1 (bar)      P2 (bar)      Ic (amp)      Qc (l/min)    
 2.9927E-01    5.1860E+01    5.9218E+01    2.4307E+01    1.9234E+01    2.0947E+01    7.8625E+01    5.7333E+01    1.8391E+01    4.9400E+00    1.8688E+01    7.3307E+00    1.2195E+01   
 1.0103E+00    5.1866E+01    5.9220E+01    2.4249E+01    1.9211E+01    2.0962E+01    7.8669E+01    5.7330E+01    1.8415E+01    4.9808E+00    1.8708E+01    7.3624E+00    1.2178E+01   
 1.5105E+00    5.1874E+01    5.9222E+01    2.4203E+01    1.9242E+01    2.0991E+01    7.8704E+01    5.7337E+01    1.8436E+01    4.9400E+00    1.8769E+01    7.5368E+00    1.2178E+01   
 2.0108E+00    5.1874E+01    5.9246E+01    2.4206E+01    1.9239E+01    2.1022E+01    7.8696E+01    5.7326E+01    1.8436E+01    4.9808E+00    1.8708E+01    7.2937E+00    1.2195E+01   
 2.5841E+00    5.1865E+01    5.9238E+01    2.4206E+01    1.9304E+01    2.1057E+01    7.8696E+01    5.7325E+01    1.8482E+01    4.9400E+00    1.8871E+01    7.4839E+00    1.2161E+01   
 3.0844E+00    5.1876E+01    5.9252E+01    2.4258E+01    1.9287E+01    2.1088E+01    7.8692E+01    5.7340E+01    1.8517E+01    4.9808E+00    1.8871E+01    7.5685E+00    1.2143E+01   
 3.5847E+00    5.1879E+01    5.9252E+01    2.4289E+01    1.9262E+01    2.1091E+01    7.8649E+01    5.7325E+01    1.8533E+01    4.9808E+00    1.8769E+01    7.3677E+00    1.2178E+01   
 4.0849E+00    5.1877E+01    5.9255E+01    2.4264E+01    1.9262E+01    2.1091E+01    7.8634E+01    5.7357E+01    1.8553E+01    4.9400E+00    1.8769E+01    7.4945E+00    1.2178E+01   
 4.6884E+00    5.1879E+01    5.9259E+01    2.4296E+01    1.9273E+01    2.1094E+01    7.8610E+01    5.7312E+01    1.8590E+01    4.9604E+00    1.8891E+01    7.3254E+00    1.2161E+01   
 5.1887E+00    5.1879E+01    5.9275E+01    2.4428E+01    1.9231E+01    2.1123E+01    7.8593E+01    5.7315E+01    1.8590E+01    4.9604E+00    1.8891E+01    7.3201E+00    1.2178E+01   
 5.6890E+00    5.1888E+01    5.9287E+01    2.4428E+01    1.9196E+01    2.1154E+01    7.8593E+01    5.7326E+01    1.8635E+01    4.9808E+00    1.8810E+01    7.3042E+00    1.2143E+01   
 6.1893E+00    5.1893E+01    5.9298E+01    2.4359E+01    1.9249E+01    2.1181E+01    7.8571E+01    5.7334E+01    1.8664E+01    4.9808E+00    1.8728E+01    7.3042E+00    1.2178E+01   
 6.7771E+00    5.1885E+01    5.9298E+01    2.4339E+01    1.9264E+01    2.1197E+01    7.8561E+01    5.7334E+01    1.8671E+01    5.0011E+00    1.8790E+01    7.3042E+00    1.2195E+01   
 7.2775E+00    5.1888E+01    5.9305E+01    2.4302E+01    1.9264E+01    2.1197E+01    7.8582E+01    5.7354E+01    1.8703E+01    5.0011E+00    1.8688E+01    7.2884E+00    1.2178E+01   
 7.7780E+00    5.1869E+01    5.9291E+01    2.4256E+01    1.9344E+01    2.1212E+01    7.8591E+01    5.7340E+01    1.8730E+01    4.9808E+00    1.8688E+01    7.3095E+00    1.2161E+01   
 8.2783E+00    5.1869E+01    5.9307E+01    2.4256E+01    1.9386E+01    2.1228E+01    7.8631E+01    5.7373E+01    1.8730E+01    5.0011E+00    1.8912E+01    7.3042E+00    1.2143E+01   
 8.8570E+00    5.1876E+01    5.9298E+01    2.4228E+01    1.9349E+01    2.1267E+01    7.8645E+01    5.7409E+01    1.8771E+01    5.0215E+00    1.8749E+01    7.3095E+00    1.2213E+01   
 9.3573E+00    5.1884E+01    5.9314E+01    2.4195E+01    1.9364E+01    2.1282E+01    7.8681E+01    5.7412E+01    1.8787E+01    5.0011E+00    1.8830E+01    7.4258E+00    1.2178E+01   
 9.8576E+00    5.1872E+01    5.9299E+01    2.4074E+01    1.9348E+01    2.1296E+01    7.8675E+01    5.7397E+01    1.8789E+01    5.0011E+00    1.8871E+01    7.3360E+00    1.2195E+01   
 1.0358E+01    5.1877E+01    5.9310E+01    2.4077E+01    1.9349E+01    2.1296E+01    7.8700E+01    5.7406E+01    1.8827E+01    5.0215E+00    1.8851E+01    7.3465E+00    1.2161E+01   
 1.0937E+01    5.1864E+01    5.9287E+01    2.4062E+01    1.9256E+01    2.1271E+01    7.8684E+01    5.7375E+01    1.8803E+01    5.0011E+00    1.8708E+01    7.3677E+00    1.2161E+01   
 1.1438E+01    5.1864E+01    5.9299E+01    2.4062E+01    1.9322E+01    2.1300E+01    7.8678E+01    5.7393E+01    1.8803E+01    5.0215E+00    1.8708E+01    7.4945E+00    1.2178E+01   
 1.1938E+01    5.1866E+01    5.9313E+01    2.4046E+01    1.9277E+01    2.1310E+01    7.8678E+01    5.7402E+01    1.8814E+01    5.0215E+00    1.8891E+01    7.3307E+00    1.2195E+01   
 1.2438E+01    5.1875E+01    5.9305E+01    2.4131E+01    1.9432E+01    2.1312E+01    7.8672E+01    5.7402E+01    1.8844E+01    5.0215E+00    1.8851E+01    7.4047E+00    1.2213E+01   
 1.3018E+01    5.1883E+01    5.9305E+01    2.4198E+01    1.9432E+01    2.1301E+01    7.8621E+01    5.7364E+01    1.8816E+01    5.0215E+00    1.8790E+01    7.5897E+00    1.2195E+01   
 1.3518E+01    5.1879E+01    5.9328E+01    2.4212E+01    1.9354E+01    2.1301E+01    7.8613E+01    5.7378E+01    1.8845E+01    5.0011E+00    1.8749E+01    7.5844E+00    1.2195E+01   
 1.4019E+01    5.1879E+01    5.9334E+01    2.4240E+01    1.9412E+01    2.1290E+01    7.8588E+01    5.7400E+01    1.8845E+01    5.0419E+00    1.8728E+01    7.3518E+00    1.2161E+01   
 1.4519E+01    5.1879E+01    5.9332E+01    2.4240E+01    1.9406E+01    2.1278E+01    7.8588E+01    5.7406E+01    1.8853E+01    5.0215E+00    1.8830E+01    7.4311E+00    1.2161E+01   
 1.5106E+01    5.1874E+01    5.9344E+01    2.4245E+01    1.9496E+01    2.1255E+01    7.8595E+01    5.7416E+01    1.8874E+01    5.0215E+00    1.8830E+01    7.3254E+00    1.2161E+01   
 1.5606E+01    5.1898E+01    5.9357E+01    2.4141E+01    1.9450E+01    2.1228E+01    7.8591E+01    5.7416E+01    1.8898E+01    5.0215E+00    1.8810E+01    7.5738E+00    1.2195E+01   
# Time (s)      T1w (C)       T2w (C)       T1a (C)       T2a (C)       T1r (C)       T2r (C)       T3r (C)       T4r (C)       P1 (bar)      P2 (bar)      Ic (amp)      Qc (l/min)    
 1.6107E+01    5.1890E+01    5.9357E+01    2.4195E+01    1.9450E+01    2.1228E+01    7.8599E+01    5.7411E+01    1.8927E+01    5.0011E+00    1.8769E+01    7.4311E+00    1.2178E+01   
 1.6607E+01    5.1889E+01    5.9353E+01    2.4217E+01    1.9533E+01    2.1194E+01    7.8609E+01    5.7424E+01    1.8949E+01    5.0011E+00    1.8769E+01    7.5579E+00    1.2178E+01   
 1.7186E+01    5.1882E+01    5.9378E+01    2.4145E+01    1.9537E+01    2.1115E+01    7.8615E+01    5.7423E+01    1.8949E+01    5.0011E+00    1.8851E+01    7.5791E+00    1.2126E+01   
 1.7687E+01    5.1897E+01    5.9387E+01    2.4160E+01    1.9577E+01    2.1020E+01    7.8615E+01    5.7432E+01    1.8977E+01    5.0419E+00    1.8790E+01    7.3254E+00    1.2161E+01   
 1.8187E+01    5.1913E+01    5.9394E+01    2.4126E+01    1.9591E+01    2.0744E+01    7.8636E+01    5.7454E+01    1.8995E+01    5.0419E+00    1.8871E+01    7.3624E+00    1.2178E+01   
 1.8687E+01    5.1918E+01    5.9394E+01    2.4171E+01    1.9632E+01    2.0320E+01    7.8648E+01    5.7454E+01    1.9002E+01    5.0623E+00    1.8728E+01    7.4364E+00    1.2195E+01   
 1.9275E+01    5.1909E+01    5.9385E+01    2.4327E+01    1.9632E+01    2.0320E+01    7.8665E+01    5.7467E+01    1.9055E+01    5.0215E+00    1.8769E+01    7.5738E+00    1.2178E+01   
 1.9775E+01    5.1898E+01    5.9372E+01    2.4445E+01    1.9602E+01    1.9932E+01    7.8688E+01    5.7478E+01    1.9083E+01    5.0419E+00    1.8769E+01    7.4522E+00    1.2213E+01   
 2.0275E+01    5.1898E+01    5.9360E+01    2.4469E+01    1.9641E+01    1.9623E+01    7.8693E+01    5.7485E+01    1.9083E+01    5.0419E+00    1.8708E+01    7.5791E+00    1.2195E+01   
 2.0776E+01    5.1914E+01    5.9375E+01    2.4484E+01    1.9620E+01    1.9357E+01    7.8678E+01    5.7480E+01    1.9105E+01    5.0419E+00    1.8953E+01    7.5421E+00    1.2178E+01   
 2.1355E+01    5.1916E+01    5.9386E+01    2.4391E+01    1.9656E+01    1.9136E+01    7.8663E+01    5.7465E+01    1.9128E+01    5.0215E+00    1.8973E+01    7.5632E+00    1.2178E+01   
 2.1855E+01    5.1896E+01    5.9367E+01    2.4462E+01    1.9761E+01    1.8915E+01    7.8631E+01    5.7450E+01    1.9116E+01    5.0419E+00    1.8973E+01    7.3465E+00    1.2195E+01   
 2.2356E+01    5.1904E+01    5.9367E+01    2.4760E+01    1.9761E+01    1.8915E+01    7.8608E+01    5.7434E+01    1.9097E+01    5.0215E+00    1.8932E+01    7.6108E+00    1.2161E+01   
 2.2856E+01    5.1903E+01    5.9393E+01    2.4733E+01    1.9685E+01    1.8737E+01    7.8584E+01    5.7415E+01    1.9105E+01    5.0623E+00    1.8851E+01    7.3782E+00    1.2213E+01   
 2.3459E+01    5.1912E+01    5.9398E+01    2.4721E+01    1.9702E+01    1.8580E+01    7.8541E+01    5.7400E+01    1.9105E+01    5.0623E+00    1.9014E+01    7.6055E+00    1.2195E+01   
 2.3960E+01    5.1927E+01    5.9434E+01    2.4737E+01    1.9705E+01    1.8410E+01    7.8527E+01    5.7331E+01    1.9070E+01    5.0419E+00    1.8953E+01    7.3888E+00    1.2178E+01   
 2.4460E+01    5.1927E+01    5.9451E+01    2.4607E+01    1.9776E+01    1.8285E+01    7.8522E+01    5.7293E+01    1.9047E+01    5.0419E+00    1.8993E+01    7.3677E+00    1.2195E+01   
 2.4960E+01    5.1929E+01    5.9451E+01    2.4495E+01    1.9776E+01    1.8285E+01    7.8479E+01    5.7293E+01    1.9027E+01    5.0419E+00    1.8932E+01    7.6161E+00    1.2178E+01   
 2.5563E+01    5.1935E+01    5.9474E+01    2.4372E+01    1.9744E+01    1.8159E+01    7.8477E+01    5.7266E+01    1.8946E+01    5.0215E+00    1.8871E+01    7.5421E+00    1.2161E+01   
 2.6064E+01    5.1926E+01    5.9488E+01    2.4254E+01    1.9758E+01    1.8016E+01    7.8445E+01    5.7231E+01    1.8928E+01    5.0215E+00    1.8953E+01    7.3677E+00    1.2161E+01   
 2.6564E+01    5.1926E+01    5.9530E+01    2.4175E+01    1.9779E+01    1.7882E+01    7.8428E+01    5.7182E+01    1.8928E+01    5.0011E+00    1.8891E+01    7.4892E+00    1.2143E+01   
 2.7064E+01    5.1949E+01    5.9549E+01    2.4191E+01    1.9750E+01    1.7755E+01    7.8413E+01    5.7118E+01    1.8873E+01    5.0215E+00    1.9095E+01    7.3782E+00    1.2126E+01   
 2.7652E+01    5.1948E+01    5.9568E+01    2.4149E+01    1.9735E+01    1.7638E+01    7.8404E+01    5.7058E+01    1.8838E+01    5.0011E+00    1.9055E+01    7.5315E+00    1.2143E+01   
 2.8152E+01    5.1951E+01    5.9585E+01    2.4107E+01    1.9696E+01    1.7545E+01    7.8385E+01    5.7058E+01    1.8810E+01    5.0011E+00    1.8891E+01    7.6002E+00    1.2161E+01   
 2.8653E+01    5.1947E+01    5.9585E+01    2.4071E+01    1.9696E+01    1.7545E+01    7.8378E+01    5.7008E+01    1.8777E+01    5.0215E+00    1.9034E+01    7.3624E+00    1.2161E+01   
 2.9153E+01    5.1948E+01    5.9604E+01    2.4061E+01    1.9673E+01    1.7458E+01    7.8377E+01    5.6940E+01    1.8744E+01    5.0011E+00    1.9034E+01    7.4681E+00    1.2195E+01   
 2.9765E+01    5.1954E+01    5.9641E+01    2.4091E+01    1.9624E+01    1.7356E+01    7.8401E+01    5.6843E+01    1.8744E+01    4.9808E+00    1.9157E+01    7.3835E+00    1.2161E+01   
 3.0265E+01    5.1954E+01    5.9645E+01    2.4091E+01    1.9608E+01    1.7271E+01    7.8401E+01    5.6793E+01    1.8687E+01    5.0011E+00    1.9034E+01    7.5632E+00    1.2178E+01   
 3.0766E+01    5.1956E+01    5.9660E+01    2.4079E+01    1.9606E+01    1.7179E+01    7.8418E+01    5.6725E+01    1.8632E+01    4.9808E+00    1.8993E+01    7.3624E+00    1.2161E+01   
 3.1266E+01    5.1957E+01    5.9673E+01    2.4071E+01    1.9619E+01    1.7104E+01    7.8456E+01    5.6725E+01    1.8570E+01    5.0011E+00    1.8973E+01    7.6372E+00    1.2143E+01   
# Time (s)      T1w (C)       T2w (C)       T1a (C)       T2a (C)       T1r (C)       T2r (C)       T3r (C)       T4r (C)       P1 (bar)      P2 (bar)      Ic (amp)      Qc (l/min)    
 3.1852E+01    5.1958E+01    5.9673E+01    2.4070E+01    1.9619E+01    1.7104E+01    7.8502E+01    5.6660E+01    1.8524E+01    4.9808E+00    1.9136E+01    7.3730E+00    1.2161E+01   
 3.2353E+01    5.1962E+01    5.9661E+01    2.4027E+01    1.9558E+01    1.7027E+01    7.8518E+01    5.6580E+01    1.8475E+01    4.9604E+00    1.9095E+01    7.3677E+00    1.2178E+01   
 3.2853E+01    5.1962E+01    5.9666E+01    2.4027E+01    1.9469E+01    1.6940E+01    7.8545E+01    5.6504E+01    1.8475E+01    4.9604E+00    1.9177E+01    7.3730E+00    1.2178E+01   
 3.3353E+01    5.1958E+01    5.9689E+01    2.4044E+01    1.9546E+01    1.6867E+01    7.8545E+01    5.6422E+01    1.8397E+01    4.9604E+00    1.8993E+01    7.3677E+00    1.2161E+01   
 3.3941E+01    5.1963E+01    5.9692E+01    2.4041E+01    1.9468E+01    1.6795E+01    7.8599E+01    5.6371E+01    1.8362E+01    4.9400E+00    1.9055E+01    7.4470E+00    1.2143E+01   
 3.4441E+01    5.1976E+01    5.9705E+01    2.4077E+01    1.9474E+01    1.6751E+01    7.8635E+01    5.6371E+01    1.8317E+01    4.9400E+00    1.9075E+01    7.3730E+00    1.2126E+01   
 3.4941E+01    5.1983E+01    5.9719E+01    2.4115E+01    1.9490E+01    1.6751E+01    7.8676E+01    5.6290E+01    1.8262E+01    4.9400E+00    1.9014E+01    7.5844E+00    1.2161E+01   
 3.5442E+01    5.1993E+01    5.9731E+01    2.4106E+01    1.9474E+01    1.6683E+01    7.8720E+01    5.6226E+01    1.8235E+01    4.9196E+00    1.8973E+01    7.3624E+00    1.2161E+01   
 3.6029E+01    5.2007E+01    5.9733E+01    2.4123E+01    1.9413E+01    1.6643E+01    7.8751E+01    5.6181E+01    1.8251E+01    4.9196E+00    1.8993E+01    7.4258E+00    1.2161E+01   
 3.6529E+01    5.2007E+01    5.9741E+01    2.4123E+01    1.9306E+01    1.6614E+01    7.8751E+01    5.6116E+01    1.8191E+01    4.9196E+00    1.9055E+01    7.4681E+00    1.2161E+01   
 3.7030E+01    5.2004E+01    5.9751E+01    2.4174E+01    1.9285E+01    1.6555E+01    7.8765E+01    5.6050E+01    1.8152E+01    4.9400E+00    1.8973E+01    7.3571E+00    1.2195E+01   
 3.7530E+01    5.2035E+01    5.9751E+01    2.4165E+01    1.9285E+01    1.6555E+01    7.8789E+01    5.6050E+01    1.8101E+01    4.8993E+00    1.8993E+01    7.4575E+00    1.2178E+01   
 3.8109E+01    5.2018E+01    5.9757E+01    2.4162E+01    1.9216E+01    1.6522E+01    7.8817E+01    5.5974E+01    1.8041E+01    4.8993E+00    1.9218E+01    7.4205E+00    1.2178E+01   
 3.8610E+01    5.2014E+01    5.9763E+01    2.4150E+01    1.9198E+01    1.6478E+01    7.8825E+01    5.5908E+01    1.7966E+01    4.8789E+00    1.9197E+01    7.3624E+00    1.2178E+01   
 3.9110E+01    5.2014E+01    5.9762E+01    2.4150E+01    1.9211E+01    1.6449E+01    7.8825E+01    5.5838E+01    1.7966E+01    4.8585E+00    1.9136E+01    7.3571E+00    1.2143E+01   
 3.9610E+01    5.2020E+01    5.9749E+01    2.4095E+01    1.9192E+01    1.6401E+01    7.8860E+01    5.5761E+01    1.7908E+01    4.8789E+00    1.9014E+01    7.3518E+00    1.2143E+01   
 4.0198E+01    5.2017E+01    5.9755E+01    2.4092E+01    1.9195E+01    1.6348E+01    7.8865E+01    5.5661E+01    1.7849E+01    4.8382E+00    1.9136E+01    7.3518E+00    1.2178E+01   
 4.0698E+01    5.2043E+01    5.9755E+01    2.4106E+01    1.9195E+01    1.6348E+01    7.8891E+01    5.5661E+01    1.7781E+01    4.8382E+00    1.9157E+01    7.3571E+00    1.2178E+01   
 4.1198E+01    5.2017E+01    5.9753E+01    2.4113E+01    1.9143E+01    1.6315E+01    7.8926E+01    5.5604E+01    1.7705E+01    4.8382E+00    1.9095E+01    7.5051E+00    1.2195E+01   
 4.1699E+01    5.2016E+01    5.9737E+01    2.4130E+01    1.9091E+01    1.6284E+01    7.8908E+01    5.5537E+01    1.7663E+01    4.8178E+00    1.9055E+01    7.3465E+00    1.2213E+01   
 4.2311E+01    5.2016E+01    5.9737E+01    2.4092E+01    1.9077E+01    1.6268E+01    7.8889E+01    5.5482E+01    1.7663E+01    4.7974E+00    1.9014E+01    7.5897E+00    1.2195E+01   
 4.2811E+01    5.2016E+01    5.9737E+01    2.4092E+01    1.9004E+01    1.6285E+01    7.8903E+01    5.5433E+01    1.7623E+01    4.8178E+00    1.9095E+01    7.4628E+00    1.2178E+01   
 4.3311E+01    5.2018E+01    5.9736E+01    2.4058E+01    1.9004E+01    1.6273E+01    7.8889E+01    5.5361E+01    1.7580E+01    4.7974E+00    1.9034E+01    7.3994E+00    1.2161E+01   
 4.3812E+01    5.2009E+01    5.9736E+01    2.4067E+01    1.9004E+01    1.6289E+01    7.8894E+01    5.5376E+01    1.7547E+01    4.7770E+00    1.9034E+01    7.5791E+00    1.2161E+01   
 4.4406E+01    5.2023E+01    5.9736E+01    2.4084E+01    1.9023E+01    1.6327E+01    7.8881E+01    5.5348E+01    1.7501E+01    4.7974E+00    1.9157E+01    7.3360E+00    1.2195E+01   
 4.4907E+01    5.2040E+01    5.9743E+01    2.4116E+01    1.8967E+01    1.6376E+01    7.8918E+01    5.5299E+01    1.7475E+01    4.7770E+00    1.9157E+01    7.3730E+00    1.2213E+01   
 4.5407E+01    5.2040E+01    5.9729E+01    2.4116E+01    1.8933E+01    1.6436E+01    7.8918E+01    5.5260E+01    1.7475E+01    4.7567E+00    1.9075E+01    7.3254E+00    1.2178E+01   
 4.5907E+01    5.2045E+01    5.9734E+01    2.4086E+01    1.8786E+01    1.6498E+01    7.8902E+01    5.5205E+01    1.7434E+01    4.7567E+00    1.8993E+01    7.3360E+00    1.2161E+01   
 4.6511E+01    5.2036E+01    5.9725E+01    2.4093E+01    1.8914E+01    1.6577E+01    7.8906E+01    5.5186E+01    1.7382E+01    4.7567E+00    1.8993E+01    7.5738E+00    1.2195E+01   
 4.7011E+01    5.2044E+01    5.9725E+01    2.4052E+01    1.8947E+01    1.6645E+01    7.8911E+01    5.5186E+01    1.7367E+01    4.7567E+00    1.8953E+01    7.4575E+00    1.2213E+01   
# Time (s)      T1w (C)       T2w (C)       T1a (C)       T2a (C)       T1r (C)       T2r (C)       T3r (C)       T4r (C)       P1 (bar)      P2 (bar)      Ic (amp)      Qc (l/min)    
 4.7511E+01    5.2056E+01    5.9725E+01    2.4057E+01    1.8947E+01    1.6645E+01    7.8885E+01    5.5190E+01    1.7351E+01    4.7363E+00    1.8993E+01    7.3201E+00    1.2178E+01   
 4.8011E+01    5.2053E+01    5.9706E+01    2.4048E+01    1.8860E+01    1.6743E+01    7.8886E+01    5.5195E+01    1.7303E+01    4.7363E+00    1.8953E+01    7.3360E+00    1.2178E+01   
 4.8583E+01    5.2053E+01    5.9696E+01    2.4050E+01    1.8802E+01    1.6832E+01    7.8856E+01    5.5179E+01    1.7303E+01    4.7363E+00    1.8932E+01    7.3042E+00    1.2161E+01   
 4.9083E+01    5.2054E+01    5.9668E+01    2.4034E+01    1.8801E+01    1.6935E+01    7.8856E+01    5.5175E+01    1.7275E+01    4.7363E+00    1.8932E+01    7.3201E+00    1.2213E+01   
 4.9584E+01    5.2029E+01    5.9653E+01    2.4063E+01    1.8723E+01    1.7041E+01    7.8852E+01    5.5191E+01    1.7251E+01    4.7567E+00    1.8851E+01    7.2990E+00    1.2126E+01   
 5.0084E+01    5.2032E+01    5.9653E+01    2.4090E+01    1.8723E+01    1.7057E+01    7.8867E+01    5.5206E+01    1.7258E+01    4.7159E+00    1.8830E+01    7.2831E+00    1.2195E+01   
 5.0679E+01    5.2037E+01    5.9633E+01    2.4099E+01    1.8780E+01    1.7156E+01    7.8876E+01    5.5226E+01    1.7239E+01    4.7363E+00    1.8769E+01    7.4047E+00    1.2178E+01   
 5.1179E+01    5.2040E+01    5.9622E+01    2.4097E+01    1.8691E+01    1.7255E+01    7.8875E+01    5.5260E+01    1.7239E+01    4.7363E+00    1.8851E+01    7.2831E+00    1.2126E+01   
 5.1680E+01    5.2040E+01    5.9589E+01    2.4097E+01    1.8710E+01    1.7368E+01    7.8875E+01    5.5273E+01    1.7239E+01    4.7567E+00    1.8749E+01    7.3095E+00    1.2143E+01   
 5.2180E+01    5.2041E+01    5.9580E+01    2.4093E+01    1.8788E+01    1.7473E+01    7.8874E+01    5.5315E+01    1.7249E+01    4.7363E+00    1.8953E+01    7.2672E+00    1.2161E+01   
 5.2768E+01    5.2052E+01    5.9564E+01    2.4111E+01    1.8838E+01    1.7588E+01    7.8878E+01    5.5355E+01    1.7265E+01    4.7363E+00    1.9014E+01    7.3095E+00    1.2178E+01   
 5.3268E+01    5.2060E+01    5.9579E+01    2.4171E+01    1.8854E+01    1.7588E+01    7.8872E+01    5.5355E+01    1.7260E+01    4.7363E+00    1.8810E+01    7.3730E+00    1.2213E+01   
 5.3768E+01    5.2055E+01    5.9564E+01    2.4203E+01    1.8764E+01    1.7692E+01    7.8876E+01    5.5392E+01    1.7268E+01    4.7159E+00    1.8851E+01    7.4364E+00    1.2143E+01   
 5.4269E+01    5.2075E+01    5.9547E+01    2.4218E+01    1.8788E+01    1.7796E+01    7.8865E+01    5.5430E+01    1.7257E+01    4.7159E+00    1.8728E+01    7.4628E+00    1.2161E+01   
 5.4864E+01    5.2075E+01    5.9542E+01    2.4218E+01    1.8764E+01    1.7904E+01    7.8865E+01    5.5484E+01    1.7257E+01    4.7363E+00    1.8790E+01    7.5209E+00    1.2161E+01   
 5.5364E+01    5.2069E+01    5.9519E+01    2.4194E+01    1.8755E+01    1.8017E+01    7.8858E+01    5.5551E+01    1.7296E+01    4.7363E+00    1.8749E+01    7.2778E+00    1.2143E+01   
 5.5865E+01    5.2062E+01    5.9513E+01    2.4199E+01    1.8794E+01    1.8117E+01    7.8877E+01    5.5619E+01    1.7334E+01    4.7770E+00    1.8708E+01    7.4681E+00    1.2178E+01   
 5.6365E+01    5.2052E+01    5.9513E+01    2.4261E+01    1.8794E+01    1.8117E+01    7.8877E+01    5.5619E+01    1.7385E+01    4.7363E+00    1.8790E+01    7.3888E+00    1.2143E+01   
 5.6936E+01    5.2067E+01    5.9504E+01    2.4312E+01    1.8867E+01    1.8225E+01    7.8898E+01    5.5694E+01    1.7415E+01    4.7770E+00    1.8810E+01    7.2725E+00    1.2161E+01   
 5.7436E+01    5.2070E+01    5.9487E+01    2.4310E+01    1.8777E+01    1.8332E+01    7.8869E+01    5.5769E+01    1.7444E+01    4.7567E+00    1.8810E+01    7.2725E+00    1.2161E+01   
 5.7937E+01    5.2070E+01    5.9481E+01    2.4310E+01    1.8741E+01    1.8431E+01    7.8869E+01    5.5822E+01    1.7444E+01    4.7567E+00    1.8790E+01    7.2567E+00    1.2161E+01   
 5.8437E+01    5.2067E+01    5.9479E+01    2.4227E+01    1.8799E+01    1.8531E+01    7.8849E+01    5.5879E+01    1.7471E+01    4.7567E+00    1.8830E+01    7.2672E+00    1.2178E+01   
 5.9032E+01    5.2073E+01    5.9482E+01    2.4204E+01    1.8841E+01    1.8645E+01    7.8880E+01    5.5957E+01    1.7508E+01    4.7567E+00    1.8790E+01    7.4470E+00    1.2178E+01   
 5.9533E+01    5.2065E+01    5.9482E+01    2.4126E+01    1.8841E+01    1.8645E+01    7.8892E+01    5.5957E+01    1.7524E+01    4.7567E+00    1.8749E+01    7.2620E+00    1.2161E+01   
 6.0033E+01    5.2070E+01    5.9448E+01    2.4128E+01    1.8858E+01    1.8729E+01    7.8884E+01    5.6024E+01    1.7560E+01    4.7770E+00    1.8688E+01    7.4998E+00    1.2126E+01   
 6.0533E+01    5.2063E+01    5.9449E+01    2.4101E+01    1.8801E+01    1.8818E+01    7.8874E+01    5.6104E+01    1.7560E+01    4.7770E+00    1.8688E+01    7.2725E+00    1.2161E+01   
 6.1105E+01    5.2063E+01    5.9458E+01    2.4101E+01    1.8829E+01    1.8909E+01    7.8874E+01    5.6125E+01    1.7552E+01    4.7567E+00    1.8688E+01    7.2725E+00    1.2178E+01   
 6.1605E+01    5.2067E+01    5.9443E+01    2.4079E+01    1.8830E+01    1.8972E+01    7.8863E+01    5.6178E+01    1.7556E+01    4.7770E+00    1.8688E+01    7.3624E+00    1.2213E+01   
 6.2105E+01    5.2060E+01    5.9437E+01    2.4096E+01    1.8928E+01    1.8988E+01    7.8883E+01    5.6193E+01    1.7625E+01    4.7770E+00    1.8871E+01    7.2620E+00    1.2230E+01   
 6.2606E+01    5.2064E+01    5.9437E+01    2.4076E+01    1.8928E+01    1.9078E+01    7.8871E+01    5.6256E+01    1.7630E+01    4.7770E+00    1.8891E+01    7.2725E+00    1.2213E+01   
# Time (s)      T1w (C)       T2w (C)       T1a (C)       T2a (C)       T1r (C)       T2r (C)       T3r (C)       T4r (C)       P1 (bar)      P2 (bar)      Ic (amp)      Qc (l/min)    
 6.3202E+01    5.2058E+01    5.9407E+01    2.4032E+01    1.8949E+01    1.9160E+01    7.8854E+01    5.6335E+01    1.7645E+01    4.7770E+00    1.8749E+01    7.2725E+00    1.2126E+01   
 6.3702E+01    5.2058E+01    5.9411E+01    2.4039E+01    1.8879E+01    1.9237E+01    7.8836E+01    5.6402E+01    1.7654E+01    4.7567E+00    1.8688E+01    7.4892E+00    1.2195E+01   
 6.4202E+01    5.2058E+01    5.9400E+01    2.4039E+01    1.8930E+01    1.9316E+01    7.8836E+01    5.6483E+01    1.7654E+01    4.7770E+00    1.8810E+01    7.2567E+00    1.2195E+01   
 6.4703E+01    5.2060E+01    5.9396E+01    2.4107E+01    1.8967E+01    1.9393E+01    7.8836E+01    5.6527E+01    1.7675E+01    4.7567E+00    1.8647E+01    7.2514E+00    1.2230E+01   
 6.5273E+01    5.2060E+01    5.9394E+01    2.4142E+01    1.8942E+01    1.9462E+01    7.8816E+01    5.6527E+01    1.7701E+01    4.7770E+00    1.8647E+01    7.3994E+00    1.2161E+01   
 6.5774E+01    5.2050E+01    5.9394E+01    2.4125E+01    1.8942E+01    1.9462E+01    7.8812E+01    5.6578E+01    1.7709E+01    4.7567E+00    1.8647E+01    7.5157E+00    1.2161E+01   
 6.6274E+01    5.2074E+01    5.9379E+01    2.4105E+01    1.8928E+01    1.9546E+01    7.8784E+01    5.6649E+01    1.7704E+01    4.7567E+00    1.8647E+01    7.4734E+00    1.2161E+01   
 6.6774E+01    5.2074E+01    5.9376E+01    2.4105E+01    1.8942E+01    1.9618E+01    7.8784E+01    5.6704E+01    1.7704E+01    4.7770E+00    1.8871E+01    7.4417E+00    1.2143E+01   
 6.7386E+01    5.2055E+01    5.9374E+01    2.4091E+01    1.8939E+01    1.9668E+01    7.8770E+01    5.6780E+01    1.7719E+01    4.7974E+00    1.8728E+01    7.4892E+00    1.2195E+01   
 6.7886E+01    5.2053E+01    5.9373E+01    2.4064E+01    1.9016E+01    1.9746E+01    7.8759E+01    5.6825E+01    1.7755E+01    4.7974E+00    1.8810E+01    7.2620E+00    1.2195E+01   
 6.8386E+01    5.2056E+01    5.9353E+01    2.4054E+01    1.9016E+01    1.9730E+01    7.8731E+01    5.6810E+01    1.7739E+01    4.7974E+00    1.8708E+01    7.5157E+00    1.2178E+01   
 6.8887E+01    5.2069E+01    5.9353E+01    2.4086E+01    1.9118E+01    1.9781E+01    7.8732E+01    5.6850E+01    1.7786E+01    4.8178E+00    1.8688E+01    7.2514E+00    1.2195E+01   
 6.9466E+01    5.2063E+01    5.9362E+01    2.4218E+01    1.8980E+01    1.9858E+01    7.8756E+01    5.6935E+01    1.7799E+01    4.8382E+00    1.8708E+01    7.2620E+00    1.2213E+01   
 6.9966E+01    5.2063E+01    5.9347E+01    2.4218E+01    1.8972E+01    1.9914E+01    7.8768E+01    5.6955E+01    1.7783E+01    4.8382E+00    1.8708E+01    7.2725E+00    1.2195E+01   
 7.0467E+01    5.2061E+01    5.9345E+01    2.4431E+01    1.9105E+01    1.9956E+01    7.8768E+01    5.7000E+01    1.7806E+01    4.8382E+00    1.8851E+01    7.3201E+00    1.2178E+01   
 7.0967E+01    5.2068E+01    5.9341E+01    2.4473E+01    1.9158E+01    2.0024E+01    7.8780E+01    5.7023E+01    1.7827E+01    4.8382E+00    1.8851E+01    7.2778E+00    1.2195E+01   
 7.1562E+01    5.2069E+01    5.9352E+01    2.4394E+01    1.9140E+01    2.0069E+01    7.8773E+01    5.7076E+01    1.7860E+01    4.8382E+00    1.8749E+01    7.5209E+00    1.2213E+01   
 7.2063E+01    5.2055E+01    5.9352E+01    2.4314E+01    1.9140E+01    2.0069E+01    7.8752E+01    5.7076E+01    1.7899E+01    4.8382E+00    1.8769E+01    7.2725E+00    1.2195E+01   
 7.2563E+01    5.2068E+01    5.9335E+01    2.4272E+01    1.9163E+01    2.0139E+01    7.8754E+01    5.7132E+01    1.7955E+01    4.8585E+00    1.8830E+01    7.4787E+00    1.2178E+01   
 7.3063E+01    5.2068E+01    5.9356E+01    2.4272E+01    1.9060E+01    2.0185E+01    7.8754E+01    5.7150E+01    1.7955E+01    4.8789E+00    1.8830E+01    7.5262E+00    1.2195E+01   
 7.3635E+01    5.2064E+01    5.9364E+01    2.4207E+01    1.9097E+01    2.0243E+01    7.8750E+01    5.7193E+01    1.7976E+01    4.8789E+00    1.8708E+01    7.5104E+00    1.2195E+01   
 7.4135E+01    5.2062E+01    5.9364E+01    2.4206E+01    1.9063E+01    2.0291E+01    7.8737E+01    5.7205E+01    1.8014E+01    4.8789E+00    1.8667E+01    7.2990E+00    1.2161E+01   
 7.4635E+01    5.2074E+01    5.9364E+01    2.4221E+01    1.9063E+01    2.0291E+01    7.8708E+01    5.7205E+01    1.8053E+01    4.8585E+00    1.8912E+01    7.2884E+00    1.2195E+01   
 7.5136E+01    5.2077E+01    5.9370E+01    2.4184E+01    1.9060E+01    2.0348E+01    7.8709E+01    5.7238E+01    1.8077E+01    4.8789E+00    1.8871E+01    7.2831E+00    1.2213E+01   
 7.5723E+01    5.2068E+01    5.9372E+01    2.4257E+01    1.9129E+01    2.0404E+01    7.8693E+01    5.7276E+01    1.8100E+01    4.8993E+00    1.8728E+01    7.2937E+00    1.2178E+01   
 7.6223E+01    5.2068E+01    5.9379E+01    2.4257E+01    1.9130E+01    2.0445E+01    7.8693E+01    5.7269E+01    1.8100E+01    4.8993E+00    1.8790E+01    7.3360E+00    1.2178E+01   
 7.6724E+01    5.2071E+01    5.9389E+01    2.4235E+01    1.9147E+01    2.0485E+01    7.8679E+01    5.7288E+01    1.8118E+01    4.9196E+00    1.8891E+01    7.3730E+00    1.2178E+01   
 7.7224E+01    5.2074E+01    5.9407E+01    2.4195E+01    1.9171E+01    2.0530E+01    7.8652E+01    5.7290E+01    1.8131E+01    4.8993E+00    1.8871E+01    7.2884E+00    1.2178E+01   
 7.7803E+01    5.2073E+01    5.9407E+01    2.4183E+01    1.9171E+01    2.0530E+01    7.8648E+01    5.7290E+01    1.8149E+01    4.8993E+00    1.8728E+01    7.2884E+00    1.2161E+01   
 7.8304E+01    5.2082E+01    5.9418E+01    2.4175E+01    1.9258E+01    2.0561E+01    7.8656E+01    5.7313E+01    1.8160E+01    4.9196E+00    1.8728E+01    7.3835E+00    1.2195E+01   
# Time (s)      T1w (C)       T2w (C)       T1a (C)       T2a (C)       T1r (C)       T2r (C)       T3r (C)       T4r (C)       P1 (bar)      P2 (bar)      Ic (amp)      Qc (l/min)    
 7.8804E+01    5.2073E+01    5.9417E+01    2.4194E+01    1.9311E+01    2.0631E+01    7.8684E+01    5.7306E+01    1.8184E+01    4.9196E+00    1.8769E+01    7.3307E+00    1.2195E+01   
 7.9304E+01    5.2073E+01    5.9432E+01    2.4194E+01    1.9323E+01    2.0665E+01    7.8684E+01    5.7323E+01    1.8184E+01    4.9400E+00    1.8891E+01    7.4787E+00    1.2161E+01   
 7.9892E+01    5.2079E+01    5.9405E+01    2.4272E+01    1.9290E+01    2.0694E+01    7.8702E+01    5.7329E+01    1.8211E+01    4.9400E+00    1.8708E+01    7.2937E+00    1.2195E+01   
 8.0393E+01    5.2080E+01    5.9427E+01    2.4286E+01    1.9430E+01    2.0735E+01    7.8725E+01    5.7335E+01    1.8201E+01    4.9400E+00    1.8912E+01    7.3042E+00    1.2161E+01   
 8.0893E+01    5.2080E+01    5.9427E+01    2.4320E+01    1.9430E+01    2.0735E+01    7.8749E+01    5.7335E+01    1.8222E+01    4.9604E+00    1.8728E+01    7.2884E+00    1.2195E+01   
 8.1393E+01    5.2083E+01    5.9434E+01    2.4348E+01    1.9360E+01    2.0765E+01    7.8782E+01    5.7341E+01    1.8233E+01    4.9604E+00    1.8728E+01    7.3518E+00    1.2161E+01   
 8.1972E+01    5.2090E+01    5.9434E+01    2.4369E+01    1.9348E+01    2.0799E+01    7.8827E+01    5.7340E+01    1.8261E+01    4.9400E+00    1.8769E+01    7.3042E+00    1.2178E+01   
 8.2472E+01    5.2090E+01    5.9440E+01    2.4369E+01    1.9432E+01    2.0833E+01    7.8827E+01    5.7349E+01    1.8261E+01    4.9808E+00    1.8830E+01    7.5368E+00    1.2161E+01   
 8.2972E+01    5.2094E+01    5.9445E+01    2.4294E+01    1.9426E+01    2.0866E+01    7.8867E+01    5.7367E+01    1.8294E+01    4.9604E+00    1.8708E+01    7.3148E+00    1.2126E+01   
 8.3473E+01    5.2093E+01    5.9446E+01    2.4364E+01    1.9426E+01    2.0866E+01    7.8909E+01    5.7367E+01    1.8297E+01    4.9400E+00    1.8688E+01    7.4364E+00    1.2195E+01   
 8.4060E+01    5.2101E+01    5.9446E+01    2.4397E+01    1.9410E+01    2.0901E+01    7.8930E+01    5.7385E+01    1.8356E+01    4.9604E+00    1.8810E+01    7.4839E+00    1.2195E+01   
 8.4561E+01    5.2124E+01    5.9469E+01    2.4387E+01    1.9438E+01    2.0927E+01    7.8942E+01    5.7383E+01    1.8381E+01    4.9400E+00    1.8810E+01    7.4311E+00    1.2178E+01   
 8.5061E+01    5.2107E+01    5.9475E+01    2.4387E+01    1.9458E+01    2.0959E+01    7.8942E+01    5.7388E+01    1.8396E+01    4.9808E+00    1.8810E+01    7.3254E+00    1.2161E+01   
 8.5561E+01    5.2107E+01    5.9473E+01    2.4305E+01    1.9428E+01    2.0980E+01    7.8943E+01    5.7401E+01    1.8396E+01    4.9808E+00    1.8830E+01    7.3624E+00    1.2178E+01   
 8.6148E+01    5.2110E+01    5.9483E+01    2.4262E+01    1.9361E+01    2.0983E+01    7.8881E+01    5.7398E+01    1.8412E+01    4.9808E+00    1.8769E+01    7.3201E+00    1.2143E+01   
 8.6649E+01    5.2108E+01    5.9473E+01    2.4230E+01    1.9361E+01    2.1017E+01    7.8866E+01    5.7387E+01    1.8428E+01    4.9604E+00    1.8769E+01    7.5315E+00    1.2178E+01   
 8.7149E+01    5.2134E+01    5.9488E+01    2.4170E+01    1.9407E+01    2.1017E+01    7.8837E+01    5.7387E+01    1.8451E+01    4.9808E+00    1.8790E+01    7.3307E+00    1.2195E+01   
 8.7649E+01    5.2130E+01    5.9517E+01    2.4181E+01    1.9513E+01    2.1050E+01    7.8820E+01    5.7418E+01    1.8497E+01    4.9808E+00    1.8993E+01    7.4470E+00    1.2178E+01   
 8.8229E+01    5.2119E+01    5.9515E+01    2.4181E+01    1.9441E+01    2.1068E+01    7.8791E+01    5.7417E+01    1.8515E+01    4.9808E+00    1.8851E+01    7.4998E+00    1.2161E+01   
 8.8729E+01    5.2119E+01    5.9530E+01    2.4174E+01    1.9448E+01    2.1100E+01    7.8791E+01    5.7446E+01    1.8515E+01    4.9808E+00    1.8891E+01    7.5949E+00    1.2126E+01   
 8.9229E+01    5.2157E+01    5.9560E+01    2.4191E+01    1.9503E+01    2.1088E+01    7.8757E+01    5.7414E+01    1.8529E+01    5.0011E+00    1.8769E+01    7.3941E+00    1.2143E+01   
 8.9730E+01    5.2135E+01    5.9560E+01    2.4205E+01    1.9503E+01    2.1088E+01    7.8716E+01    5.7414E+01    1.8549E+01    5.0011E+00    1.8769E+01    7.5368E+00    1.2143E+01   
 9.0333E+01    5.2147E+01    5.9576E+01    2.4207E+01    1.9531E+01    2.1136E+01    7.8740E+01    5.7424E+01    1.8582E+01    5.0011E+00    1.8891E+01    7.3412E+00    1.2178E+01   
 9.0834E+01    5.2166E+01    5.9598E+01    2.4232E+01    1.9567E+01    2.1156E+01    7.8758E+01    5.7430E+01    1.8614E+01    5.0215E+00    1.8810E+01    7.3360E+00    1.2213E+01   
 9.1334E+01    5.2159E+01    5.9594E+01    2.4232E+01    1.9555E+01    2.1144E+01    7.8744E+01    5.7413E+01    1.8598E+01    5.0011E+00    1.8810E+01    7.3782E+00    1.2161E+01   
 9.1834E+01    5.2159E+01    5.9590E+01    2.4276E+01    1.9565E+01    2.1187E+01    7.8750E+01    5.7417E+01    1.8613E+01    5.0215E+00    1.8851E+01    7.5051E+00    1.2178E+01   
 9.2405E+01    5.2160E+01    5.9594E+01    2.4279E+01    1.9592E+01    2.1194E+01    7.8767E+01    5.7435E+01    1.8636E+01    5.0215E+00    1.8790E+01    7.5632E+00    1.2213E+01   
 9.2906E+01    5.2158E+01    5.9590E+01    2.4223E+01    1.9592E+01    2.1194E+01    7.8762E+01    5.7435E+01    1.8672E+01    5.0215E+00    1.8790E+01    7.5844E+00    1.2126E+01   
 9.3406E+01    5.2148E+01    5.9590E+01    2.4201E+01    1.9517E+01    2.1219E+01    7.8791E+01    5.7448E+01    1.8696E+01    5.0215E+00    1.8810E+01    7.3412E+00    1.2178E+01   
 9.3906E+01    5.2149E+01    5.9611E+01    2.4221E+01    1.9571E+01    2.1248E+01    7.8789E+01    5.7430E+01    1.8701E+01    5.0215E+00    1.8993E+01    7.6108E+00    1.2230E+01   
# Time (s)      T1w (C)       T2w (C)       T1a (C)       T2a (C)       T1r (C)       T2r (C)       T3r (C)       T4r (C)       P1 (bar)      P2 (bar)      Ic (amp)      Qc (l/min)    
 9.4501E+01    5.2166E+01    5.9614E+01    2.4221E+01    1.9634E+01    2.1232E+01    7.8775E+01    5.7418E+01    1.8709E+01    5.0419E+00    1.8953E+01    7.3518E+00    1.2178E+01   
 9.5002E+01    5.2166E+01    5.9605E+01    2.4218E+01    1.9579E+01    2.1248E+01    7.8751E+01    5.7400E+01    1.8709E+01    5.0215E+00    1.8891E+01    7.6002E+00    1.2161E+01   
 9.5502E+01    5.2140E+01    5.9592E+01    2.4196E+01    1.9507E+01    2.1259E+01    7.8744E+01    5.7393E+01    1.8732E+01    5.0623E+00    1.8810E+01    7.3941E+00    1.2178E+01   
 9.6002E+01    5.2133E+01    5.9592E+01    2.4172E+01    1.9507E+01    2.1259E+01    7.8725E+01    5.7393E+01    1.8755E+01    5.0623E+00    1.8830E+01    7.5315E+00    1.2161E+01   
 9.6573E+01    5.2148E+01    5.9599E+01    2.4207E+01    1.9622E+01    2.1249E+01    7.8698E+01    5.7411E+01    1.8775E+01    5.0419E+00    1.8830E+01    7.5579E+00    1.2178E+01   
 9.7074E+01    5.2133E+01    5.9597E+01    2.4170E+01    1.9632E+01    2.1262E+01    7.8692E+01    5.7433E+01    1.8803E+01    5.0623E+00    1.8830E+01    7.4258E+00    1.2178E+01   
 9.7574E+01    5.2133E+01    5.9605E+01    2.4170E+01    1.9650E+01    2.1275E+01    7.8692E+01    5.7434E+01    1.8803E+01    5.0623E+00    1.8953E+01    7.6161E+00    1.2143E+01   
 9.8074E+01    5.2146E+01    5.9613E+01    2.4304E+01    1.9736E+01    2.1250E+01    7.8693E+01    5.7447E+01    1.8802E+01    5.0419E+00    1.8932E+01    7.5209E+00    1.2126E+01   
 9.8669E+01    5.2146E+01    5.9601E+01    2.4480E+01    1.9663E+01    2.1249E+01    7.8722E+01    5.7436E+01    1.8804E+01    5.0623E+00    1.8912E+01    7.3571E+00    1.2143E+01   
 9.9170E+01    5.2159E+01    5.9626E+01    2.4437E+01    1.9663E+01    2.1249E+01    7.8738E+01    5.7436E+01    1.8830E+01    5.0419E+00    1.8973E+01    7.4892E+00    1.2143E+01   
 9.9670E+01    5.2166E+01    5.9640E+01    2.4302E+01    1.9652E+01    2.1229E+01    7.8778E+01    5.7474E+01    1.8866E+01    5.0419E+00    1.8851E+01    7.4470E+00    1.2178E+01   
 1.0017E+02    5.2160E+01    5.9644E+01    2.4302E+01    1.9717E+01    2.1205E+01    7.8817E+01    5.7478E+01    1.8883E+01    5.0215E+00    1.8851E+01    7.5527E+00    1.2109E+01   
 1.0077E+02    5.2163E+01    5.9638E+01    2.4275E+01    1.9724E+01    2.1188E+01    7.8817E+01    5.7479E+01    1.8883E+01    5.0215E+00    1.9034E+01    7.3518E+00    1.2213E+01   
 1.0127E+02    5.2163E+01    5.9652E+01    2.4489E+01    1.9720E+01    2.1123E+01    7.8831E+01    5.7480E+01    1.8882E+01    5.0011E+00    1.8871E+01    7.3360E+00    1.2213E+01   
 1.0177E+02    5.2166E+01    5.9644E+01    2.4591E+01    1.9757E+01    2.1039E+01    7.8829E+01    5.7477E+01    1.8913E+01    5.0011E+00    1.8851E+01    7.3412E+00    1.2178E+01   
 1.0227E+02    5.2182E+01    5.9644E+01    2.4599E+01    1.9757E+01    2.1054E+01    7.8858E+01    5.7491E+01    1.8969E+01    5.0215E+00    1.8993E+01    7.5527E+00    1.2161E+01   
 1.0287E+02    5.2166E+01    5.9653E+01    2.4786E+01    1.9769E+01    2.0889E+01    7.8883E+01    5.7484E+01    1.9000E+01    5.0215E+00    1.8851E+01    7.3518E+00    1.2161E+01   
 1.0337E+02    5.2168E+01    5.9646E+01    2.4702E+01    1.9835E+01    2.0568E+01    7.8887E+01    5.7527E+01    1.9031E+01    5.0623E+00    1.8830E+01    7.3994E+00    1.2178E+01   
 1.0387E+02    5.2168E+01    5.9653E+01    2.4702E+01    1.9750E+01    2.0099E+01    7.8887E+01    5.7539E+01    1.9031E+01    5.0623E+00    1.8891E+01    7.4047E+00    1.2213E+01   
 1.0437E+02    5.2167E+01    5.9646E+01    2.4490E+01    1.9801E+01    1.9736E+01    7.8885E+01    5.7573E+01    1.9049E+01    5.0623E+00    1.8973E+01    7.3730E+00    1.2213E+01   
 1.0494E+02    5.2166E+01    5.9650E+01    2.4342E+01    1.9812E+01    1.9478E+01    7.8867E+01    5.7569E+01    1.9063E+01    5.0826E+00    1.9034E+01    7.6002E+00    1.2195E+01   
 1.0544E+02    5.2161E+01    5.9650E+01    2.4111E+01    1.9812E+01    1.9494E+01    7.8855E+01    5.7584E+01    1.9117E+01    5.0826E+00    1.9014E+01    7.6055E+00    1.2213E+01   
 1.0594E+02    5.2174E+01    5.9646E+01    2.4081E+01    1.9764E+01    1.9259E+01    7.8841E+01    5.7614E+01    1.9112E+01    5.0826E+00    1.8912E+01    7.6267E+00    1.2195E+01   
 1.0644E+02    5.2177E+01    5.9645E+01    2.4081E+01    1.9842E+01    1.9074E+01    7.8844E+01    5.7622E+01    1.9139E+01    5.0419E+00    1.8851E+01    7.4892E+00    1.2178E+01   
 1.0704E+02    5.2177E+01    5.9641E+01    2.4093E+01    1.9899E+01    1.8890E+01    7.8844E+01    5.7576E+01    1.9139E+01    5.0419E+00    1.8932E+01    7.3994E+00    1.2178E+01   
 1.0754E+02    5.2181E+01    5.9658E+01    2.4069E+01    1.9832E+01    1.8727E+01    7.8818E+01    5.7570E+01    1.9142E+01    5.0419E+00    1.8973E+01    7.6372E+00    1.2143E+01   
 1.0804E+02    5.2174E+01    5.9676E+01    2.4038E+01    1.9832E+01    1.8727E+01    7.8805E+01    5.7559E+01    1.9119E+01    5.0623E+00    1.8912E+01    7.3835E+00    1.2178E+01   
 1.0854E+02    5.2183E+01    5.9676E+01    2.3990E+01    1.9824E+01    1.8576E+01    7.8784E+01    5.7574E+01    1.9110E+01    5.0419E+00    1.8973E+01    7.6425E+00    1.2178E+01   
 1.0911E+02    5.2178E+01    5.9692E+01    2.4016E+01    1.9800E+01    1.8431E+01    7.8795E+01    5.7531E+01    1.9089E+01    5.0623E+00    1.8993E+01    7.4839E+00    1.2161E+01   
 1.0961E+02    5.2173E+01    5.9699E+01    2.4016E+01    1.9797E+01    1.8284E+01    7.8787E+01    5.7479E+01    1.9071E+01    5.0419E+00    1.8993E+01    7.3888E+00    1.2213E+01   
# Time (s)      T1w (C)       T2w (C)       T1a (C)       T2a (C)       T1r (C)       T2r (C)       T3r (C)       T4r (C)       P1 (bar)      P2 (bar)      Ic (amp)      Qc (l/min)    
 1.1011E+02    5.2173E+01    5.9727E+01    2.3979E+01    1.9801E+01    1.8151E+01    7.8787E+01    5.7426E+01    1.9071E+01    5.0419E+00    1.9157E+01    7.5738E+00    1.2213E+01   
 1.1061E+02    5.2171E+01    5.9745E+01    2.3970E+01    1.9826E+01    1.8034E+01    7.8771E+01    5.7361E+01    1.9044E+01    5.0011E+00    1.9157E+01    7.4152E+00    1.2178E+01   
 1.1122E+02    5.2170E+01    5.9758E+01    2.3956E+01    1.9872E+01    1.7901E+01    7.8741E+01    5.7320E+01    1.8996E+01    5.0215E+00    1.9136E+01    7.6689E+00    1.2143E+01   
 1.1172E+02    5.2155E+01    5.9758E+01    2.3998E+01    1.9872E+01    1.7901E+01    7.8745E+01    5.7320E+01    1.8941E+01    5.0215E+00    1.9177E+01    7.3941E+00    1.2143E+01   
 1.1222E+02    5.2162E+01    5.9771E+01    2.3977E+01    1.9852E+01    1.7781E+01    7.8716E+01    5.7238E+01    1.8923E+01    5.0215E+00    1.9075E+01    7.3835E+00    1.2143E+01   
 1.1272E+02    5.2158E+01    5.9799E+01    2.3977E+01    1.9858E+01    1.7680E+01    7.8716E+01    5.7211E+01    1.8869E+01    5.0215E+00    1.9238E+01    7.6002E+00    1.2161E+01   
 1.1329E+02    5.2158E+01    5.9810E+01    2.3873E+01    1.9873E+01    1.7587E+01    7.8711E+01    5.7141E+01    1.8869E+01    5.0215E+00    1.9095E+01    7.5579E+00    1.2178E+01   
 1.1379E+02    5.2154E+01    5.9833E+01    2.3905E+01    1.9751E+01    1.7474E+01    7.8738E+01    5.7082E+01    1.8827E+01    5.0011E+00    1.9116E+01    7.3941E+00    1.2178E+01   
 1.1429E+02    5.2157E+01    5.9835E+01    2.3910E+01    1.9751E+01    1.7474E+01    7.8773E+01    5.7019E+01    1.8788E+01    5.0011E+00    1.9075E+01    7.6108E+00    1.2213E+01   
 1.1479E+02    5.2162E+01    5.9835E+01    2.3969E+01    1.9657E+01    1.7404E+01    7.8795E+01    5.7019E+01    1.8709E+01    5.0011E+00    1.9055E+01    7.4258E+00    1.2213E+01   
 1.1539E+02    5.2160E+01    5.9842E+01    2.4006E+01    1.9724E+01    1.7330E+01    7.8813E+01    5.6961E+01    1.8676E+01    4.9808E+00    1.9238E+01    7.6637E+00    1.2195E+01   
 1.1589E+02    5.2172E+01    5.9846E+01    2.4006E+01    1.9693E+01    1.7228E+01    7.8813E+01    5.6872E+01    1.8624E+01    4.9808E+00    1.9238E+01    7.4100E+00    1.2161E+01   
 1.1639E+02    5.2172E+01    5.9863E+01    2.3928E+01    1.9677E+01    1.7153E+01    7.8836E+01    5.6814E+01    1.8624E+01    4.9604E+00    1.9116E+01    7.4047E+00    1.2126E+01   
 1.1689E+02    5.2158E+01    5.9850E+01    2.3993E+01    1.9627E+01    1.7078E+01    7.8873E+01    5.6738E+01    1.8589E+01    4.9808E+00    1.9299E+01    7.3941E+00    1.2143E+01   
 1.1746E+02    5.2160E+01    5.9862E+01    2.4008E+01    1.9627E+01    1.7094E+01    7.8915E+01    5.6670E+01    1.8567E+01    4.9808E+00    1.9136E+01    7.4047E+00    1.2161E+01   
 1.1796E+02    5.2177E+01    5.9862E+01    2.4050E+01    1.9573E+01    1.7027E+01    7.8959E+01    5.6670E+01    1.8505E+01    4.9604E+00    1.9116E+01    7.5104E+00    1.2178E+01   
 1.1846E+02    5.2166E+01    5.9885E+01    2.4097E+01    1.9648E+01    1.6971E+01    7.9008E+01    5.6617E+01    1.8482E+01    4.9604E+00    1.9055E+01    7.3994E+00    1.2195E+01   
 1.1896E+02    5.2166E+01    5.9876E+01    2.4097E+01    1.9541E+01    1.6924E+01    7.9008E+01    5.6536E+01    1.8482E+01    4.9400E+00    1.9034E+01    7.4681E+00    1.2161E+01   
 1.1957E+02    5.2144E+01    5.9861E+01    2.4057E+01    1.9502E+01    1.6849E+01    7.9052E+01    5.6471E+01    1.8420E+01    4.9400E+00    1.9075E+01    7.6531E+00    1.2161E+01   
 1.2007E+02    5.2154E+01    5.9866E+01    2.4042E+01    1.9408E+01    1.6775E+01    7.9076E+01    5.6387E+01    1.8354E+01    4.9196E+00    1.9116E+01    7.3994E+00    1.2143E+01   
 1.2057E+02    5.2161E+01    5.9887E+01    2.4045E+01    1.9408E+01    1.6791E+01    7.9094E+01    5.6402E+01    1.8316E+01    4.9196E+00    1.9320E+01    7.6689E+00    1.2161E+01   
 1.2107E+02    5.2165E+01    5.9887E+01    2.4084E+01    1.9424E+01    1.6729E+01    7.9140E+01    5.6332E+01    1.8242E+01    4.9196E+00    1.9279E+01    7.3941E+00    1.2143E+01   
 1.2166E+02    5.2152E+01    5.9867E+01    2.4105E+01    1.9422E+01    1.6660E+01    7.9157E+01    5.6228E+01    1.8187E+01    4.8993E+00    1.9095E+01    7.4628E+00    1.2178E+01   
 1.2216E+02    5.2151E+01    5.9882E+01    2.4105E+01    1.9330E+01    1.6615E+01    7.9157E+01    5.6155E+01    1.8128E+01    4.8993E+00    1.9157E+01    7.4839E+00    1.2091E+01   
 1.2266E+02    5.2136E+01    5.9867E+01    2.4079E+01    1.9131E+01    1.6536E+01    7.9174E+01    5.6081E+01    1.8112E+01    4.8993E+00    1.9218E+01    7.5104E+00    1.2126E+01   
 1.2316E+02    5.2150E+01    5.9861E+01    2.4071E+01    1.9102E+01    1.6495E+01    7.9212E+01    5.6021E+01    1.8053E+01    4.8789E+00    1.9157E+01    7.3888E+00    1.2143E+01   
 1.2376E+02    5.2154E+01    5.9886E+01    2.4098E+01    1.9118E+01    1.6479E+01    7.9213E+01    5.5924E+01    1.7989E+01    4.8789E+00    1.9136E+01    7.6108E+00    1.2195E+01   
 1.2426E+02    5.2153E+01    5.9886E+01    2.4122E+01    1.9181E+01    1.6415E+01    7.9237E+01    5.5924E+01    1.7963E+01    4.8585E+00    1.9116E+01    7.3888E+00    1.2195E+01   
 1.2476E+02    5.2165E+01    5.9880E+01    2.4134E+01    1.9172E+01    1.6361E+01    7.9245E+01    5.5826E+01    1.7901E+01    4.8789E+00    1.9299E+01    7.5632E+00    1.2230E+01   
 1.2526E+02    5.2165E+01    5.9887E+01    2.4134E+01    1.9196E+01    1.6321E+01    7.9245E+01    5.5788E+01    1.7901E+01    4.8382E+00    1.9157E+01    7.3888E+00    1.2178E+01   
# Time (s)      T1w (C)       T2w (C)       T1a (C)       T2a (C)       T1r (C)       T2r (C)       T3r (C)       T4r (C)       P1 (bar)      P2 (bar)      Ic (amp)      Qc (l/min)    
 1.2583E+02    5.2177E+01    5.9898E+01    2.4163E+01    1.9152E+01    1.6314E+01    7.9229E+01    5.5731E+01    1.7837E+01    4.8585E+00    1.9157E+01    7.4417E+00    1.2178E+01   
 1.2633E+02    5.2172E+01    5.9896E+01    2.4171E+01    1.9018E+01    1.6321E+01    7.9224E+01    5.5689E+01    1.7754E+01    4.8585E+00    1.9177E+01    7.6161E+00    1.2161E+01   
 1.2683E+02    5.2196E+01    5.9902E+01    2.4183E+01    1.9034E+01    1.6321E+01    7.9221E+01    5.5689E+01    1.7712E+01    4.7974E+00    1.9177E+01    7.6108E+00    1.2178E+01   
 1.2733E+02    5.2189E+01    5.9902E+01    2.4156E+01    1.9079E+01    1.6329E+01    7.9206E+01    5.5632E+01    1.7690E+01    4.8178E+00    1.9218E+01    7.3677E+00    1.2213E+01   
 1.2793E+02    5.2194E+01    5.9903E+01    2.4128E+01    1.9121E+01    1.6372E+01    7.9175E+01    5.5581E+01    1.7649E+01    4.7974E+00    1.9157E+01    7.3730E+00    1.2230E+01   
 1.2843E+02    5.2198E+01    5.9899E+01    2.4128E+01    1.9078E+01    1.6412E+01    7.9175E+01    5.5522E+01    1.7649E+01    4.7770E+00    1.9116E+01    7.6319E+00    1.2195E+01   
 1.2893E+02    5.2198E+01    5.9902E+01    2.4090E+01    1.8950E+01    1.6477E+01    7.9150E+01    5.5496E+01    1.7618E+01    4.7770E+00    1.9014E+01    7.3518E+00    1.2195E+01   
 1.2943E+02    5.2190E+01    5.9908E+01    2.4096E+01    1.8950E+01    1.6537E+01    7.9113E+01    5.5407E+01    1.7566E+01    4.7770E+00    1.9116E+01    7.6267E+00    1.2195E+01   
 1.3000E+02    5.2206E+01    5.9904E+01    2.4090E+01    1.8979E+01    1.6521E+01    7.9110E+01    5.5407E+01    1.7512E+01    4.7974E+00    1.9136E+01    7.4047E+00    1.2178E+01   
 1.3050E+02    5.2188E+01    5.9890E+01    2.4040E+01    1.8885E+01    1.6583E+01    7.9094E+01    5.5390E+01    1.7480E+01    4.7770E+00    1.9116E+01    7.3465E+00    1.2213E+01   
 1.3100E+02    5.2171E+01    5.9886E+01    2.4040E+01    1.8786E+01    1.6688E+01    7.9098E+01    5.5349E+01    1.7434E+01    4.7363E+00    1.9136E+01    7.4364E+00    1.2195E+01   
 1.3150E+02    5.2171E+01    5.9860E+01    2.3951E+01    1.8857E+01    1.6742E+01    7.9098E+01    5.5330E+01    1.7434E+01    4.7770E+00    1.9014E+01    7.3360E+00    1.2213E+01   
 1.3209E+02    5.2176E+01    5.9852E+01    2.3947E+01    1.8799E+01    1.6848E+01    7.9120E+01    5.5328E+01    1.7420E+01    4.7567E+00    1.9116E+01    7.3730E+00    1.2195E+01   
 1.3259E+02    5.2160E+01    5.9824E+01    2.4030E+01    1.8775E+01    1.6942E+01    7.9117E+01    5.5338E+01    1.7371E+01    4.7567E+00    1.9157E+01    7.3518E+00    1.2178E+01   
 1.3309E+02    5.2162E+01    5.9824E+01    2.4069E+01    1.8775E+01    1.6942E+01    7.9122E+01    5.5338E+01    1.7336E+01    4.7567E+00    1.8891E+01    7.5579E+00    1.2143E+01   
 1.3359E+02    5.2163E+01    5.9807E+01    2.4077E+01    1.8866E+01    1.7051E+01    7.9141E+01    5.5337E+01    1.7328E+01    4.7159E+00    1.8993E+01    7.3201E+00    1.2143E+01   
 1.3417E+02    5.2165E+01    5.9797E+01    2.4077E+01    1.8840E+01    1.7152E+01    7.9122E+01    5.5351E+01    1.7315E+01    4.7363E+00    1.8993E+01    7.3624E+00    1.2195E+01   
 1.3467E+02    5.2179E+01    5.9795E+01    2.4077E+01    1.8828E+01    1.7250E+01    7.9108E+01    5.5365E+01    1.7299E+01    4.7159E+00    1.9034E+01    7.5262E+00    1.2143E+01   
 1.3517E+02    5.2172E+01    5.9772E+01    2.3987E+01    1.8786E+01    1.7342E+01    7.9092E+01    5.5391E+01    1.7291E+01    4.7363E+00    1.9014E+01    7.3360E+00    1.2195E+01   
 1.3567E+02    5.2185E+01    5.9745E+01    2.3988E+01    1.8786E+01    1.7342E+01    7.9101E+01    5.5436E+01    1.7289E+01    4.7567E+00    1.8973E+01    7.4839E+00    1.2230E+01   
 1.3626E+02    5.2180E+01    5.9745E+01    2.3966E+01    1.8664E+01    1.7443E+01    7.9103E+01    5.5436E+01    1.7293E+01    4.7363E+00    1.8891E+01    7.2937E+00    1.2178E+01   
 1.3676E+02    5.2200E+01    5.9737E+01    2.3886E+01    1.8827E+01    1.7524E+01    7.9102E+01    5.5467E+01    1.7280E+01    4.7363E+00    1.8851E+01    7.5421E+00    1.2109E+01   
 1.3726E+02    5.2216E+01    5.9718E+01    2.3886E+01    1.8833E+01    1.7645E+01    7.9102E+01    5.5499E+01    1.7295E+01    4.7567E+00    1.8810E+01    7.2937E+00    1.2143E+01   
 1.3776E+02    5.2216E+01    5.9709E+01    2.3870E+01    1.8824E+01    1.7734E+01    7.9098E+01    5.5505E+01    1.7279E+01    4.7363E+00    1.8851E+01    7.5157E+00    1.2195E+01   
 1.3833E+02    5.2205E+01    5.9686E+01    2.3839E+01    1.8833E+01    1.7850E+01    7.9080E+01    5.5574E+01    1.7291E+01    4.7363E+00    1.8993E+01    7.4047E+00    1.2213E+01   
 1.3883E+02    5.2211E+01    5.9663E+01    2.3795E+01    1.8833E+01    1.7850E+01    7.9083E+01    5.5623E+01    1.7291E+01    4.7363E+00    1.8993E+01    7.2884E+00    1.2195E+01   
 1.3933E+02    5.2211E+01    5.9663E+01    2.3774E+01    1.8798E+01    1.7940E+01    7.9083E+01    5.5623E+01    1.7331E+01    4.7159E+00    1.8871E+01    7.4311E+00    1.2213E+01   
 1.3983E+02    5.2205E+01    5.9646E+01    2.3774E+01    1.8833E+01    1.8045E+01    7.9062E+01    5.5692E+01    1.7341E+01    4.7567E+00    1.8891E+01    7.2937E+00    1.2178E+01   
 1.4043E+02    5.2209E+01    5.9640E+01    2.3726E+01    1.8848E+01    1.8156E+01    7.9062E+01    5.5755E+01    1.7378E+01    4.7363E+00    1.8851E+01    7.5157E+00    1.2195E+01   
 1.4093E+02    5.2209E+01    5.9629E+01    2.3741E+01    1.8794E+01    1.8250E+01    7.9065E+01    5.5822E+01    1.7378E+01    4.7363E+00    1.8830E+01    7.2884E+00    1.2230E+01   
# Time (s)      T1w (C)       T2w (C)       T1a (C)       T2a (C)       T1r (C)       T2r (C)       T3r (C)       T4r (C)       P1 (bar)      P2 (bar)      Ic (amp)      Qc (l/min)    
 1.4143E+02    5.2211E+01    5.9626E+01    2.3744E+01    1.8779E+01    1.8345E+01    7.9047E+01    5.5892E+01    1.7407E+01    4.7770E+00    1.8871E+01    7.5209E+00    1.2230E+01   
 1.4193E+02    5.2222E+01    5.9603E+01    2.3907E+01    1.8779E+01    1.8345E+01    7.9050E+01    5.5892E+01    1.7429E+01    4.7567E+00    1.8769E+01    7.3042E+00    1.2178E+01   
 1.4250E+02    5.2219E+01    5.9603E+01    2.3990E+01    1.8868E+01    1.8447E+01    7.9052E+01    5.5949E+01    1.7461E+01    4.7567E+00    1.9014E+01    7.3835E+00    1.2161E+01   
 1.4300E+02    5.2217E+01    5.9614E+01    2.4114E+01    1.8799E+01    1.8543E+01    7.9050E+01    5.5993E+01    1.7457E+01    4.7567E+00    1.8851E+01    7.4575E+00    1.2178E+01   
 1.4350E+02    5.2224E+01    5.9587E+01    2.4114E+01    1.8824E+01    1.8625E+01    7.9050E+01    5.6078E+01    1.7457E+01    4.7567E+00    1.8790E+01    7.3624E+00    1.2195E+01   
 1.4400E+02    5.2224E+01    5.9608E+01    2.4219E+01    1.8828E+01    1.8701E+01    7.9019E+01    5.6111E+01    1.7461E+01    4.7770E+00    1.8953E+01    7.4628E+00    1.2213E+01   
 1.4460E+02    5.2222E+01    5.9586E+01    2.4267E+01    1.8799E+01    1.8795E+01    7.9020E+01    5.6184E+01    1.7476E+01    4.7567E+00    1.8769E+01    7.2884E+00    1.2195E+01   
 1.4510E+02    5.2227E+01    5.9574E+01    2.4243E+01    1.8799E+01    1.8795E+01    7.9022E+01    5.6260E+01    1.7515E+01    4.7567E+00    1.8810E+01    7.2831E+00    1.2161E+01   
 1.4560E+02    5.2237E+01    5.9574E+01    2.4243E+01    1.8887E+01    1.8874E+01    7.9055E+01    5.6260E+01    1.7524E+01    4.7770E+00    1.8953E+01    7.2778E+00    1.2213E+01   
 1.4610E+02    5.2221E+01    5.9571E+01    2.4243E+01    1.8837E+01    1.8963E+01    7.9055E+01    5.6335E+01    1.7545E+01    4.7770E+00    1.8728E+01    7.4152E+00    1.2195E+01   
 1.4667E+02    5.2234E+01    5.9574E+01    2.4340E+01    1.8820E+01    1.9050E+01    7.9069E+01    5.6393E+01    1.7545E+01    4.7567E+00    1.8932E+01    7.3095E+00    1.2213E+01   
 1.4717E+02    5.2234E+01    5.9559E+01    2.4333E+01    1.8797E+01    1.9125E+01    7.9099E+01    5.6455E+01    1.7563E+01    4.7567E+00    1.8810E+01    7.3042E+00    1.2178E+01   
 1.4767E+02    5.2228E+01    5.9554E+01    2.4362E+01    1.8797E+01    1.9125E+01    7.9104E+01    5.6528E+01    1.7584E+01    4.7770E+00    1.8790E+01    7.3095E+00    1.2178E+01   
 1.4817E+02    5.2233E+01    5.9554E+01    2.4448E+01    1.8867E+01    1.9216E+01    7.9115E+01    5.6528E+01    1.7587E+01    4.7567E+00    1.8769E+01    7.2778E+00    1.2230E+01   
 1.4877E+02    5.2242E+01    5.9548E+01    2.4514E+01    1.8907E+01    1.9311E+01    7.9141E+01    5.6619E+01    1.7636E+01    4.7567E+00    1.8728E+01    7.4311E+00    1.2143E+01   
 1.4927E+02    5.2231E+01    5.9556E+01    2.4514E+01    1.8899E+01    1.9389E+01    7.9119E+01    5.6680E+01    1.7656E+01    4.7567E+00    1.8810E+01    7.2831E+00    1.2161E+01   
 1.4977E+02    5.2231E+01    5.9545E+01    2.4558E+01    1.8910E+01    1.9446E+01    7.9119E+01    5.6750E+01    1.7656E+01    4.7567E+00    1.8953E+01    7.4311E+00    1.2126E+01   
 1.5027E+02    5.2241E+01    5.9547E+01    2.4611E+01    1.8981E+01    1.9535E+01    7.9113E+01    5.6794E+01    1.7672E+01    4.7770E+00    1.8891E+01    7.2884E+00    1.2143E+01   
 1.5085E+02    5.2256E+01    5.9559E+01    2.4621E+01    1.8997E+01    1.9615E+01    7.9119E+01    5.6849E+01    1.7698E+01    4.7974E+00    1.8749E+01    7.3148E+00    1.2178E+01   
 1.5135E+02    5.2258E+01    5.9559E+01    2.4716E+01    1.9101E+01    1.9615E+01    7.9080E+01    5.6849E+01    1.7694E+01    4.7974E+00    1.8728E+01    7.4892E+00    1.2178E+01   
 1.5185E+02    5.2260E+01    5.9553E+01    2.4783E+01    1.8966E+01    1.9681E+01    7.9079E+01    5.6895E+01    1.7721E+01    4.8178E+00    1.8932E+01    7.3148E+00    1.2178E+01   
 1.5235E+02    5.2270E+01    5.9568E+01    2.4783E+01    1.8920E+01    1.9745E+01    7.9079E+01    5.6936E+01    1.7747E+01    4.8382E+00    1.8953E+01    7.4998E+00    1.2195E+01   
 1.5294E+02    5.2270E+01    5.9558E+01    2.4682E+01    1.8997E+01    1.9810E+01    7.9077E+01    5.6981E+01    1.7747E+01    4.8178E+00    1.8871E+01    7.2990E+00    1.2213E+01   
 1.5344E+02    5.2273E+01    5.9555E+01    2.4641E+01    1.8953E+01    1.9888E+01    7.9064E+01    5.7037E+01    1.7811E+01    4.8178E+00    1.8790E+01    7.4258E+00    1.2161E+01   
 1.5394E+02    5.2270E+01    5.9549E+01    2.4662E+01    1.8953E+01    1.9904E+01    7.9093E+01    5.7103E+01    1.7847E+01    4.8382E+00    1.8749E+01    7.2831E+00    1.2126E+01   
 1.5444E+02    5.2286E+01    5.9549E+01    2.4708E+01    1.9071E+01    1.9956E+01    7.9105E+01    5.7103E+01    1.7870E+01    4.8382E+00    1.8830E+01    7.4364E+00    1.2178E+01   
 1.5501E+02    5.2288E+01    5.9557E+01    2.4807E+01    1.9051E+01    2.0040E+01    7.9129E+01    5.7146E+01    1.7921E+01    4.8585E+00    1.8728E+01    7.3201E+00    1.2195E+01   
 1.5551E+02    5.2280E+01    5.9551E+01    2.4807E+01    1.9025E+01    2.0096E+01    7.9129E+01    5.7199E+01    1.7944E+01    4.8585E+00    1.8749E+01    7.2884E+00    1.2178E+01   
 1.5601E+02    5.2280E+01    5.9551E+01    2.4929E+01    1.9052E+01    2.0176E+01    7.9155E+01    5.7231E+01    1.7959E+01    4.8585E+00    1.8932E+01    7.3307E+00    1.2178E+01   
 1.5651E+02    5.2280E+01    5.9561E+01    2.5027E+01    1.9158E+01    2.0224E+01    7.9169E+01    5.7275E+01    1.7986E+01    4.8789E+00    1.8953E+01    7.3042E+00    1.2126E+01   
# Time (s)      T1w (C)       T2w (C)       T1a (C)       T2a (C)       T1r (C)       T2r (C)       T3r (C)       T4r (C)       P1 (bar)      P2 (bar)      Ic (amp)      Qc (l/min)    
 1.5711E+02    5.2284E+01    5.9560E+01    2.5055E+01    1.9158E+01    2.0224E+01    7.9178E+01    5.7325E+01    1.8027E+01    4.8585E+00    1.8871E+01    7.4258E+00    1.2195E+01   
 1.5761E+02    5.2277E+01    5.9560E+01    2.5068E+01    1.9169E+01    2.0304E+01    7.9178E+01    5.7325E+01    1.8058E+01    4.8585E+00    1.8851E+01    7.2937E+00    1.2178E+01   
 1.5811E+02    5.2282E+01    5.9565E+01    2.4839E+01    1.9202E+01    2.0337E+01    7.9195E+01    5.7375E+01    1.8115E+01    4.8789E+00    1.8769E+01    7.4364E+00    1.2161E+01   
 1.5861E+02    5.2282E+01    5.9573E+01    2.4839E+01    1.9196E+01    2.0405E+01    7.9195E+01    5.7422E+01    1.8115E+01    4.8789E+00    1.8932E+01    7.5738E+00    1.2213E+01   
 1.5918E+02    5.2267E+01    5.9560E+01    2.4783E+01    1.9286E+01    2.0473E+01    7.9235E+01    5.7469E+01    1.8135E+01    4.9196E+00    1.8851E+01    7.5527E+00    1.2178E+01   
 1.5968E+02    5.2262E+01    5.9563E+01    2.4723E+01    1.9286E+01    2.0526E+01    7.9237E+01    5.7465E+01    1.8140E+01    4.8993E+00    1.8891E+01    7.5157E+00    1.2178E+01   
 1.6018E+02    5.2264E+01    5.9565E+01    2.4706E+01    1.9286E+01    2.0526E+01    7.9241E+01    5.7465E+01    1.8166E+01    4.8993E+00    1.8912E+01    7.5579E+00    1.2195E+01   
 1.6068E+02    5.2259E+01    5.9565E+01    2.4705E+01    1.9171E+01    2.0566E+01    7.9216E+01    5.7472E+01    1.8163E+01    4.9196E+00    1.8953E+01    7.5157E+00    1.2195E+01   
 1.6128E+02    5.2289E+01    5.9602E+01    2.4641E+01    1.9251E+01    2.0614E+01    7.9201E+01    5.7487E+01    1.8150E+01    4.8993E+00    1.8851E+01    7.4945E+00    1.2195E+01   
 1.6178E+02    5.2290E+01    5.9608E+01    2.4641E+01    1.9216E+01    2.0673E+01    7.9201E+01    5.7511E+01    1.8188E+01    4.8993E+00    1.8830E+01    7.4047E+00    1.2178E+01   
 1.6228E+02    5.2290E+01    5.9600E+01    2.4501E+01    1.9268E+01    2.0701E+01    7.9169E+01    5.7547E+01    1.8188E+01    4.9400E+00    1.8851E+01    7.4892E+00    1.2195E+01   
 1.6278E+02    5.2304E+01    5.9619E+01    2.4403E+01    1.9268E+01    2.0685E+01    7.9148E+01    5.7546E+01    1.8171E+01    4.9400E+00    1.8973E+01    7.4100E+00    1.2195E+01   
 1.6337E+02    5.2289E+01    5.9621E+01    2.4438E+01    1.9403E+01    2.0741E+01    7.9145E+01    5.7565E+01    1.8189E+01    4.9196E+00    1.8993E+01    7.6055E+00    1.2195E+01   
 1.6387E+02    5.2291E+01    5.9621E+01    2.4505E+01    1.9298E+01    2.0788E+01    7.9141E+01    5.7580E+01    1.8236E+01    4.9196E+00    1.8932E+01    7.3307E+00    1.2230E+01   
 1.6437E+02    5.2301E+01    5.9633E+01    2.4505E+01    1.9382E+01    2.0833E+01    7.9141E+01    5.7563E+01    1.8252E+01    4.9400E+00    1.8993E+01    7.4998E+00    1.2195E+01   
 1.6487E+02    5.2301E+01    5.9635E+01    2.4554E+01    1.9425E+01    2.0868E+01    7.9115E+01    5.7575E+01    1.8252E+01    4.9604E+00    1.8810E+01    7.3201E+00    1.2195E+01   
 1.6546E+02    5.2308E+01    5.9632E+01    2.4536E+01    1.9420E+01    2.0906E+01    7.9113E+01    5.7572E+01    1.8286E+01    4.9400E+00    1.8912E+01    7.5579E+00    1.2161E+01   
 1.6596E+02    5.2313E+01    5.9643E+01    2.4536E+01    1.9404E+01    2.0967E+01    7.9152E+01    5.7588E+01    1.8329E+01    4.9604E+00    1.8871E+01    7.3307E+00    1.2143E+01   
 1.6646E+02    5.2294E+01    5.9660E+01    2.4474E+01    1.9404E+01    2.0967E+01    7.9188E+01    5.7588E+01    1.8325E+01    4.9604E+00    1.8790E+01    7.5579E+00    1.2230E+01   
 1.6696E+02    5.2312E+01    5.9660E+01    2.4427E+01    1.9410E+01    2.1020E+01    7.9223E+01    5.7608E+01    1.8378E+01    4.9808E+00    1.8912E+01    7.3782E+00    1.2195E+01   
 1.6753E+02    5.2316E+01    5.9664E+01    2.4427E+01    1.9449E+01    2.1037E+01    7.9255E+01    5.7599E+01    1.8405E+01    4.9808E+00    1.8871E+01    7.4575E+00    1.2161E+01   
 1.6803E+02    5.2318E+01    5.9668E+01    2.4400E+01    1.9437E+01    2.1055E+01    7.9255E+01    5.7627E+01    1.8405E+01    4.9604E+00    1.8912E+01    7.6108E+00    1.2161E+01   
 1.6853E+02    5.2318E+01    5.9678E+01    2.4320E+01    1.9505E+01    2.1109E+01    7.9255E+01    5.7633E+01    1.8422E+01    5.0011E+00    1.8973E+01    7.4681E+00    1.2213E+01   
 1.6903E+02    5.2307E+01    5.9663E+01    2.4351E+01    1.9489E+01    2.1124E+01    7.9293E+01    5.7642E+01    1.8464E+01    4.9604E+00    1.8912E+01    7.4734E+00    1.2213E+01   
 1.6963E+02    5.2308E+01    5.9667E+01    2.4459E+01    1.9534E+01    2.1157E+01    7.9309E+01    5.7642E+01    1.8493E+01    5.0011E+00    1.8932E+01    7.3941E+00    1.2195E+01   
 1.7013E+02    5.2303E+01    5.9667E+01    2.4496E+01    1.9480E+01    2.1177E+01    7.9331E+01    5.7665E+01    1.8525E+01    4.9808E+00    1.8912E+01    7.5527E+00    1.2195E+01   
 1.7063E+02    5.2316E+01    5.9687E+01    2.4496E+01    1.9483E+01    2.1197E+01    7.9331E+01    5.7692E+01    1.8568E+01    4.9808E+00    1.8830E+01    7.3888E+00    1.2213E+01   
 1.7113E+02    5.2331E+01    5.9694E+01    2.4476E+01    1.9480E+01    2.1205E+01    7.9338E+01    5.7662E+01    1.8552E+01    5.0011E+00    1.8830E+01    7.3994E+00    1.2230E+01   
 1.7170E+02    5.2320E+01    5.9719E+01    2.4524E+01    1.9462E+01    2.1234E+01    7.9363E+01    5.7671E+01    1.8568E+01    4.9808E+00    1.8973E+01    7.3518E+00    1.2195E+01   
 1.7220E+02    5.2332E+01    5.9708E+01    2.4579E+01    1.9462E+01    2.1218E+01    7.9361E+01    5.7663E+01    1.8605E+01    5.0215E+00    1.8912E+01    7.3518E+00    1.2195E+01   
# Time (s)      T1w (C)       T2w (C)       T1a (C)       T2a (C)       T1r (C)       T2r (C)       T3r (C)       T4r (C)       P1 (bar)      P2 (bar)      Ic (amp)      Qc (l/min)    
 1.7270E+02    5.2347E+01    5.9708E+01    2.4615E+01    1.9569E+01    2.1242E+01    7.9364E+01    5.7663E+01    1.8631E+01    5.0011E+00    1.8851E+01    7.4628E+00    1.2161E+01   
 1.7320E+02    5.2359E+01    5.9723E+01    2.4684E+01    1.9448E+01    2.1236E+01    7.9342E+01    5.7648E+01    1.8635E+01    5.0215E+00    1.8953E+01    7.5104E+00    1.2161E+01   
 1.7381E+02    5.2349E+01    5.9740E+01    2.4684E+01    1.9446E+01    2.1263E+01    7.9328E+01    5.7631E+01    1.8634E+01    5.0215E+00    1.8973E+01    7.5315E+00    1.2143E+01   
 1.7431E+02    5.2349E+01    5.9755E+01    2.4661E+01    1.9463E+01    2.1281E+01    7.9330E+01    5.7630E+01    1.8634E+01    5.0215E+00    1.8871E+01    7.4364E+00    1.2178E+01   
 1.7481E+02    5.2359E+01    5.9761E+01    2.4656E+01    1.9466E+01    2.1281E+01    7.9315E+01    5.7637E+01    1.8660E+01    5.0215E+00    1.9034E+01    7.5421E+00    1.2143E+01   
 1.7531E+02    5.2352E+01    5.9754E+01    2.4719E+01    1.9466E+01    2.1281E+01    7.9307E+01    5.7645E+01    1.8717E+01    5.0419E+00    1.9034E+01    7.4470E+00    1.2178E+01   
 1.7588E+02    5.2351E+01    5.9754E+01    2.4712E+01    1.9547E+01    2.1317E+01    7.9323E+01    5.7645E+01    1.8731E+01    5.0215E+00    1.8891E+01    7.5579E+00    1.2161E+01   
 1.7638E+02    5.2368E+01    5.9751E+01    2.4791E+01    1.9567E+01    2.1340E+01    7.9356E+01    5.7667E+01    1.8759E+01    5.0419E+00    1.8891E+01    7.6055E+00    1.2161E+01   
 1.7688E+02    5.2328E+01    5.9762E+01    2.4775E+01    1.9543E+01    2.1359E+01    7.9356E+01    5.7678E+01    1.8778E+01    5.0419E+00    1.9055E+01    7.3941E+00    1.2126E+01   
 1.7738E+02    5.2328E+01    5.9757E+01    2.4747E+01    1.9514E+01    2.1379E+01    7.9383E+01    5.7682E+01    1.8778E+01    5.0623E+00    1.8871E+01    7.5949E+00    1.2213E+01   
 1.7797E+02    5.2348E+01    5.9757E+01    2.4697E+01    1.9503E+01    2.1382E+01    7.9398E+01    5.7698E+01    1.8799E+01    5.0623E+00    1.8993E+01    7.4945E+00    1.2161E+01   
 1.7847E+02    5.2366E+01    5.9766E+01    2.4685E+01    1.9503E+01    2.1382E+01    7.9420E+01    5.7710E+01    1.8818E+01    5.0419E+00    1.9075E+01    7.5104E+00    1.2178E+01   
 1.7897E+02    5.2339E+01    5.9766E+01    2.4696E+01    1.9561E+01    2.1396E+01    7.9424E+01    5.7696E+01    1.8825E+01    5.0623E+00    1.8993E+01    7.4998E+00    1.2230E+01   
 1.7948E+02    5.2371E+01    5.9779E+01    2.4696E+01    1.9582E+01    2.1405E+01    7.9428E+01    5.7665E+01    1.8856E+01    5.0419E+00    1.8993E+01    7.4892E+00    1.2213E+01   
 1.8005E+02    5.2359E+01    5.9769E+01    2.4762E+01    1.9482E+01    2.1403E+01    7.9428E+01    5.7686E+01    1.8849E+01    5.0623E+00    1.8932E+01    7.3730E+00    1.2213E+01   
 1.8055E+02    5.2359E+01    5.9786E+01    2.4708E+01    1.9624E+01    2.1418E+01    7.9437E+01    5.7721E+01    1.8849E+01    5.0623E+00    1.8973E+01    7.4364E+00    1.2178E+01   
 1.8105E+02    5.2347E+01    5.9792E+01    2.4743E+01    1.9624E+01    2.1402E+01    7.9446E+01    5.7712E+01    1.8859E+01    5.0419E+00    1.8912E+01    7.3730E+00    1.2230E+01   
 1.8155E+02    5.2357E+01    5.9802E+01    2.4780E+01    1.9596E+01    2.1410E+01    7.9460E+01    5.7712E+01    1.8874E+01    5.0623E+00    1.8953E+01    7.4575E+00    1.2230E+01   
 1.8214E+02    5.2350E+01    5.9802E+01    2.4721E+01    1.9573E+01    2.1386E+01    7.9457E+01    5.7694E+01    1.8876E+01    5.1030E+00    1.9095E+01    7.3941E+00    1.2230E+01   
 1.8264E+02    5.2344E+01    5.9809E+01    2.4638E+01    1.9628E+01    2.1404E+01    7.9444E+01    5.7680E+01    1.8884E+01    5.0623E+00    1.9116E+01    7.6002E+00    1.2213E+01   
 1.8314E+02    5.2340E+01    5.9809E+01    2.4638E+01    1.9591E+01    2.1378E+01    7.9444E+01    5.7665E+01    1.8884E+01    5.0826E+00    1.9014E+01    7.3835E+00    1.2195E+01   
 1.8364E+02    5.2340E+01    5.9822E+01    2.4595E+01    1.9658E+01    2.1379E+01    7.9413E+01    5.7686E+01    1.8895E+01    5.0623E+00    1.8932E+01    7.6161E+00    1.2126E+01   
 1.8423E+02    5.2350E+01    5.9843E+01    2.4586E+01    1.9703E+01    2.1328E+01    7.9369E+01    5.7687E+01    1.8915E+01    5.0419E+00    1.8993E+01    7.5474E+00    1.2161E+01   
 1.8473E+02    5.2361E+01    5.9852E+01    2.4576E+01    1.9703E+01    2.1328E+01    7.9343E+01    5.7682E+01    1.8917E+01    5.0215E+00    1.8932E+01    7.4787E+00    1.2195E+01   
 1.8523E+02    5.2347E+01    5.9852E+01    2.4550E+01    1.9749E+01    2.1297E+01    7.9337E+01    5.7682E+01    1.8935E+01    5.0215E+00    1.8932E+01    7.5368E+00    1.2213E+01   
 1.8573E+02    5.2352E+01    5.9852E+01    2.4550E+01    1.9695E+01    2.1240E+01    7.9337E+01    5.7699E+01    1.8950E+01    5.0011E+00    1.9014E+01    7.4575E+00    1.2178E+01   
 1.8631E+02    5.2370E+01    5.9861E+01    2.4522E+01    1.9825E+01    2.1176E+01    7.9315E+01    5.7695E+01    1.8978E+01    5.0419E+00    1.9116E+01    7.5421E+00    1.2213E+01   
 1.8681E+02    5.2370E+01    5.9875E+01    2.4463E+01    1.9788E+01    2.1057E+01    7.9323E+01    5.7730E+01    1.8978E+01    5.0419E+00    1.9014E+01    7.3782E+00    1.2230E+01   
 1.8731E+02    5.2387E+01    5.9893E+01    2.4444E+01    1.9804E+01    2.1057E+01    7.9346E+01    5.7730E+01    1.9017E+01    5.0419E+00    1.8953E+01    7.5262E+00    1.2161E+01   
 1.8781E+02    5.2377E+01    5.9880E+01    2.4383E+01    1.9732E+01    2.0871E+01    7.9371E+01    5.7730E+01    1.9025E+01    5.0623E+00    1.8932E+01    7.3782E+00    1.2195E+01   
# Time (s)      T1w (C)       T2w (C)       T1a (C)       T2a (C)       T1r (C)       T2r (C)       T3r (C)       T4r (C)       P1 (bar)      P2 (bar)      Ic (amp)      Qc (l/min)    
 1.8838E+02    5.2373E+01    5.9865E+01    2.4323E+01    1.9723E+01    2.0568E+01    7.9358E+01    5.7747E+01    1.9055E+01    5.0419E+00    1.8912E+01    7.6267E+00    1.2230E+01   
 1.8888E+02    5.2374E+01    5.9865E+01    2.4323E+01    1.9764E+01    2.0155E+01    7.9358E+01    5.7764E+01    1.9072E+01    5.0826E+00    1.8932E+01    7.5791E+00    1.2213E+01   
 1.8938E+02    5.2379E+01    5.9864E+01    2.4293E+01    1.9878E+01    1.9815E+01    7.9353E+01    5.7777E+01    1.9072E+01    5.0419E+00    1.9055E+01    7.6478E+00    1.2195E+01   
 1.8988E+02    5.2379E+01    5.9848E+01    2.4309E+01    1.9822E+01    1.9558E+01    7.9331E+01    5.7782E+01    1.9096E+01    5.0826E+00    1.9034E+01    7.6637E+00    1.2178E+01   
 1.9047E+02    5.2357E+01    5.9849E+01    2.4265E+01    1.9806E+01    1.9558E+01    7.9301E+01    5.7789E+01    1.9138E+01    5.0826E+00    1.8953E+01    7.6214E+00    1.2213E+01   
 1.9097E+02    5.2328E+01    5.9826E+01    2.4164E+01    1.9833E+01    1.9330E+01    7.9265E+01    5.7789E+01    1.9161E+01    5.0826E+00    1.9055E+01    7.3994E+00    1.2178E+01   
 1.9147E+02    5.2339E+01    5.9826E+01    2.4130E+01    1.9827E+01    1.9122E+01    7.9213E+01    5.7795E+01    1.9155E+01    5.0826E+00    1.9075E+01    7.4258E+00    1.2178E+01   
 1.9197E+02    5.2338E+01    5.9826E+01    2.4130E+01    1.9837E+01    1.8918E+01    7.9199E+01    5.7745E+01    1.9138E+01    5.0623E+00    1.9177E+01    7.4047E+00    1.2178E+01   
 1.9255E+02    5.2347E+01    5.9844E+01    2.4111E+01    1.9781E+01    1.8744E+01    7.9155E+01    5.7718E+01    1.9138E+01    5.0419E+00    1.8993E+01    7.4205E+00    1.2213E+01   
 1.9305E+02    5.2347E+01    5.9861E+01    2.4040E+01    1.9776E+01    1.8573E+01    7.9111E+01    5.7699E+01    1.9115E+01    5.0623E+00    1.8993E+01    7.6055E+00    1.2213E+01   
 1.9355E+02    5.2345E+01    5.9870E+01    2.4003E+01    1.9776E+01    1.8573E+01    7.9091E+01    5.7668E+01    1.9108E+01    5.0419E+00    1.9218E+01    7.4417E+00    1.2247E+01   
 1.9405E+02    5.2354E+01    5.9870E+01    2.3996E+01    1.9774E+01    1.8433E+01    7.9052E+01    5.7668E+01    1.9062E+01    5.0419E+00    1.9238E+01    7.6531E+00    1.2230E+01   
 1.9464E+02    5.2333E+01    5.9894E+01    2.4025E+01    1.9902E+01    1.8288E+01    7.9040E+01    5.7635E+01    1.9057E+01    5.0623E+00    1.9055E+01    7.5738E+00    1.2247E+01   
 1.9514E+02    5.2356E+01    5.9898E+01    2.4025E+01    1.9799E+01    1.8155E+01    7.9040E+01    5.7574E+01    1.9017E+01    5.0419E+00    1.9095E+01    7.5051E+00    1.2143E+01   
 1.9564E+02    5.2356E+01    5.9930E+01    2.4045E+01    1.9788E+01    1.8052E+01    7.9017E+01    5.7528E+01    1.9017E+01    5.0623E+00    1.9238E+01    7.5897E+00    1.2195E+01   
 1.9614E+02    5.2354E+01    5.9946E+01    2.4091E+01    1.9788E+01    1.8068E+01    7.9005E+01    5.7486E+01    1.9005E+01    5.0419E+00    1.9095E+01    7.4998E+00    1.2178E+01   
 1.9672E+02    5.2349E+01    5.9964E+01    2.4104E+01    1.9774E+01    1.7933E+01    7.9003E+01    5.7438E+01    1.8970E+01    5.0419E+00    1.9279E+01    7.7112E+00    1.2143E+01   
 1.9722E+02    5.2358E+01    5.9964E+01    2.4083E+01    1.9784E+01    1.7839E+01    7.9013E+01    5.7438E+01    1.8918E+01    5.0419E+00    1.9075E+01    7.4311E+00    1.2195E+01   
 1.9772E+02    5.2363E+01    5.9974E+01    2.4083E+01    1.9712E+01    1.7727E+01    7.9013E+01    5.7378E+01    1.8893E+01    5.0419E+00    1.9259E+01    7.5421E+00    1.2213E+01   
 1.9822E+02    5.2353E+01    6.0000E+01    2.4082E+01    1.9664E+01    1.7631E+01    7.9012E+01    5.7318E+01    1.8843E+01    5.0419E+00    1.9320E+01    7.4311E+00    1.2213E+01   
 1.9881E+02    5.2353E+01    6.0015E+01    2.4097E+01    1.9685E+01    1.7541E+01    7.9018E+01    5.7255E+01    1.8843E+01    5.0215E+00    1.9157E+01    7.4364E+00    1.2178E+01   
 1.9931E+02    5.2361E+01    6.0037E+01    2.4154E+01    1.9685E+01    1.7541E+01    7.9057E+01    5.7203E+01    1.8790E+01    5.0215E+00    1.9177E+01    7.5157E+00    1.2230E+01   
 1.9981E+02    5.2364E+01    6.0040E+01    2.4230E+01    1.9695E+01    1.7455E+01    7.9105E+01    5.7109E+01    1.8754E+01    5.0011E+00    1.9279E+01    7.4417E+00    1.2230E+01   
 2.0031E+02    5.2353E+01    6.0040E+01    2.4289E+01    1.9678E+01    1.7327E+01    7.9123E+01    5.7094E+01    1.8673E+01    5.0011E+00    1.9218E+01    7.7059E+00    1.2213E+01   
 2.0089E+02    5.2346E+01    6.0040E+01    2.4289E+01    1.9685E+01    1.7271E+01    7.9125E+01    5.7030E+01    1.8630E+01    4.9808E+00    1.9136E+01    7.6425E+00    1.2195E+01   
 2.0139E+02    5.2351E+01    6.0045E+01    2.4228E+01    1.9637E+01    1.7186E+01    7.9125E+01    5.6960E+01    1.8573E+01    4.9808E+00    1.9116E+01    7.4522E+00    1.2178E+01   
 2.0189E+02    5.2351E+01    6.0052E+01    2.4224E+01    1.9565E+01    1.7119E+01    7.9139E+01    5.6906E+01    1.8573E+01    4.9808E+00    1.9320E+01    7.6531E+00    1.2126E+01   
 2.0239E+02    5.2365E+01    6.0064E+01    2.4185E+01    1.9565E+01    1.7119E+01    7.9156E+01    5.6856E+01    1.8520E+01    4.9604E+00    1.9116E+01    7.4152E+00    1.2178E+01   
 2.0298E+02    5.2369E+01    6.0074E+01    2.4198E+01    1.9596E+01    1.7034E+01    7.9176E+01    5.6748E+01    1.8490E+01    4.9808E+00    1.9320E+01    7.6901E+00    1.2143E+01   
 2.0348E+02    5.2365E+01    6.0074E+01    2.4182E+01    1.9558E+01    1.6968E+01    7.9199E+01    5.6748E+01    1.8434E+01    4.9604E+00    1.9279E+01    7.5579E+00    1.2213E+01   
# Time (s)      T1w (C)       T2w (C)       T1a (C)       T2a (C)       T1r (C)       T2r (C)       T3r (C)       T4r (C)       P1 (bar)      P2 (bar)      Ic (amp)      Qc (l/min)    
 2.0398E+02    5.2363E+01    6.0078E+01    2.4182E+01    1.9599E+01    1.6895E+01    7.9199E+01    5.6691E+01    1.8371E+01    4.9604E+00    1.9157E+01    7.6954E+00    1.2178E+01   
 2.0448E+02    5.2359E+01    6.0078E+01    2.4184E+01    1.9502E+01    1.6850E+01    7.9225E+01    5.6634E+01    1.8387E+01    4.9604E+00    1.9197E+01    7.5738E+00    1.2178E+01   
 2.0509E+02    5.2359E+01    6.0091E+01    2.4164E+01    1.9519E+01    1.6787E+01    7.9253E+01    5.6570E+01    1.8349E+01    4.9604E+00    1.9361E+01    7.4628E+00    1.2195E+01   
 2.0559E+02    5.2357E+01    6.0095E+01    2.4147E+01    1.9519E+01    1.6738E+01    7.9272E+01    5.6497E+01    1.8284E+01    4.9400E+00    1.9116E+01    7.4417E+00    1.2213E+01   
 2.0609E+02    5.2370E+01    6.0103E+01    2.4092E+01    1.9491E+01    1.6738E+01    7.9294E+01    5.6422E+01    1.8235E+01    4.9400E+00    1.9177E+01    7.4470E+00    1.2195E+01   
 2.0659E+02    5.2361E+01    6.0103E+01    2.4058E+01    1.9423E+01    1.6697E+01    7.9308E+01    5.6422E+01    1.8162E+01    4.9196E+00    1.9320E+01    7.4470E+00    1.2195E+01   
 2.0717E+02    5.2361E+01    6.0099E+01    2.4058E+01    1.9427E+01    1.6653E+01    7.9338E+01    5.6350E+01    1.8116E+01    4.8993E+00    1.9218E+01    7.6795E+00    1.2213E+01   
 2.0768E+02    5.2370E+01    6.0105E+01    2.4067E+01    1.9393E+01    1.6624E+01    7.9338E+01    5.6298E+01    1.8061E+01    4.8993E+00    1.9259E+01    7.5421E+00    1.2230E+01   
 2.0818E+02    5.2370E+01    6.0107E+01    2.4058E+01    1.9316E+01    1.6587E+01    7.9349E+01    5.6206E+01    1.8061E+01    4.8993E+00    1.9136E+01    7.6742E+00    1.2178E+01   
 2.0868E+02    5.2360E+01    6.0105E+01    2.4084E+01    1.9316E+01    1.6587E+01    7.9369E+01    5.6138E+01    1.8002E+01    4.8993E+00    1.9157E+01    7.5421E+00    1.2195E+01   
 2.0925E+02    5.2371E+01    6.0109E+01    2.4106E+01    1.9287E+01    1.6556E+01    7.9412E+01    5.6097E+01    1.7967E+01    4.8789E+00    1.9340E+01    7.4258E+00    1.2195E+01   
 2.0976E+02    5.2381E+01    6.0109E+01    2.4087E+01    1.9266E+01    1.6548E+01    7.9428E+01    5.6097E+01    1.7912E+01    4.8789E+00    1.9279E+01    7.4681E+00    1.2230E+01   
 2.1026E+02    5.2374E+01    6.0089E+01    2.4087E+01    1.9169E+01    1.6537E+01    7.9442E+01    5.6029E+01    1.7880E+01    4.8789E+00    1.9157E+01    7.4152E+00    1.2195E+01   
 2.1076E+02    5.2378E+01    6.0086E+01    2.4093E+01    1.9203E+01    1.6527E+01    7.9480E+01    5.5957E+01    1.7880E+01    4.8382E+00    1.9136E+01    7.6478E+00    1.2178E+01   
 2.1133E+02    5.2378E+01    6.0097E+01    2.4095E+01    1.9130E+01    1.6537E+01    7.9475E+01    5.5908E+01    1.7835E+01    4.8382E+00    1.9177E+01    7.6372E+00    1.2143E+01   
 2.1183E+02    5.2385E+01    6.0092E+01    2.4110E+01    1.9130E+01    1.6537E+01    7.9470E+01    5.5847E+01    1.7776E+01    4.8585E+00    1.9136E+01    7.4470E+00    1.2161E+01   
 2.1233E+02    5.2401E+01    6.0094E+01    2.4097E+01    1.9147E+01    1.6555E+01    7.9473E+01    5.5861E+01    1.7746E+01    4.8382E+00    1.9381E+01    7.6319E+00    1.2178E+01   
 2.1283E+02    5.2388E+01    6.0094E+01    2.4097E+01    1.9056E+01    1.6562E+01    7.9478E+01    5.5806E+01    1.7691E+01    4.8178E+00    1.9340E+01    7.4258E+00    1.2195E+01   
 2.1342E+02    5.2393E+01    6.0087E+01    2.4162E+01    1.9092E+01    1.6607E+01    7.9478E+01    5.5765E+01    1.7633E+01    4.8382E+00    1.9320E+01    7.6584E+00    1.2230E+01   
 2.1392E+02    5.2387E+01    6.0092E+01    2.4199E+01    1.9010E+01    1.6645E+01    7.9458E+01    5.5732E+01    1.7633E+01    4.7974E+00    1.9218E+01    7.3835E+00    1.2230E+01   
 2.1442E+02    5.2387E+01    6.0081E+01    2.4180E+01    1.8964E+01    1.6715E+01    7.9452E+01    5.5699E+01    1.7594E+01    4.7974E+00    1.9136E+01    7.6425E+00    1.2213E+01   
 2.1492E+02    5.2412E+01    6.0076E+01    2.4089E+01    1.8964E+01    1.6715E+01    7.9439E+01    5.5672E+01    1.7541E+01    4.8178E+00    1.9095E+01    7.3677E+00    1.2230E+01   
 2.1550E+02    5.2409E+01    6.0067E+01    2.4072E+01    1.8990E+01    1.6788E+01    7.9445E+01    5.5687E+01    1.7515E+01    4.7770E+00    1.9279E+01    7.3571E+00    1.2161E+01   
 2.1600E+02    5.2404E+01    6.0067E+01    2.4060E+01    1.9002E+01    1.6858E+01    7.9445E+01    5.5650E+01    1.7496E+01    4.7974E+00    1.9116E+01    7.3730E+00    1.2195E+01   
 2.1650E+02    5.2416E+01    6.0063E+01    2.4060E+01    1.8985E+01    1.6938E+01    7.9445E+01    5.5619E+01    1.7467E+01    4.7770E+00    1.9340E+01    7.4364E+00    1.2178E+01   
 2.1700E+02    5.2416E+01    6.0058E+01    2.4058E+01    1.8921E+01    1.7025E+01    7.9431E+01    5.5605E+01    1.7467E+01    4.7770E+00    1.9279E+01    7.6214E+00    1.2213E+01   
 2.1759E+02    5.2417E+01    6.0039E+01    2.3973E+01    1.8827E+01    1.7115E+01    7.9440E+01    5.5619E+01    1.7443E+01    4.7770E+00    1.9197E+01    7.3677E+00    1.2213E+01   
 2.1809E+02    5.2423E+01    6.0025E+01    2.3903E+01    1.8827E+01    1.7115E+01    7.9439E+01    5.5593E+01    1.7418E+01    4.7770E+00    1.9075E+01    7.5791E+00    1.2195E+01   
 2.1859E+02    5.2420E+01    6.0025E+01    2.3906E+01    1.8871E+01    1.7212E+01    7.9445E+01    5.5593E+01    1.7383E+01    4.7567E+00    1.8993E+01    7.3782E+00    1.2195E+01   
 2.1909E+02    5.2425E+01    6.0020E+01    2.3906E+01    1.8760E+01    1.7295E+01    7.9445E+01    5.5603E+01    1.7358E+01    4.7567E+00    1.8973E+01    7.5262E+00    1.2161E+01   
# Time (s)      T1w (C)       T2w (C)       T1a (C)       T2a (C)       T1r (C)       T2r (C)       T3r (C)       T4r (C)       P1 (bar)      P2 (bar)      Ic (amp)      Qc (l/min)    
 2.1966E+02    5.2415E+01    5.9990E+01    2.3990E+01    1.8791E+01    1.7403E+01    7.9431E+01    5.5603E+01    1.7333E+01    4.7567E+00    1.8973E+01    7.3465E+00    1.2213E+01   
 2.2016E+02    5.2415E+01    5.9992E+01    2.4038E+01    1.8658E+01    1.7495E+01    7.9422E+01    5.5643E+01    1.7333E+01    4.7567E+00    1.8973E+01    7.3360E+00    1.2195E+01   
 2.2066E+02    5.2428E+01    5.9964E+01    2.4067E+01    1.8658E+01    1.7495E+01    7.9417E+01    5.5664E+01    1.7324E+01    4.7770E+00    1.9197E+01    7.3360E+00    1.2230E+01   
 2.2116E+02    5.2424E+01    5.9960E+01    2.4115E+01    1.8707E+01    1.7595E+01    7.9416E+01    5.5704E+01    1.7309E+01    4.7567E+00    1.9095E+01    7.3571E+00    1.2195E+01   
 2.2176E+02    5.2424E+01    5.9945E+01    2.4026E+01    1.8751E+01    1.7702E+01    7.9431E+01    5.5704E+01    1.7302E+01    4.7363E+00    1.8993E+01    7.3148E+00    1.2213E+01   
 2.2226E+02    5.2426E+01    5.9945E+01    2.4026E+01    1.8767E+01    1.7816E+01    7.9455E+01    5.5775E+01    1.7320E+01    4.7363E+00    1.8953E+01    7.4575E+00    1.2230E+01   
 2.2276E+02    5.2424E+01    5.9919E+01    2.3924E+01    1.8793E+01    1.7914E+01    7.9455E+01    5.5803E+01    1.7337E+01    4.7974E+00    1.8912E+01    7.3201E+00    1.2178E+01   
 2.2326E+02    5.2424E+01    5.9903E+01    2.3857E+01    1.8733E+01    1.8010E+01    7.9483E+01    5.5846E+01    1.7337E+01    4.7770E+00    1.9014E+01    7.4892E+00    1.2178E+01   
 2.2385E+02    5.2429E+01    5.9896E+01    2.3851E+01    1.8795E+01    1.8126E+01    7.9473E+01    5.5914E+01    1.7355E+01    4.7567E+00    1.8851E+01    7.3994E+00    1.2161E+01   
 2.2435E+02    5.2429E+01    5.9868E+01    2.3838E+01    1.8795E+01    1.8126E+01    7.9477E+01    5.5969E+01    1.7395E+01    4.7770E+00    1.8891E+01    7.5738E+00    1.2230E+01   
 2.2485E+02    5.2438E+01    5.9868E+01    2.3874E+01    1.8688E+01    1.8215E+01    7.9473E+01    5.5969E+01    1.7409E+01    4.7567E+00    1.9095E+01    7.4258E+00    1.2143E+01   
 2.2535E+02    5.2426E+01    5.9867E+01    2.3874E+01    1.8728E+01    1.8308E+01    7.9473E+01    5.6023E+01    1.7436E+01    4.7567E+00    1.9116E+01    7.5844E+00    1.2178E+01   
 2.2594E+02    5.2425E+01    5.9844E+01    2.3896E+01    1.8622E+01    1.8407E+01    7.9449E+01    5.6069E+01    1.7469E+01    4.7567E+00    1.8953E+01    7.3730E+00    1.2161E+01   
 2.2644E+02    5.2440E+01    5.9850E+01    2.3925E+01    1.8716E+01    1.8481E+01    7.9413E+01    5.6113E+01    1.7453E+01    4.7770E+00    1.8912E+01    7.2884E+00    1.2195E+01   
 2.2694E+02    5.2443E+01    5.9838E+01    2.3942E+01    1.8716E+01    1.8481E+01    7.9380E+01    5.6208E+01    1.7470E+01    4.7770E+00    1.8871E+01    7.3624E+00    1.2195E+01   
 2.2744E+02    5.2439E+01    5.9845E+01    2.3956E+01    1.8743E+01    1.8577E+01    7.9368E+01    5.6282E+01    1.7521E+01    4.7770E+00    1.8912E+01    7.3254E+00    1.2195E+01   
 2.2802E+02    5.2462E+01    5.9845E+01    2.3937E+01    1.8722E+01    1.8670E+01    7.9354E+01    5.6282E+01    1.7540E+01    4.7770E+00    1.8932E+01    7.3148E+00    1.2247E+01   
 2.2852E+02    5.2451E+01    5.9831E+01    2.3937E+01    1.8676E+01    1.8758E+01    7.9368E+01    5.6350E+01    1.7589E+01    4.7974E+00    1.9014E+01    7.3148E+00    1.2178E+01   
 2.2902E+02    5.2458E+01    5.9828E+01    2.3950E+01    1.8733E+01    1.8854E+01    7.9367E+01    5.6400E+01    1.7587E+01    4.7974E+00    1.9014E+01    7.3201E+00    1.2195E+01   
 2.2952E+02    5.2458E+01    5.9816E+01    2.4021E+01    1.8725E+01    1.8947E+01    7.9375E+01    5.6462E+01    1.7603E+01    4.7567E+00    1.9034E+01    7.3518E+00    1.2213E+01   
 2.3010E+02    5.2451E+01    5.9805E+01    2.4029E+01    1.8725E+01    1.8947E+01    7.9375E+01    5.6521E+01    1.7625E+01    4.7974E+00    1.9095E+01    7.3148E+00    1.2161E+01   
 2.3060E+02    5.2451E+01    5.9791E+01    2.3993E+01    1.8871E+01    1.9058E+01    7.9390E+01    5.6602E+01    1.7647E+01    4.7567E+00    1.9075E+01    7.5738E+00    1.2195E+01   
 2.3110E+02    5.2449E+01    5.9791E+01    2.3865E+01    1.8906E+01    1.9136E+01    7.9367E+01    5.6602E+01    1.7653E+01    4.7567E+00    1.8891E+01    7.3095E+00    1.2213E+01   
 2.3160E+02    5.2448E+01    5.9792E+01    2.3865E+01    1.8903E+01    1.9215E+01    7.9381E+01    5.6687E+01    1.7683E+01    4.7770E+00    1.8830E+01    7.4205E+00    1.2230E+01   
 2.3218E+02    5.2462E+01    5.9786E+01    2.3792E+01    1.8871E+01    1.9297E+01    7.9372E+01    5.6749E+01    1.7654E+01    4.7974E+00    1.8912E+01    7.3201E+00    1.2161E+01   
 2.3268E+02    5.2462E+01    5.9779E+01    2.3769E+01    1.8871E+01    1.9373E+01    7.9364E+01    5.6817E+01    1.7654E+01    4.7974E+00    1.8851E+01    7.2990E+00    1.2213E+01   
 2.3318E+02    5.2459E+01    5.9772E+01    2.3832E+01    1.8871E+01    1.9373E+01    7.9346E+01    5.6846E+01    1.7656E+01    4.7770E+00    1.8993E+01    7.3148E+00    1.2143E+01   
 2.3368E+02    5.2475E+01    5.9783E+01    2.3893E+01    1.8945E+01    1.9433E+01    7.9329E+01    5.6831E+01    1.7651E+01    4.7974E+00    1.9014E+01    7.3042E+00    1.2178E+01   
 2.3427E+02    5.2486E+01    5.9783E+01    2.3886E+01    1.8979E+01    1.9495E+01    7.9294E+01    5.6905E+01    1.7623E+01    4.7974E+00    1.9014E+01    7.4100E+00    1.2195E+01   
 2.3477E+02    5.2492E+01    5.9797E+01    2.3902E+01    1.9015E+01    1.9546E+01    7.9294E+01    5.6963E+01    1.7643E+01    4.7974E+00    1.8993E+01    7.3201E+00    1.2195E+01   
# Time (s)      T1w (C)       T2w (C)       T1a (C)       T2a (C)       T1r (C)       T2r (C)       T3r (C)       T4r (C)       P1 (bar)      P2 (bar)      Ic (amp)      Qc (l/min)    
 2.3527E+02    5.2494E+01    5.9797E+01    2.3855E+01    1.9023E+01    1.9607E+01    7.9237E+01    5.7025E+01    1.7627E+01    4.7974E+00    1.8871E+01    7.4100E+00    1.2195E+01   
 2.3577E+02    5.2508E+01    5.9800E+01    2.3833E+01    1.9039E+01    1.9666E+01    7.9226E+01    5.7076E+01    1.7635E+01    4.7974E+00    1.8851E+01    7.2937E+00    1.2247E+01   
 2.3637E+02    5.2489E+01    5.9805E+01    2.3818E+01    1.8988E+01    1.9666E+01    7.9223E+01    5.7150E+01    1.7628E+01    4.8178E+00    1.8851E+01    7.3042E+00    1.2247E+01   
 2.3687E+02    5.2508E+01    5.9796E+01    2.3807E+01    1.9055E+01    1.9741E+01    7.9234E+01    5.7177E+01    1.7667E+01    4.8382E+00    1.8871E+01    7.3042E+00    1.2247E+01   
 2.3737E+02    5.2508E+01    5.9796E+01    2.3807E+01    1.9055E+01    1.9811E+01    7.9260E+01    5.7192E+01    1.7677E+01    4.7974E+00    1.8993E+01    7.3254E+00    1.2195E+01   
 2.3787E+02    5.2513E+01    5.9799E+01    2.3790E+01    1.9072E+01    1.9863E+01    7.9260E+01    5.7244E+01    1.7690E+01    4.8178E+00    1.8973E+01    7.3095E+00    1.2213E+01   
 2.3846E+02    5.2491E+01    5.9774E+01    2.3798E+01    1.9064E+01    1.9940E+01    7.9260E+01    5.7300E+01    1.7726E+01    4.8382E+00    1.8851E+01    7.4047E+00    1.2161E+01   
 2.3896E+02    5.2491E+01    5.9767E+01    2.3787E+01    1.9101E+01    1.9993E+01    7.9274E+01    5.7320E+01    1.7726E+01    4.8382E+00    1.8871E+01    7.3201E+00    1.2213E+01   
 2.3946E+02    5.2492E+01    5.9764E+01    2.3769E+01    1.9101E+01    1.9993E+01    7.9271E+01    5.7375E+01    1.7767E+01    4.8789E+00    1.8830E+01    7.4152E+00    1.2230E+01   
 2.3996E+02    5.2483E+01    5.9764E+01    2.3761E+01    1.9117E+01    2.0056E+01    7.9248E+01    5.7375E+01    1.7830E+01    4.8585E+00    1.8912E+01    7.3307E+00    1.2195E+01   
 2.4054E+02    5.2478E+01    5.9764E+01    2.3769E+01    1.9069E+01    2.0099E+01    7.9233E+01    5.7392E+01    1.7843E+01    4.8585E+00    1.8953E+01    7.5844E+00    1.2213E+01   
 2.4104E+02    5.2499E+01    5.9771E+01    2.3769E+01    1.9064E+01    2.0161E+01    7.9233E+01    5.7438E+01    1.7860E+01    4.8585E+00    1.8993E+01    7.4945E+00    1.2178E+01   
 2.4154E+02    5.2484E+01    5.9752E+01    2.3745E+01    1.9066E+01    2.0193E+01    7.9211E+01    5.7430E+01    1.7844E+01    4.8993E+00    1.8851E+01    7.3941E+00    1.2213E+01   
 2.4204E+02    5.2471E+01    5.9755E+01    2.3742E+01    1.9066E+01    2.0193E+01    7.9216E+01    5.7475E+01    1.7882E+01    4.8789E+00    1.8912E+01    7.4787E+00    1.2195E+01   
 2.4263E+02    5.2474E+01    5.9753E+01    2.3748E+01    1.9134E+01    2.0240E+01    7.9209E+01    5.7490E+01    1.7908E+01    4.8993E+00    1.8891E+01    7.5474E+00    1.2213E+01   
 2.4313E+02    5.2487E+01    5.9773E+01    2.3742E+01    1.9091E+01    2.0289E+01    7.9237E+01    5.7490E+01    1.7935E+01    4.8993E+00    1.8871E+01    7.3518E+00    1.2195E+01   
 2.4363E+02    5.2454E+01    5.9758E+01    2.3727E+01    1.9176E+01    2.0336E+01    7.9237E+01    5.7519E+01    1.7971E+01    4.8993E+00    1.8912E+01    7.5421E+00    1.2247E+01   
 2.4413E+02    5.2470E+01    5.9750E+01    2.3708E+01    1.9154E+01    2.0389E+01    7.9252E+01    5.7553E+01    1.7990E+01    4.9196E+00    1.9034E+01    7.3518E+00    1.2178E+01   
 2.4470E+02    5.2467E+01    5.9760E+01    2.3673E+01    1.9158E+01    2.0448E+01    7.9300E+01    5.7574E+01    1.8006E+01    4.8993E+00    1.9075E+01    7.3412E+00    1.2143E+01   
 2.4520E+02    5.2467E+01    5.9757E+01    2.3635E+01    1.9158E+01    2.0483E+01    7.9313E+01    5.7568E+01    1.8025E+01    4.8993E+00    1.8973E+01    7.3518E+00    1.2178E+01   
 2.4571E+02    5.2477E+01    5.9760E+01    2.3614E+01    1.9183E+01    2.0483E+01    7.9309E+01    5.7595E+01    1.8056E+01    4.9196E+00    1.9034E+01    7.5262E+00    1.2195E+01   
 2.4621E+02    5.2462E+01    5.9760E+01    2.3580E+01    1.9181E+01    2.0543E+01    7.9305E+01    5.7595E+01    1.8088E+01    4.8993E+00    1.8891E+01    7.5315E+00    1.2161E+01   
 2.4680E+02    5.2470E+01    5.9764E+01    2.3580E+01    1.9216E+01    2.0594E+01    7.9298E+01    5.7644E+01    1.8112E+01    4.9196E+00    1.8912E+01    7.3360E+00    1.2195E+01   
 2.4730E+02    5.2482E+01    5.9783E+01    2.3653E+01    1.9256E+01    2.0612E+01    7.9298E+01    5.7637E+01    1.8128E+01    4.9400E+00    1.8891E+01    7.3412E+00    1.2230E+01   
 2.4780E+02    5.2482E+01    5.9781E+01    2.3752E+01    1.9277E+01    2.0656E+01    7.9272E+01    5.7664E+01    1.8128E+01    4.9604E+00    1.9034E+01    7.3360E+00    1.2247E+01   
 2.4830E+02    5.2471E+01    5.9780E+01    2.3796E+01    1.9277E+01    2.0656E+01    7.9232E+01    5.7667E+01    1.8152E+01    4.9400E+00    1.8871E+01    7.4681E+00    1.2178E+01   
 2.4887E+02    5.2464E+01    5.9789E+01    2.3837E+01    1.9215E+01    2.0670E+01    7.9210E+01    5.7699E+01    1.8181E+01    4.9400E+00    1.8973E+01    7.5949E+00    1.2178E+01   
 2.4937E+02    5.2470E+01    5.9789E+01    2.3851E+01    1.9252E+01    2.0707E+01    7.9218E+01    5.7699E+01    1.8200E+01    4.9400E+00    1.9055E+01    7.3465E+00    1.2230E+01   
 2.4987E+02    5.2488E+01    5.9800E+01    2.3851E+01    1.9242E+01    2.0757E+01    7.9218E+01    5.7715E+01    1.8225E+01    4.9604E+00    1.8953E+01    7.3571E+00    1.2230E+01   
 2.5037E+02    5.2477E+01    5.9803E+01    2.3902E+01    1.9283E+01    2.0773E+01    7.9235E+01    5.7715E+01    1.8225E+01    4.9400E+00    1.8973E+01    7.3465E+00    1.2230E+01   
# Time (s)      T1w (C)       T2w (C)       T1a (C)       T2a (C)       T1r (C)       T2r (C)       T3r (C)       T4r (C)       P1 (bar)      P2 (bar)      Ic (amp)      Qc (l/min)    
 2.5097E+02    5.2477E+01    5.9813E+01    2.3876E+01    1.9316E+01    2.0796E+01    7.9234E+01    5.7715E+01    1.8256E+01    4.9400E+00    1.8871E+01    7.4047E+00    1.2178E+01   
 2.5147E+02    5.2501E+01    5.9825E+01    2.3827E+01    1.9332E+01    2.0796E+01    7.9242E+01    5.7713E+01    1.8279E+01    4.9604E+00    1.8912E+01    7.3835E+00    1.2178E+01   
 2.5197E+02    5.2501E+01    5.9830E+01    2.3821E+01    1.9384E+01    2.0842E+01    7.9230E+01    5.7712E+01    1.8302E+01    4.9808E+00    1.9136E+01    7.3941E+00    1.2178E+01   
 2.5247E+02    5.2491E+01    5.9830E+01    2.3821E+01    1.9243E+01    2.0862E+01    7.9236E+01    5.7712E+01    1.8330E+01    4.9604E+00    1.9116E+01    7.4047E+00    1.2161E+01   
 2.5304E+02    5.2493E+01    5.9824E+01    2.3836E+01    1.9416E+01    2.0892E+01    7.9236E+01    5.7706E+01    1.8346E+01    4.9808E+00    1.9095E+01    7.6319E+00    1.2195E+01   
 2.5354E+02    5.2507E+01    5.9844E+01    2.3884E+01    1.9313E+01    2.0911E+01    7.9216E+01    5.7716E+01    1.8388E+01    4.9808E+00    1.9095E+01    7.4945E+00    1.2178E+01   
 2.5404E+02    5.2507E+01    5.9859E+01    2.3892E+01    1.9313E+01    2.0945E+01    7.9174E+01    5.7741E+01    1.8388E+01    4.9808E+00    1.9014E+01    7.6267E+00    1.2143E+01   
 2.5454E+02    5.2519E+01    5.9885E+01    2.3915E+01    1.9371E+01    2.0945E+01    7.9133E+01    5.7774E+01    1.8406E+01    4.9808E+00    1.9095E+01    7.6267E+00    1.2178E+01   
 2.5515E+02    5.2511E+01    5.9892E+01    2.3930E+01    1.9393E+01    2.0955E+01    7.9118E+01    5.7769E+01    1.8446E+01    4.9808E+00    1.8973E+01    7.3518E+00    1.2178E+01   
 2.5565E+02    5.2514E+01    5.9892E+01    2.3937E+01    1.9359E+01    2.0984E+01    7.9115E+01    5.7769E+01    1.8468E+01    5.0011E+00    1.9136E+01    7.4311E+00    1.2213E+01   
 2.5615E+02    5.2522E+01    5.9892E+01    2.3937E+01    1.9350E+01    2.1007E+01    7.9115E+01    5.7766E+01    1.8485E+01    5.0011E+00    1.8993E+01    7.3571E+00    1.2143E+01   
 2.5665E+02    5.2528E+01    5.9910E+01    2.3955E+01    1.9404E+01    2.1010E+01    7.9116E+01    5.7773E+01    1.8485E+01    5.0215E+00    1.8953E+01    7.5685E+00    1.2195E+01   
 2.5722E+02    5.2528E+01    5.9931E+01    2.3909E+01    1.9415E+01    2.1037E+01    7.9136E+01    5.7771E+01    1.8494E+01    5.0215E+00    1.9116E+01    7.4787E+00    1.2161E+01   
 2.5772E+02    5.2515E+01    5.9903E+01    2.3886E+01    1.9399E+01    2.1037E+01    7.9171E+01    5.7768E+01    1.8514E+01    5.0215E+00    1.8932E+01    7.3782E+00    1.2230E+01   
 2.5823E+02    5.2516E+01    5.9901E+01    2.3889E+01    1.9364E+01    2.1058E+01    7.9206E+01    5.7768E+01    1.8558E+01    4.9808E+00    1.9014E+01    7.4681E+00    1.2195E+01   
 2.5873E+02    5.2528E+01    5.9901E+01    2.3889E+01    1.9434E+01    2.1070E+01    7.9206E+01    5.7776E+01    1.8590E+01    5.0011E+00    1.9095E+01    7.3941E+00    1.2143E+01   
 2.5932E+02    5.2512E+01    5.9915E+01    2.3872E+01    1.9471E+01    2.1095E+01    7.9214E+01    5.7774E+01    1.8629E+01    5.0011E+00    1.8993E+01    7.5474E+00    1.2213E+01   
 2.5982E+02    5.2514E+01    5.9918E+01    2.3866E+01    1.9458E+01    2.1103E+01    7.9239E+01    5.7790E+01    1.8640E+01    5.0215E+00    1.8932E+01    7.3730E+00    1.2161E+01   
 2.6032E+02    5.2514E+01    5.9906E+01    2.3846E+01    1.9458E+01    2.1122E+01    7.9230E+01    5.7778E+01    1.8640E+01    5.0215E+00    1.9075E+01    7.5368E+00    1.2178E+01   
 2.6082E+02    5.2511E+01    5.9909E+01    2.3838E+01    1.9420E+01    2.1138E+01    7.9248E+01    5.7821E+01    1.8678E+01    5.0215E+00    1.9157E+01    7.3782E+00    1.2213E+01   
 2.6139E+02    5.2510E+01    5.9916E+01    2.3858E+01    1.9437E+01    2.1142E+01    7.9248E+01    5.7821E+01    1.8700E+01    5.0419E+00    1.9197E+01    7.6108E+00    1.2230E+01   
 2.6189E+02    5.2528E+01    5.9931E+01    2.3874E+01    1.9508E+01    2.1168E+01    7.9266E+01    5.7823E+01    1.8723E+01    5.0623E+00    1.9014E+01    7.4311E+00    1.2213E+01   
 2.6239E+02    5.2530E+01    5.9935E+01    2.3920E+01    1.9494E+01    2.1172E+01    7.9266E+01    5.7813E+01    1.8741E+01    5.0419E+00    1.8993E+01    7.6161E+00    1.2178E+01   
 2.6289E+02    5.2530E+01    5.9937E+01    2.3917E+01    1.9442E+01    2.1184E+01    7.9265E+01    5.7801E+01    1.8741E+01    5.0419E+00    1.9177E+01    7.4100E+00    1.2213E+01   
 2.6349E+02    5.2501E+01    5.9949E+01    2.3961E+01    1.9442E+01    2.1181E+01    7.9262E+01    5.7788E+01    1.8751E+01    5.0419E+00    1.8973E+01    7.5474E+00    1.2230E+01   
 2.6399E+02    5.2530E+01    5.9945E+01    2.4008E+01    1.9429E+01    2.1181E+01    7.9265E+01    5.7772E+01    1.8770E+01    5.0623E+00    1.8953E+01    7.4787E+00    1.2230E+01   
 2.6449E+02    5.2521E+01    5.9960E+01    2.4004E+01    1.9468E+01    2.1187E+01    7.9234E+01    5.7772E+01    1.8796E+01    5.0623E+00    1.9116E+01    7.5579E+00    1.2230E+01   
 2.6499E+02    5.2534E+01    5.9960E+01    2.4004E+01    1.9511E+01    2.1177E+01    7.9234E+01    5.7809E+01    1.8809E+01    5.0623E+00    1.9197E+01    7.4628E+00    1.2247E+01   
 2.6558E+02    5.2536E+01    5.9956E+01    2.4033E+01    1.9566E+01    2.1167E+01    7.9222E+01    5.7807E+01    1.8825E+01    5.0623E+00    1.9055E+01    7.5421E+00    1.2195E+01   
